0.00410781963728
0.00742406615367
0.00402064904726
0.0037086745336
0.00406617601402
0.0039504301191
0.00383271284712
0.00370283836188
0.0170605886184
0.00394233017384
0.00209994699496
0.00205563001024
0.00189026483955
0.0020997528142
0.00200523020855
0.00175428549604
0.00189602037426
0.00184265640564
0.0166485776426
0.00224403377312
0.00219263151909
0.00230222967609
0.00233915009691
0.00472119035354
0.00221131679912
0.0021406483138
0.00253888665854
0.0123622876514
0.00382512648745
0.00299153216959
0.00272757117637
0.00266494951211
0.0151883165042
0.0043953450319
0.00739339001787
0.00186121502581
0.00201709937149
0.0019037167076
0.00176215416286
0.00175295141525
0.00173782770677
0.00191553682089
0.00947776995599
0.00409726794654
0.00398900584939
0.00248005485628
0.00184237677604
0.0018319314889
0.00345363076
0.00320496681767
0.00320473014532
0.00313904664169
0.00225791649427
0.00207877267773
0.00311883135388
0.0028501895334
0.0107741400134
0.0019985640732
0.00189424368242
0.00923137913923
0.00390560284722
0.00230648869183
0.00199502694886
0.00180231682801
0.00198070231514
0.00221698735064
0.00198261777405
0.00184905222462
0.00259918191781
0.00226455666901
0.00214009483655
0.00222580356058
0.00191353218785
0.00199632121561
0.00181976150876
0.00215452148889
0.00181210048807
0.00951913367802
0.00220361099734
0.00189315519917
0.00186709252497
0.00193099285631
0.00239163602237
0.0129985490348
0.00919905429085
0.00360086300255
0.00360338428679
0.00306558834079
0.00187021338691
0.00179099330368
0.00174814245353
0.00180254748557
0.00177203328349
0.00179570742572
0.00175484320304
0.00181326002348
0.00180169761491
0.0022399945107
0.00201353260006
0.00194607601346
0.00179276429116
0.00178638217039
0.00174724132133
0.00173541546489
0.00176337904607
0.00385592885626
0.00198221202784
0.00288336836578
0.00269335702372
0.00523113897847
0.00292952401408
0.00242972020836
0.00228090894719
0.0022135937276
0.0107390256599
0.0047213084763
0.00236795171319
0.00224721784859
0.00287961307913
0.00358263767945
0.015522028824
0.0033728130317
0.00390066350034
0.00481545459479
0.00266273886276
0.00250684050843
0.00251643239365
0.0027777083839
0.00303084628346
0.00239966413937
0.00231150801604
0.00229079031851
0.00230410989995
0.00240262586158
0.00246788029714
0.00281101294483
0.0103813617801
0.00389634130988
0.0021567948473
0.00194465085709
0.00183421970966
0.00177022969971
0.0101572085017
0.00389648702306
0.0022396632703
0.00210540109159
0.00196080782916
0.00196219833257
0.00270367336149
0.00225777054826
0.00266665255185
0.00188266730402
0.00189694645815
0.00191299295208
0.00175682660968
0.00182212652483
0.00188895082101
0.00268237389779
0.00372907659039
0.00235347170383
0.00267466634978
0.00250806977662
0.00255049703022
0.00253987576191
0.00235537544359
0.00227346034565
0.00207145748815
0.00197054616486
0.00190952622021
0.00961226729365
0.00395540889197
0.00902423545872
0.00309118197765
0.00294970569666
0.00299237901345
0.0028079264254
0.00250216200948
0.00240510566315
0.00218664008813
0.00208913798754
0.00363003513
0.00430745480117
0.00217926432378
0.00254974296938
0.00253641496723
0.0025617503173
0.00243882365369
0.00219959610452
0.00260873534717
0.00240256617932
0.00220029548897
0.0105916128183
0.00213903413775
0.00186959370816
0.00239431202256
0.00213749396304
0.0022735639941
0.00381894440701
0.00199112769527
0.00200803601183
0.00246079883072
0.0020359166665
0.00181488471571
0.00876535684802
0.00231335471229
0.00194522641444
0.00258536050872
0.00441793926682
0.00374496518634
0.00219516114642
0.00194560134939
0.00190584202452
0.0164135866023
0.0026604111384
0.0117207622
0.00380303233396
0.00243653562696
0.00199815770611
0.00184867604791
0.00193472051372
0.00216367518684
0.00203360267915
0.00179334516482
0.00193261281432
0.00233682415759
0.00221746546837
0.00221119262278
0.00221472827252
0.00211535681349
0.00179159117397
0.002013997136
0.00187685631681
0.00198579459296
0.00179387101283
0.00179921036276
0.00890014087781
0.00415742719391
0.00220576863891
0.00261894854096
0.00195291033015
0.00272727148452
0.00229529935556
0.0024672067569
0.00340253351411
0.00291763669035
0.00310798315331
0.00289086031262
0.00470590013234
0.0022519727936
0.00211339571979
0.00257059046999
0.00343023104748
0.00278707329805
0.00255212168364
0.00277319534992
0.00307975166166
0.00287113365872
0.00282012151244
0.00300273303098
0.00571671318418
0.00391826371197
0.00368544932765
0.016624612074
0.00397134265707
0.00569581170566
0.00374705099966
0.00298265689829
0.00243902784617
0.0022194115057
0.00219585486533
0.00307970835517
0.00268622099732
0.0026461436258
0.00239092313374
0.00480938435067
0.00247769764004
0.00243874282266
0.00249903932369
0.00287037234133
0.00287221116014
0.0132284904054
0.00385406500815
0.00213563473274
0.00213496515062
0.00228540032791
0.00225403819543
0.00233195400021
0.00189615429069
0.00344427061888
0.00265779726518
0.00250391584511
0.00241421496806
0.00355905895898
0.00317966313256
0.00332130596507
0.00332192052156
0.00354469245455
0.00299553289854
0.00288390170317
0.00290622368144
0.00290847546421
0.00287741996969
0.00283024871411
0.00282651034649
0.00218905314493
0.00290029267004
0.00256765517406
0.00293055168974
0.0130713252972
0.00706055597402
0.00192643725313
0.00362596540557
0.00256737725188
0.00243048280633
0.00231391133275
0.00219906653122
0.00991598248948
0.00219198102908
0.00194848980755
0.00222472730093
0.00192102211683
0.0103874933362
0.00296597889004
0.00186006243651
0.00228702948274
0.00214328698348
0.00207011750899
0.00215795112308
0.00224614488737
0.00500868233698
0.00212537889213
0.0101187661833
0.00212666349641
0.00213918062703
0.00192403506177
0.0023664618299
0.00226605128652
0.00214185515263
0.0103438784524
0.00197199980418
0.00193412632992
0.00184398361792
0.00439365134418
0.00258709381645
0.00248279018948
0.00250347726978
0.00255886969777
0.00245277610763
0.00317416654434
0.0028942284019
0.00274381763302
0.00324241956696
0.00326271882901
0.00217942784851
0.00422678585165
0.0169986881471
0.00973532131563
0.00202242164717
0.00287985991842
0.00277542167654
0.00261302878304
0.00246789915642
0.00269758282229
0.00271079080024
0.00256360108809
0.0034298133105
0.00383218831849
0.00285217165947
0.00265910197049
0.00341277868332
0.00227799332545
0.00236001831945
0.00232417931935
0.00225042264598
0.00313251256012
0.00297984915475
0.0145315305175
0.0061459884746
0.0029292475665
0.002892122992
0.00331927665199
0.00317590951454
0.013816461782
0.0038192505405
0.00778180368556
0.00228923213824
0.00211620617968
0.00802999397275
0.00273446575738
0.00294066321415
0.0027206207936
0.00272118005281
0.00285740064767
0.00274985520324
0.00282871855112
0.00298720648667
0.00305057169559
0.00284530730763
0.00279156281613
0.00275433699911
0.00264954819189
0.00260454889697
0.00293531866434
0.00229437932527
0.00226528896019
0.00213863894654
0.0103270426237
0.00406503052606
0.00231813406572
0.00195155700203
0.0020294386583
0.00199661683291
0.00225691516729
0.00199832344273
0.00193602250268
0.00228145831109
0.00193720698978
0.00211353083917
0.00183377717622
0.00201715315537
0.0018976504604
0.00175745750312
0.00179361874082
0.00208878924604
0.00215773882034
0.00224705370298
0.00250491756014
0.0027952590414
0.00276627934848
0.0131082689622
0.0047637191601
0.00232732237782
0.00211629015394
0.00218217451281
0.00197575916536
0.00329216445486
0.00252328421144
0.00215054966975
0.010910218698
0.0038469225401
0.00223977623197
0.00193767777334
0.00222833396401
0.00217127799988
0.00425607350189
0.00604892095241
0.00281114620157
0.00327231618576
0.00318803110471
0.00211069818276
0.00217871554196
0.00209427050625
0.00186790102938
0.00194572517648
0.00226477801334
0.00196687438681
0.00195279391483
0.00886082816093
0.00526412091373
0.00333152428114
0.00197220516081
0.0022644798737
0.00189808038219
0.00336332871424
0.00185324562092
0.00221479362032
0.00202544316805
0.00931560255897
0.00218626682181
0.00198686964965
0.00186324352398
0.00226330047007
0.00226052190798
0.0164759128432
0.00545940734447
0.00535803847015
0.00337167037651
0.00199295134128
0.00172881324154
0.00194563282033
0.00215737238371
0.00197789604621
0.00184317305684
0.00186146333969
0.0018407223591
0.0092391022481
0.00392128251648
0.0024746406901
0.00210478866938
0.00201634329278
0.0022381831271
0.00183171728471
0.00211747689173
0.00200232316274
0.00244646344799
0.00925026496407
0.00398782252644
0.00221222720575
0.00196401530411
0.00196060670229
0.00184869448034
0.00185067280351
0.00170562082591
0.0069247999539
0.00192068734517
0.00185052561574
0.00172070437111
0.0113449393539
0.0123269583176
0.00200518899752
0.00347767137767
0.00243440348034
0.00280069299818
0.00249182867507
0.0114711369776
0.00383435752398
0.00221435783897
0.00184643633353
0.00189089099876
0.00191514380276
0.00221283504895
0.00186044963387
0.00180601549801
0.0016120459574
0.00185104684594
0.00181956919065
0.00198135125296
0.00176517886575
0.00962844184444
0.00198918014454
0.00601006105232
0.0059575868072
0.00288263863574
0.00285173626616
0.00491112400778
0.00298351227927
0.0029206588321
0.00286095356569
0.00280848300705
0.00271952982681
0.00279678881634
0.00303240818903
0.00296648281316
0.00538369679513
0.00223025501085
0.00823995548611
0.00236159384561
0.00321098067798
0.00220629906592
0.00188996631187
0.00239215166463
0.00221829322012
0.00222048085804
0.00205855436313
0.00227246518868
0.00215391950526
0.00204523912786
0.0020711425459
0.00333755129638
0.00411615563401
0.0032805899779
0.0103905488504
0.00382206204813
0.0041721703019
0.00240932416637
0.00238821213134
0.00214069782911
0.00222905690316
0.00227972857343
0.00212601618841
0.00215541761524
0.00216864150328
0.00209890694047
0.00384753666974
0.00206299793596
0.00639336851116
0.00469053734559
0.00276782352012
0.00270963646472
0.00284663770193
0.00251496986796
0.00270301379108
0.0026329686322
0.00258805342795
0.00255581651193
0.00276031449903
0.00258276956932
0.00267604067146
0.00230350861481
0.00204658209501
0.00199322146364
0.00220245359621
0.00358158935948
0.00215370669806
0.00209352393479
0.00228381591538
0.00978866145792
