0.0193067051781
0.0153990118221
0.0926274941691
0.00963694866125
0.0190876698277
0.0140411040047
0.00845084021178
0.00928618976225
0.0159785612874
0.0122071736648
3.00656917893
0.0564614575512
0.00593089541265
0.92291747767
0.0141382791723
0.00430210567235
0.00598560762592
0.00809146262084
10.606505722
0.01124866722
0.00654619800237
0.00664543554497
0.00845083210152
0.00507381022908
0.00741166435182
0.00641054885151
0.0082685855062
0.00723976288768
0.0116717298515
1.66388809836
0.0107869706505
0.0100485094978
14.492945508
0.132711015991
0.249831290993
0.0138908891628
0.00709548646894
0.00673265064447
0.00419961781396
0.00700057371675
0.00565092960218
0.00653183836645
0.00567846656001
0.0205879235097
0.0120463300652
0.170184056934
0.00669332430698
0.00928341585678
0.106781872145
0.0117999981546
0.00689047982451
0.0106897938919
1.47027285218
0.00787670483501
0.0718756375136
0.0123728386437
0.320814397923
0.00984177319333
0.0049628278551
0.00564359182802
0.0191350346819
3.04357134233
0.05956897547
0.00622017316831
0.0114863595227
0.279320934555
0.00498476826275
0.00454198080115
0.217936333114
0.200760254365
0.00490552664269
0.958435097942
0.00528542957424
0.0074879908158
0.00453320258142
0.0116653922402
0.00456558482256
0.00455794634763
2.98016646144
0.0571637028285
0.00692147381292
0.0058204731516
0.0093357024792
6.07469756117
0.0806252405745
0.0108730105373
0.242856533422
0.0179752458741
0.0060024675137
0.00429000181612
0.00415888118247
0.00691746819454
0.00993106199893
0.00431230400378
0.00560449370339
0.00413837900851
0.00435780046974
0.447681719399
0.00490301750445
0.0104037350587
0.00459397716137
0.00562105840073
0.00448849366512
0.00563868480579
0.00570571566155
2.66388704729
0.00501337763853
0.0825394134736
0.015110569618
3.65658747234
0.124158669729
0.0107549603563
0.00682105453839
0.00694844398336
0.0081791257641
2.47081478452
0.00890722207259
0.00614915912351
3.60243229544
0.876004527673
5.69678492025
0.0988128900063
0.100442501367
0.401506136288
0.0109874986811
0.00620685948525
0.00557590419582
0.369158876478
0.00590472501548
0.0104118501767
0.00904338046287
0.00683351668219
0.00704616700144
0.0105881726292
0.305522585404
0.00802519172431
0.00772015016992
0.0118590456744
3.15154883149
0.0565404404964
0.00526744414432
0.00565736795155
0.196139519336
0.0128585641505
2.90309082119
0.0614376040176
0.00845411070622
0.00705374917016
0.262600277744
0.0114780863514
3.01175830164
0.0814823607991
0.00614706333727
0.0140648775268
0.0046219433813
0.00731090852059
0.00598327283903
3.71960293952
0.123130636949
0.0085782901151
0.00512003898621
0.00626743965161
0.00910065536543
1.55172041811
0.00892247255736
1.72906937737
0.00882999878376
0.00643825084747
0.00516821230606
0.00595709875537
0.0154112073748
2.92270874849
0.060226811717
0.00761533284094
0.0120790752893
0.00630724849179
1.84421451351
0.00783032803641
0.00937163662941
0.00684757996351
0.00541623596412
0.00597490537136
0.00745927499762
0.00574178687142
0.00490075633085
0.0102296860035
0.00574824633077
2.29357332573
0.244265613573
0.0152537255005
0.00520121267376
0.00501875575477
2.10454531487
0.00509232278758
0.00531226334473
1.54917052753
0.100535402036
5.93899456998
0.0101440885725
0.00599666397709
0.511900546301
0.00740701848796
0.00452354659016
0.0043732902656
1.61745671113
0.00831618198815
0.237711431226
1.48407506621
4.40649999251
0.0120086426226
0.0193790703391
0.00453496049158
11.5656297994
0.015177919413
0.01020194788
0.0159364217349
3.00903714332
0.0536118863771
0.00994861211318
0.00660516143155
0.290286623679
0.00635348268163
0.00455589782602
0.00714439743508
0.00764104285433
3.82362581949
0.15276343554
1.72450366139
0.00625869771466
0.00481783198969
0.00506913281667
0.0100688658422
0.00644562405068
0.00691782170906
0.00584635468355
0.00428466848098
0.0190870953181
3.06895433052
0.0537280819845
0.0071271416576
0.911200732265
0.00869977121086
0.00676316833899
0.752647071689
0.00631254604862
0.0136090142575
0.00663662399165
5.20039602734
0.00986219802871
0.00530579201101
0.0049566293601
2.87891017471
0.0175912256042
0.00575185970714
0.00621752766892
0.0121686449662
0.00795222034988
0.0065784935141
0.0123238801801
0.105496656266
0.103646051837
0.0179169029774
0.00801827673179
0.0186224961653
3.042387672
0.0634636405157
0.0125273710194
0.993235077787
0.00721023080404
0.00776347653784
0.682956975419
0.0075149096859
0.0133937970968
0.00561658999262
5.16680089295
0.0192168925035
0.00553240921969
0.00540107267443
2.89970355066
0.0207300936648
0.00681630386195
0.0119503131136
2.94800502213
0.117254448822
0.0111839316863
1.05748796028
0.00523791151742
0.0075790232125
0.717627678338
0.00581467539693
0.00935468120345
0.00895128814348
5.10677098572
0.0187138525071
0.0115896651599
0.00710785253129
2.97836251417
0.0618321505219
0.00788256747183
0.0135198764425
0.00646661788536
0.00847252764895
0.00791160250083
0.00952264297909
1.48813417399
1.41754408204
0.00818113322991
0.00737850465036
0.00645794797068
1.60086788229
0.00527788465843
0.115633797948
0.00817619985901
0.00693281006534
0.00547760899644
0.164364977623
0.00661154529855
2.089261907
0.00918890194347
2.85891056336
0.00629696436226
0.182377185983
0.454926414609
0.00536624330562
0.00863802805543
0.00558644416742
0.00753573863768
0.00639540865086
0.010550671878
0.00538252398838
0.00524770348177
0.0049945161057
3.0680829663
0.0564772026458
0.00828812333445
0.00726910630086
0.00821773327577
0.00518791556048
1.00248279597
0.00639409692182
0.00683868754035
0.00715677409122
0.0198876231831
0.107914906344
0.00678227104557
0.00658563415831
0.00925441773142
0.00951068394351
0.0709364635016
0.098201130478
0.00636210800925
0.00939872224505
0.00870282672501
4.56738202087
1.13278299488
0.317680359081
2.11087228556
0.00530560819122
0.564702716656
0.0722063827949
0.0148309078067
0.00587082619313
0.00569819270944
0.00595531903673
3.8216425357
0.0659632072396
0.303319593659
0.00654723514647
0.00608821911737
0.878072203253
0.00536689678362
0.0153574623788
0.00511272868607
0.0755531783215
0.0802148785054
0.0068176696465
0.00635535269976
1.62141440588
0.00845103571192
0.00645281952651
0.272929055383
0.0274857601617
6.29932783885
0.0159743943562
2.04490274552
0.00560846882096
0.00662336956399
3.54149503548
0.0119287295577
0.00935133267194
0.00657015833227
0.00646447669715
0.0131965329638
0.00635932405324
0.00900230246285
0.422711447813
0.00979398369478
0.00932540317686
0.192093596017
0.00899882618493
0.00903925416061
0.00707041534284
0.468480694302
0.00534793330977
0.00499038305134
0.00509420355471
0.00909696422361
0.0189586343477
3.20443014397
0.0564828019512
0.0108434112044
0.00952961431661
0.292589829497
0.00709579881126
0.00443984859158
0.223284558005
0.00473064471347
0.330942520872
0.03338140517
0.00887423020322
0.00637551754092
0.00484953164899
0.00484523631167
0.00600772432517
0.00784494227263
0.00955337068687
0.107459967529
0.101373519128
0.00635457283352
0.0132037284008
2.92752813781
0.0537367928385
0.00600502896123
0.00763377555025
0.00492732700271
0.305430212873
4.76861454356
0.0115256779439
0.00789845983187
0.0161020387119
2.04171506998
0.00508499355055
0.549735722249
1.53186401569
4.66202176863
0.10730347728
0.0075843312079
0.00674675005333
0.0130277600838
0.908630910794
0.161062836647
0.0104460044531
0.00629373127595
0.0216637514532
0.151589285505
0.00477462568476
0.00859612924978
0.00445539166685
1.59603393543
0.00658394427349
0.00870640917371
2.03352229666
0.00487778879081
0.00460078497417
0.00507993216161
1.33984526934
0.0816491669587
0.00456652417779
2.41914578683
0.00779668082638
0.0067626440432
3.43371933365
0.84168629651
5.39882857504
0.0957841608519
0.105167869207
0.408043553859
0.00663491804152
0.00488497351762
0.00709043540216
0.357170953997
0.00481858496399
0.0101814421748
0.00794014129012
0.00630558755559
0.00590100100575
0.0118875337066
0.168746525344
0.00700291164685
0.00615468850204
0.315527248313
0.00472598647078
0.0809521829166
0.00766900146846
0.486557960976
0.0049514582303
0.016477298496
3.04519048135
0.0536453893486
0.0082863555678
0.00584174618901
0.00638133403846
0.0072446897005
2.90270869318
0.00809525419026
0.00452391065968
0.00488747303219
7.61669282332
0.947704019646
0.00544055198164
0.00496804298988
1.55754409994
0.0708022052422
0.00713634700514
0.0102256556274
0.0116795619639
3.13937733132
0.0567044584701
0.00617518466121
0.00817999313585
0.295668149328
0.00485970219597
0.00431942066644
0.00420783568794
0.00563129584771
0.00861212304638
0.00701348456399
0.00435139685093
5.96209665357
0.00968006986657
0.0714196544917
0.0915817471687
0.00660231437845
0.00624830617259
0.00753434169262
0.0174116398363
0.00634798783964
0.00609690249742
0.00726404797752
0.00595930668836
0.00759518996346
0.0197345383931
0.00641467829701
1.30815613154
0.115899690194
0.0635487970042
1.10953727077
0.101475604926
0.744041646831
0.00635574560147
0.128674729844
0.0065549070326
0.00634921664217
0.00769589263169
0.0107208668875
0.00514033747216
0.00483030049751
0.00472924582815
0.0738988286272
0.106449133018
3.536744877
0.0106341869881
0.0119969601898
2.95112798499
0.0551611689928
0.00647098800013
0.00507950600392
0.00796891201751
0.0108851836994
0.00496098469011
0.00631884745477
0.00498510004642
0.00499735823056
5.61361575169
0.00990998733322
0.0565972714297
0.0885707504737
0.0100414609381
0.00603795420223
0.0127654469494
0.0059465173011
0.00743869447616
0.00605580637542
0.00967345685543
0.00592948356643
0.012299304052
0.0080172259283
0.00733301866179
1.22420373835
0.00874616904184
0.0638811699658
1.04792359685
0.107259269183
0.736134641454
0.00877033445673
0.152061450994
0.00535479230651
