0.00594108869943
0.0058412248424
0.472287297287
0.00435048384437
0.00567968147031
0.00535347270003
0.0043039243125
0.00430258836908
0.00500092822282
0.00475274581307
24.3645260193
0.00995102866243
0.002121945067
6.90773179801
0.00256209444099
0.0020487185102
0.00229645803726
0.00220005947631
103.239281359
0.0037929933751
0.00328706282501
0.00339206172308
0.00421014214711
0.00530773529317
0.00241935982679
0.00259460683446
0.00318556267303
0.00311245163903
0.00513560286102
15.4340216541
0.004389329697
0.00373360665981
194.828806028
0.741760388521
2.11402055229
0.00259189447388
0.00266095534122
0.00241692798833
0.00193149328697
0.0023440134634
0.00219158098722
0.00234317046125
0.00221452396363
0.00739616516512
0.00509040837642
1.33051596532
0.00244759003787
0.00252805906348
0.702234043623
0.00429906529219
0.00355089533453
0.00407755099392
13.5003392409
0.00294978012486
0.223862421311
0.00432793966805
2.54452391935
0.00296755573557
0.00213506503496
0.00227135330594
0.00583341449965
25.4641296348
0.00367953306219
0.00215787518149
0.00381009366053
3.01479993415
0.00218425823065
0.00202408918024
1.91517386294
0.00263009631696
0.00249632603178
9.50870990804
0.00216335667452
0.00258449620257
0.00212115216224
0.00374894294267
0.00214538901734
0.00203427912978
23.3645476361
0.00598829996307
0.0025736792013
0.00257948696768
0.0040905996769
50.1269688735
0.326490794153
0.00414012201751
1.77038638174
0.0193020579561
0.00254635567156
0.00209062197245
0.00202385588394
0.00255767818696
0.0028087075334
0.00194642234904
0.00225385080557
0.00209563101331
0.00199267935629
3.68078842759
0.00214737774028
0.00347473045501
0.00212656683288
0.00229164779497
0.00199570052791
0.00212002603803
0.00221590100167
24.5645202015
0.00215366199457
0.224712851651
0.0044039155279
22.2689762543
0.719146849782
0.00436277478002
0.00291779163914
0.00286193289018
0.0032224439783
23.9683052204
0.00269278142757
0.00256369969187
45.5111393401
9.22283400672
59.1233538004
0.445188452296
0.568585641178
3.76758430673
0.00416493834928
0.00302833326471
0.00283156513857
3.92266433278
0.00584761650922
0.00297239453842
0.00318213431941
0.00276738766115
0.00293310848065
0.00324260486135
2.89777749722
0.00538808549754
0.00246449769474
0.00514930083106
24.0004588413
0.00615419497869
0.00210439968699
0.00247587950434
2.06538172481
0.00676212417118
26.7503690865
0.00799342621273
0.00228121182105
0.00282264496976
0.937401803094
0.00365615496412
32.2738224065
0.00214510232521
0.00253791334884
0.0152699033497
0.0020540197147
0.00295246012198
0.00255419585543
32.7478191233
0.00324062234722
0.00320946828773
0.00295097629229
0.00276276119985
0.00304063716127
12.0650011631
0.00323799698769
15.4484650337
0.00263205019292
0.00249777152203
0.00218156616514
0.00224259806176
0.00541561193919
32.5951499838
0.0372973545066
0.00340408998697
0.00518775168652
0.00314144029593
20.8353436148
0.00287540396675
0.00313619167233
0.00278161714474
0.00238667121933
0.00675536952137
0.00258993582489
0.00524039919644
0.00276168334918
0.00313225384646
0.00278843799606
27.2176658088
2.14792854327
0.00581290945411
0.00251297268551
0.0024132929199
15.6456644268
0.00209602236282
0.00353874110928
16.6621429863
0.00319421322395
48.8200945672
0.00359017281638
0.00355780151828
4.25290130952
0.00288163719233
0.00215197304108
0.00208355936532
12.4751097863
0.0022949707151
2.1389799496
14.6099287798
41.0500491567
0.00507294902733
0.0205910488342
0.00213594284529
77.6852295921
0.0130375259711
0.00316726261129
0.00521303364076
25.0166045253
0.00918261404148
0.00365904249096
0.00256852689199
3.22450581527
0.00250869531495
0.00204226421192
0.00264505304707
0.00291254732292
31.9988635597
0.00360035915704
12.7666794365
0.00259286949101
0.00207075651269
0.00205486267805
0.00307753852879
0.00235133850947
0.00222552396978
0.00218632762941
0.00203608197626
0.00623341548877
32.7713497297
0.0165793858081
0.00271550771625
8.84644887736
0.00331229844596
0.00283802770233
8.24682229765
0.00337194996731
0.00506696442608
0.00319556236112
59.4238150257
0.00280512981893
0.00238294581262
0.00246384111233
36.5429414944
0.00884453498292
0.00293634699968
0.00315326165097
0.00453717354685
0.00359024095815
0.00314421664613
0.00385229367142
0.508163382027
0.567302225933
0.00512801397902
0.00402262061834
0.00645381196712
30.8981283623
0.0384763536664
0.00499643094373
8.62055253866
0.00296562937243
0.00305093832624
7.83892600401
0.00329249162072
0.00470386247616
0.00285318035943
54.7900190334
0.00507956199968
0.00267231181109
0.00266930328993
35.6307456702
0.00801725002626
0.00323175041315
0.00492643250618
31.260586232
0.0156010371478
0.00420320550135
8.4405903907
0.00353060061267
0.00281615613494
7.84414217823
0.00294094133036
0.00384374467346
0.0033789735365
55.7311626628
0.0108194027174
0.00468704601129
0.00367975514382
34.3071919615
0.00369589100592
0.0033190031536
0.00503496965393
0.00319033764147
0.00355067406781
0.00344548312326
0.00363059151762
13.5024217528
13.3205287061
0.00325227462842
0.00360543719338
0.00323861216505
12.2470130675
0.00222713950401
0.817335064095
0.00348667633564
0.00304954797806
0.00263050206316
1.78316262352
0.00235715069963
19.709593287
0.00353502486056
27.9010072413
0.00230904505588
1.36724101054
6.67371828385
0.00220529032716
0.00311954851107
0.00246724354413
0.0026503871583
0.00239520287141
0.00310683696686
0.00246474461164
0.00237728403105
0.00235438335221
23.7705914037
0.00634751305915
0.00313692198445
0.00400001901048
0.00347862039537
0.00250328995753
7.56451599556
0.00221606444878
0.00244261832753
0.00242798639617
0.0166564898876
0.00351494880548
0.002820914456
0.00283267333483
0.00324570616552
0.00317499806018
0.174452499991
0.00337504362687
0.00316062647228
0.00635503616649
0.00360046063239
40.1011019198
11.2376932226
3.97253086274
22.3418768078
0.00226502516307
8.04507596667
0.0865287162985
0.00497378470997
0.00270968532035
0.00289475483199
0.00298483215738
52.5814159822
0.0192980818683
2.67689329137
0.00334543633895
0.00305445604802
7.22579339562
0.00257831905037
0.0047521876016
0.00258531367096
0.00259899002655
0.207733217161
0.00333625497296
0.0032426113418
15.3788316265
0.00361003074795
0.00318655876132
2.52448235033
0.0134272885043
82.2187186409
0.0074651808245
19.5750347406
0.00259500815689
0.00281332464268
37.1444415256
0.00425315349518
0.00440447750346
0.00317305885255
0.0030932064401
0.00479139286714
0.00316524878144
0.00386420513193
3.8196548662
0.00424119178206
0.00382602614506
1.54951620704
0.00335712280745
0.00317465052164
0.00296386738774
3.65085862922
0.00261016298706
0.00244663764412
0.00246293229672
0.00320928854247
0.00596535279571
24.9794507618
0.00694593515557
0.0037428571377
0.00369180203415
3.2576976798
0.00215289524446
0.00208485642603
1.85301859285
0.00210052464778
2.52146791446
0.00275045582869
0.00301810408321
0.00237266653373
0.00202370101275
0.00201172932672
0.00240646617021
0.00273079409575
0.00290171196684
0.00318318399756
0.00329173177791
0.00306777326235
0.00397489848547
31.7525304333
0.0185677498424
0.00253523044133
0.00327726115938
0.00228619284462
2.63363934894
59.18386891
0.0041211953309
0.00340296964472
0.00604661643349
16.4173366753
0.00232498592231
5.72856140028
15.6271199821
44.9264234121
0.141321147016
0.00331097232022
0.00359100278001
0.0105739035644
7.58194528408
1.43615963985
0.00310702633578
0.00241430938088
0.0216157940061
1.25915473983
0.00209337946338
0.00293482894388
0.00195928018851
13.0634075262
0.00230498037611
0.00282195885666
20.538547007
0.00214568467345
0.00214404511886
0.00216553538727
14.9369761851
0.128223587487
0.00223276799079
21.4233614462
0.00312395746975
0.00255270896014
39.7953174715
7.94674677689
52.0494495556
0.304275721001
0.543812697094
3.53332341913
0.00270779279527
0.00209778481318
0.0026658041946
3.45809958332
0.00217503899087
0.00268254747304
0.00252387012976
0.00234057564133
0.00223133724649
0.00496063497849
1.34930037129
0.00276939834778
0.00258361699525
2.65363213758
0.00216178254535
0.171538948586
0.00262532453053
2.67099574685
0.00220348748068
0.00505726361492
23.9230192248
0.011744179142
0.00313630009381
0.00255374032228
0.00270298115599
0.00306789965058
25.8420159186
0.0030733658156
0.00210057171838
0.00200194760692
38.3537148218
4.24277846104
0.00235231236244
0.00209495429105
10.5879175562
0.110782376452
0.00313480683447
0.00358468123401
0.00480053868765
24.5573855258
0.00649864785373
0.00214840068171
0.00309421339383
3.17243471063
0.00211503667136
0.00204845513993
0.00196585687808
0.00228617297641
0.00276622090799
0.00241976518494
0.00205246401795
56.9113537647
0.00283066881821
0.0945223419695
0.676300929316
0.00325628583475
0.00304140119503
0.00332674667394
0.00577790002959
0.00326751704173
0.00311062962282
0.00312759331427
0.0030391929904
0.00335596175864
0.00467981937497
0.00307747888534
8.07014446566
0.00257315960092
0.0461258730695
9.60908279673
0.482148401361
6.47897460331
0.00246272503864
0.693777007827
0.00253533044209
0.00263683866554
0.00270937778987
0.00340212547841
0.00245465951351
0.00241268034248
0.00233435685126
0.21082978067
0.465825248548
24.8890349237
0.00404344270161
0.00470499729272
23.55141197
0.00909191183745
0.00249752398425
0.00238446088042
0.00345968284334
0.00400516274385
0.00250840718703
0.00283887439097
0.00249835747915
0.00237322994508
55.0863813654
0.00389996318457
0.0647175904596
0.711329783507
0.00424790770436
0.00298239065645
0.0038782703923
0.00298274448141
0.00316261950259
0.00292943802197
0.00342775819202
0.00294256493605
0.0037786521328
0.00297142852408
0.00310398428701
7.93096907503
0.00330958461078
0.0309349631425
9.43278075537
0.386925694727
6.34806401135
0.00330086673299
1.06845604112
0.00234388334987
