layer number :  15
219.117407465
0.0794383893721


0.024039968305
1.64196972017
0.0185507245284
0.0225719020236
14.878663655
0.0594588598275
0.193165988506
0.0225255786791
0.015007564992
0.0216303805161
0.0194755043291
0.0152864185123
0.0165349799985
0.0188186004525
0.018553057181


0.0122730293466
14.7311147963
0.0124297321308
0.012405407809
178.365594163
0.673364695162
2.16130396683
0.0122265630052
0.0121704821358
0.0122915093476
0.0122232836632
0.0124279508212
0.0122098156717
0.0123074383591
0.0122844552776


0.0120043006609
0.0123728660207
0.0118798258481
0.0120820333444
0.0134345883465
0.0124579318411
0.0126260176572
0.0117755346582
0.0119310705146
0.0119205696586
0.0118873391766
0.0120824999952
0.0126033795144
0.0121667750063
0.0409315883687
