layer number :  19
193.821541669
0.0875377054093


0.034496155975
2.96826578219
0.0256576448446
0.0172245421757
0.968902232845
0.0156632801518
0.0151024723503
0.0240231480178
0.0173709125374
11.1308587347
0.0204428186602
0.0156007460124
0.0152113391863
0.0169525308496
0.0183822009712
0.0259099830291
0.0155983410077
0.0154446431746
0.0153331261827


0.0124014888425
31.5027387687
0.0613524473156
0.0123767955229
8.96446099096
0.0121576704938
0.0121399089888
0.0121992116522
0.012225052303
138.161925567
0.0128215654986
0.0123490793243
0.0122035708046
0.012731550339
0.0130634623347
0.0151329571575
0.0120579569872
0.0121671404922
0.0122205406854


0.0119424021492
0.0123935838346
0.0118308036666
0.0119789626527
0.0119721106991
0.0118415301937
0.0130467716372
0.0118996308301
0.0118151531594
0.0126442008186
0.0120653698493
0.0120186696683
0.0128121799983
0.0125625711711
0.0118521475039
0.0117702676604
0.0119480996509
0.0118996041516
0.0368115478195
