layer number :  17
25.6224641746
0.0949310157913


0.018142134184
0.026362048171
0.132862658492
0.0156306315136
0.018703494318
0.0770813641527
0.0153573359906
0.0162067496567
0.0161091728563
1.30253447685
0.0170250645024
0.0419301470004
0.0155515886727
0.275799385835
0.01561195999
0.0165782811625
0.0147580290019


0.0122497869889
0.0123043971641
1.45889221518
0.0121233756848
0.0155292171791
0.807576382669
0.0121678471914
0.0121399250153
0.0121123791711
17.4828635598
0.0120777004825
0.381170591495
0.0122274953173
3.20735107816
0.0123420881767
0.0121167713466
0.0120417245198


0.0119665404975
0.0119653071742
0.011841156811
0.0118868041512
0.0118045901763
0.0118717408428
0.0118071973169
0.011829794986
0.0118482221345
0.0122699400332
0.0118837710082
0.012042532675
0.0119861326724
0.0120392576792
0.011870665825
0.0117427734852
0.0446706090006
