layer number :  18
54.703476415
0.0867238849867


0.0269532301657
2.93961872316
0.02611921132
0.0179295892012
0.0290574816754
0.283089845848
0.0155539799792
0.0151374181539
0.196890787163
0.0197432291655
0.0170803910005
0.901411911493
0.0160659250105
0.0215384861804
0.015076871321
0.0160775240316
0.0149031763431
0.0162954601886


0.012232528689
31.7791761562
0.0621849571859
0.0123123306548
0.013139521839
3.90227320763
0.0121010865163
0.0121072983602
2.13943307686
0.0121550144783
0.0120383720107
11.751991786
0.0120811529923
0.0122235338398
0.011887538014
0.0120809893318
0.0120213154975
0.012100528654


0.0119202877977
0.0123843845213
0.0121320403026
0.0118489003314
0.0120593763228
0.0119708328469
0.0119710019984
0.0123219844924
0.0121118778091
0.0118373723429
0.0118593443573
0.012779723329
0.0117520164931
0.0125021854959
0.0117023769805
0.0117766779925
0.0118147658068
0.0362460884886
