layer number :  37
149.892027444
0.144655965199


2.80151642118
0.0245069556598
0.0184318491568
0.0175243835353
0.0190255636892
6.07881085534
0.0393682229915
0.0181101763349
0.188268807329
0.0222028171799
0.016276648695
0.0167598477953
0.0161925188343
0.0150504769796
0.022802639966
0.0182398456964
0.0176316653573
0.0168275810235
0.0156205337068
0.540963847501
0.0189366566677
0.0163469783341
0.0177296390175
0.016381756325
0.0219953054911
0.0152936786568
0.0164760176752
2.87241351682
0.0168534936771
0.0418270675194
0.0195587819908
3.7780114852
0.0911063996804
0.0155494632005
0.0181444153422
0.0160451160045
0.0168546751957


24.1096562465
0.0489234100096
0.0122191458164
0.0123702885079
0.0123913176552
52.210288519
0.260086205031
0.0137457959742
1.75739185566
0.0188991983499
0.0126145348186
0.0120638968462
0.0122534293332
0.0122906510175
0.01228964451
0.0121844800112
0.0124348003301
0.0122800561366
0.0122973766605
4.19691659382
0.0121465518411
0.0120703286569
0.0120795019902
0.0122330113469
0.012089572032
0.012149214861
0.01210547615
25.5354197843
0.0121142038261
0.287800750288
0.0124139936524
23.543396716
0.702713911169
0.0121705675071
0.0122363476548
0.0121979616427
0.0122581707934


0.012364163665
0.0118267706712
0.0117937748243
0.0118048629762
0.011993285482
0.0127087066649
0.012019007816
0.0129543781902
0.0122064541598
0.0119498096368
0.0126175833672
0.0118251674964
0.0117862499901
0.0119220458631
0.0125902984873
0.0125121529563
0.0118291719894
0.0119934498216
0.0119672826647
0.0121482053267
0.01183159434
0.0122123323187
0.0117429760091
0.0118938388186
0.0119129019828
0.0119991341489
0.0118949470149
0.01258907601
0.0123163395134
0.0127888078568
0.0121258368211
0.0126984506496
0.0119426752984
0.0119340228072
0.012081930181
0.0119353235156
0.0487396926813
