layer number :  27
123.279397066
0.113705083192


0.0334041125025
2.97049385098
0.0231187779767
0.0165573306537
0.0165130521637
0.161003086502
0.0149005068233
2.86713641699
0.0199137905341
0.0153094698326
0.0185199695018
0.0146833406955
0.0159278543239
0.0159089259881
3.50730639613
0.0161267004635
0.0177248593536
0.0209804016631
0.0151468151792
0.0150861470029
1.48149428267
0.0165782826565
1.77922091552
0.015900915314
0.0150508971225
0.0156154319799
0.01648334666


0.0123441421505
23.5697298174
0.0424929571843
0.0122123443483
0.0122665833333
1.17299343434
0.0120900413022
29.1788724592
0.012387781986
0.0121169315147
0.0161777303438
0.012045652625
0.0120475993414
0.0120828504829
29.8081550674
0.0120173578616
0.0122407578165
0.0121007821484
0.0120005477026
0.0120385233313
11.0268591913
0.0127009166754
14.6432157315
0.012321697354
0.0120970643475
0.0125451045072
0.0120722416904


0.0119826010196
0.0121825529883
0.0117941783392
0.0117217919906
0.0130188236556
0.0119506206829
0.0117141256924
0.012928189283
0.0118034798264
0.0117717631511
0.0118322923275
0.0117790180375
0.0118612180037
0.0122457997059
0.0138471095124
0.0115892534765
0.0117098273477
0.0126574988244
0.0120126413143
0.0117534861784
0.0120692386602
0.012200399981
0.0136979131882
0.0121311148396
0.0120739343498
0.0120715461671
0.0563757507868
