layer number :  22
86.9892765456
0.0988359754207


0.0272242363232
2.93876386801
0.0246632331788
0.0165271339938
0.0176175375042
0.024426483685
1.79768108
0.0173874035051
0.0183606179974
0.0159072653429
0.0245607626663
0.0189971475241
0.0168838393292
0.0161132658444
0.018137311136
0.0230645906607
0.0196051461389
2.35268537166
0.229897939154
0.020483797028
0.0166182401978
0.0154732869899


0.0123573071711
29.7379623064
0.0555863634994
0.0134567988377
0.0121455658421
0.0124410851665
19.8047697643
0.012306433171
0.0122844072951
0.0122431871714
0.0123427839911
0.0122132940063
0.0122289639936
0.0121201185005
0.0122270848369
0.0122430341823
0.0121720031602
25.7281402245
1.95407803035
0.0126097571726
0.0124481286427
0.0122888988117


0.0119840299982
0.0124827081648
0.0120191133271
0.0118944199834
0.0118250083178
0.0119041483267
0.0122291233274
0.0119316984977
0.0118378601813
0.0118381281694
0.0136207393176
0.012080656481
0.0118329221732
0.011848008687
0.0119232206683
0.0119427900257
0.0118875151578
0.0142402995067
0.0142642719632
0.0133103333064
0.0119242440172
0.0365343601637
