layer number :  12
97.5139730906
0.072910802206


2.12388517095
0.0164165881773
0.0154153321443
1.55521714748
0.0154166518284
5.64378665632
0.0206639773484
0.0169243507941
0.49001802898
0.0165456997153
0.0168591589706
0.0155001045011


15.7016086525
0.0121088923382
0.0121869195137
17.2313688559
0.0119812468571
50.2825096898
0.012508328519
0.0128776528484
4.36376040819
0.0122731481679
0.0123458955204
0.0122352501688


0.0121345623241
0.0116732778261
0.0117938961873
0.011954907813
0.0117764468499
0.0125920261489
0.0132944233482
0.0124991153134
0.01209215847
0.0120661843297
0.0123209594943
0.0497808619984
