layer number :  11
208.885573327
0.0738560984144


1.58863355602
0.0179759949872
0.214603899707
1.58077629619
4.28079309782
0.0200407503483
0.019499850828
0.0153645593285
12.809037218
0.0236499200304
0.022167739148


15.8975481925
0.0122271298508
2.878280918
18.6632680435
52.0351018431
0.0124038716701
0.0345325271482
0.0122484038196
98.8608527628
0.0146677318068
0.0126058081708


0.0123299240173
0.0117592827883
0.0119501318162
0.0121466800144
0.0128688704766
0.0136258970015
0.0118900825037
0.0119707041886
0.0122073718424
0.0132947885237
0.0375934145219
