layer number :  21
77.7654733874
0.0987026228104


0.0243604593561
2.89308594916
0.0221245926417
0.016563765336
0.0172179313377
0.262428253171
0.0161925148568
0.0160420288448
0.0149452601715
0.0172259038275
3.5506230877
0.017851629993
1.47254971171
0.0169325760216
0.0179943093099
0.0158908836699
0.0178620951483
0.0190134820102
0.0174829806201
0.0162549480058
0.0150242834934


0.0123352343411
23.5640595532
0.0415855663402
0.0121895994913
0.0135295836759
3.01971729936
0.0120581356653
0.0120893070125
0.0120983714975
0.0120701845153
30.0928087368
0.012486871526
11.947595078
0.0123085246499
0.0121988273265
0.0121563884701
0.0121385798557
0.0121031828457
0.0121972423707
0.0120526015138
0.0120208841399


0.0119980057934
0.0124373881845
0.0117833105032
0.011817189826
0.0120166651322
0.0119724093238
0.0118037078064
0.0117769773157
0.011798944169
0.0118977248203
0.0132434543338
0.0118305766373
0.0126703278123
0.0127440756769
0.0126777341938
0.0120292000356
0.0119394919796
0.0122124906629
0.0122313128086
0.0117591643551
0.0470470283568
