layer number :  28
148.543533834
0.115028205398


0.0184651590147
2.95954190348
0.0228545534968
0.0169990465123
0.940279112333
0.0153755981786
0.0162129012946
0.63770206585
0.0152863873518
0.0190545946825
0.0151160058449
5.29976538648
0.0225619061578
0.0189302513803
0.0150523340174
2.73725539469
0.0219090978498
0.0151663886694
0.0178482661528
0.0209534996926
0.0150403266695
0.0178820840083
0.015010160491
1.51407339649
1.36249822582
0.0157053206349
0.0194845366641
0.0150140618595


0.0122758708506
24.5162505455
0.0467162448331
0.0122902618411
7.31133176466
0.0120262741693
0.0120364815229
6.60083262168
0.0119480679665
0.0122100051764
0.0121229636716
43.539985299
0.0130297144836
0.0125290121845
0.0121094738521
27.6217376256
0.012858433843
0.0127051626526
0.0121098956831
0.0121409423106
0.0120054513488
0.0120049298275
0.012006285484
11.1039897982
10.6074375452
0.0121081623753
0.0120755245249
0.0120908638346


0.0119404926663
0.0123783010058
0.0120300279814
0.0118752690226
0.0120214623166
0.0118857080039
0.011801164151
0.0119432244876
0.0118642169788
0.0117629528395
0.0119606218262
0.0137129228485
0.0120535853008
0.012138146616
0.0119768184959
0.0132670841412
0.0121596731672
0.0129517076615
0.01177262282
0.011886685524
0.0117440938096
0.0116230390074
0.0117517016867
0.0124546040121
0.0120909275138
0.0119237327987
0.011918536659
0.0615826078186
