layer number :  18
124.509556837
0.104516737


0.0210705240024
2.904204769
0.0218605481399
0.0159723756369
0.91824169102
0.0238296174988
0.0149176551495
0.683250434988
0.0149564141757
0.0161495943515
0.0148775609754
5.1423908337
0.02084312782
0.0155389900125
0.0170223058473
2.8697923703
0.0191605098662
0.0155603316768


0.0122645326774
24.8762959314
0.0434263020094
0.0122145556961
7.21845441347
0.0121548326764
0.012134019363
6.76591031153
0.0121883913331
0.0121455504947
0.0120958570042
43.9917265615
0.0131777620409
0.0122194623109
0.0123918548537
27.922008112
0.0124025042945
0.012302557802


0.0119472376536
0.0122518271674
0.0120048038468
0.0117961979898
0.0120551401827
0.0118745520013
0.0118430369961
0.0120062151303
0.0119244894983
0.011862739843
0.0119322186607
0.0135536160087
0.0130176284583
0.0118298925032
0.011989722009
0.0128611820013
0.012641030519
0.0396911493735
