layer number :  15
68.121194754
0.0960305872141


1.96347668416
0.0191935956827
3.00151546818
0.0161870666974
0.140340663318
0.438579502321
0.0197740922061
0.0160284441275
0.0167421901909
0.0194096931955
0.0167581350154
0.0190817847033
0.0151717031646
0.0159129435391
0.0229274691664


21.4990510682
0.012120009497
31.540407011
0.0121836508042
1.70083443068
7.32725632233
0.0131049791428
0.012840918013
0.0121257308444
0.0126351468498
0.012143405329
0.0121729779639
0.0121674903203
0.0121669953223
0.0121447904967


0.0122531454545
0.0118500111663
0.0120199758094
0.0117743565158
0.0118427366639
0.0121946129948
0.0123114220332
0.0123406626323
0.0117544099727
0.0119974457969
0.0125157783235
0.0121255231982
0.0129286169734
0.0118904404808
0.0474743933495
