layer number :  24
94.0984107502
0.102674778597


2.77236575651
0.022778797332
0.0161557916435
0.0153171265071
0.0201034610315
0.0164706499976
1.036275571
0.0156654338352
0.0174750774944
0.0214493561459
0.0210599153458
0.0157666584904
0.0163107333161
0.0172315180147
0.0244957878216
0.0171367711931
0.0299105349695
0.0170385184853
0.0183548801579
0.0234818173145
0.0183452158429
3.987570502
1.15797453232
0.289977164648


22.8827898492
0.0461848080158
0.0123446186772
0.0119729368016
0.0124714576911
0.0121458013115
7.34402379634
0.0121860351841
0.0123119031972
0.0127452500358
0.0247084351528
0.0121237723118
0.0121787440148
0.0123516706711
0.0121811041608
0.0121449151387
0.265940438354
0.0123006919942
0.0122683628579
0.0124052373382
0.0122693133502
38.5947149127
10.781747524
3.94084977436


0.0123261461655
0.0118495780043
0.0118370895119
0.0117914984973
0.0118356671301
0.0118801041778
0.012074657483
0.011850842818
0.011777058496
0.0116735791477
0.0117827380115
0.0118360760195
0.0118017848193
0.0118333570038
0.0118111406531
0.0118784695321
0.0120795328403
0.0119608703535
0.0118773576687
0.0119529388224
0.0119724364679
0.0141628553392
0.0132564003191
0.0419076556767
