layer number :  21
81.6047981226
0.0999423794448


2.05860712282
0.0230209503594
0.522108950652
0.0292657850077
0.0153122408277
0.0154543436559
0.015293226655
0.0208572336317
3.45195254899
0.0229995383221
0.261663458329
0.0155917451484
0.023801710864
0.811453869334
0.0161084303205
0.0161932026385
0.0232914586862
0.0152246233192
0.0387163493239
0.0273906871832
0.0154803198723


17.7294823735
0.0123446815027
6.42508950901
0.0967548501988
0.0121227648342
0.0121265889999
0.0122705037938
0.0121754456971
40.6597809508
0.0563280225033
2.3164798072
0.0129043653336
0.0122986854985
5.84714565116
0.0131803006516
0.0122425251951
0.0123532221381
0.0122496158389
0.216428432827
0.0121604948266
0.012939822472


0.0123266979936
0.01183940932
0.0119464299835
0.0120369654808
0.0118299590152
0.0119142931847
0.0119603341833
0.0118293990187
0.0142657898444
0.012836266503
0.0134065488237
0.012687641487
0.0121416068287
0.0129152576944
0.0127497693563
0.0118303591541
0.0119305191717
0.0118397363306
0.0117527716987
0.011886270969
0.0468668971638
