layer number :  24
78.2592042588
0.102922180807


0.0245620705148
1.88818126114
0.0158441742339
0.0152145434986
3.44051675101
0.0183199578508
0.0159518336683
0.0167955979899
0.0152319908957
0.0152134905026
0.0179799989953
0.0223923463297
0.374984030321
0.0215895303409
0.0157360764958
0.14419462786
0.02594151701
0.0160030878421
0.0177404359953
0.508861633173
0.0154032396968
0.0155142671623
0.0187937528244
0.0216448171608


0.0123099983515
20.8798384669
0.0121835699732
0.0121372655073
40.7173718
0.0123487761399
0.0120033945229
0.0123454888429
0.0121926068289
0.0121672430153
0.0120818714883
0.0122123519929
4.06639579385
0.0122963029814
0.0119749074802
1.56185806581
0.0132147628271
0.0123196669544
0.0123884203495
3.97785735733
0.0119958361611
0.0123398461728
0.0120180905215
0.0121443985069


0.0119740123239
0.0126290769355
0.0119271593285
0.0119064721511
0.0134137153121
0.0152545313661
0.0131530664706
0.0118613899685
0.0118704421329
0.0118523125033
0.0120527671728
0.0118620235007
0.0143024311595
0.0120192631924
0.0117766840073
0.0121194069895
0.0122656186771
0.0120281753673
0.0120179789762
0.0124981984845
0.0118294336522
0.0126808396696
0.0122054611566
0.0390028766511
