layer number :  23
46.3101519094
0.122128558042


0.0234476308494
2.99163798582
0.0349163303618
0.0192286431362
0.0203642386477
0.29282158165
0.0154327011745
0.0185496454942
0.167403559336
0.0211775078594
0.284769057509
0.018409602344
0.0145887796922
0.0179883741851
0.0148391676873
0.0198131603344
0.0160393789799
0.0160835764837
0.0160078985112
0.0197084128352
0.0165909776697
0.0152452233403
0.0163332129984


0.0122910361582
32.2534300923
0.0749948461501
0.0124175163413
0.0122925696778
3.99489428518
0.0120839999872
0.0120476683175
2.09743404901
0.012093588186
3.19758942202
0.010093339001
0.0120869604871
0.0121169886552
0.0120361995068
0.0120851793132
0.0121628811661
0.0120723578342
0.011941179672
0.0121076301633
0.0122197669892
0.012093217636
0.0121328128153


0.0119554495128
0.0126030714794
0.0121202213534
0.0119034111849
0.0117686974894
0.0118491523317
0.011834719684
0.0117956855101
0.0119644624647
0.0117307008089
0.0117258998216
0.0109643543062
0.011691525986
0.0116560601552
0.0117311001523
0.0117037528544
0.0117838456839
0.0117384319892
0.0117279758561
0.0126321088173
0.0117837988655
0.0118155146677
0.0465244411801
