layer number :  19
102.700870596
0.0877225745935


0.0213179783314
1.91572096901
0.0153451089864
0.532561112331
1.45993961417
4.71502318501
0.0513199538303
0.0151958434726
0.0165081320253
0.0171174704834
0.852920593519
0.111768126333
0.0155555819899
0.0160831980174
0.0207015456787
0.130178878161
0.014741151516
0.0147168085095
0.0157121798256


0.0123430519986
16.046351933
0.0121892974906
6.07460656316
15.3520891178
44.4929376243
0.153326095645
0.0123523448322
0.0121162813157
0.0154621204905
7.58676022768
1.40557163451
0.0120907328674
0.0120882029878
0.023368381313
1.37911937384
0.0120750183511
0.0121028394982
0.0120998941711


0.0118423023377
0.0119491540051
0.0118385871756
0.0119926135522
0.0118862461532
0.0127942689966
0.0126144893778
0.0125648814913
0.0124527298613
0.0127408931536
0.0119031826422
0.0121301134932
0.0117811943055
0.0120364633233
0.0120182881753
0.0117197551493
0.0120322889804
0.0117399130055
0.0384933693373
