layer number :  10
65.845936078
0.0933822189924


1.49833342002
0.0185104661699
0.0150633933372
2.17990880316
0.0158834828374
0.0194022155289
0.0160901939962
1.58507571135
0.048295601989
0.0161559126961


15.9490160778
0.0123748181504
0.0120993433326
25.17808025
0.0122220066648
0.0123786536472
0.0122459949926
18.6519580925
0.246483878155
0.0124522659656


0.0124843116888
0.0119303096629
0.0119781936519
0.0121039825026
0.0145770349967
0.0119478414999
0.0119653534881
0.0120439711803
0.0131035344869
0.03906871035
