layer number :  18
168.554249749
0.0871315306285


2.32672315316
0.0163498768428
0.0166833664989
3.61689595465
0.855621209349
5.56526133783
0.0573631714991
0.0635114423349
0.348990516
0.0235050901538
0.0156319098314
0.0149244168424
0.299185401352
0.0154793946809
0.0188099175187
0.0185244649959
0.0163370453325
0.0217316946364


25.3977416025
0.0122894931507
0.0122283753396
47.9740552225
9.57797727916
62.803463687
0.38199549603
0.620789796968
4.14087285416
0.012208452002
0.0122332038397
0.0120468076978
3.76978033735
0.0122252686609
0.0125713093051
0.0122849052035
0.0120674758412
0.0120513703441


0.012366791508
0.0122790291789
0.0119549783413
0.0127362223381
0.0123794898391
0.0120474740009
0.0120143089832
0.0121393945107
0.0125954403581
0.0119075143399
0.0118322939767
0.0122651402877
0.0117995846667
0.0117840041445
0.0121688493334
0.011849820478
0.0117619876789
0.0365822751774
