layer number :  10
8.8662247854
0.0624582809629


0.0183637888404
0.131482566474
0.0149337058343
0.0188176308293
0.275113191979
0.0192876378618
0.0339951951367
0.0151982316553
0.572125328511
0.0176168176695


0.0120898636718
1.3328863187
0.012111996999
0.0120966268393
2.9711726427
0.0120826493367
0.23284529784
0.0122005613133
2.96520173334
0.0145919164643


0.0117800804825
0.0118514468583
0.0118731724991
0.0118604863334
0.0119481659494
0.0118757941721
0.0119074620307
0.0119045555087
0.0122513056461
0.0386264868818
