layer number :  19
152.200649283
0.0888125226134


0.0252568813545
2.94354464318
0.0284271038448
0.017488783303
0.0151406580117
0.0154206865118
0.0178413959996
2.96520669302
0.0171616458489
0.0157829813349
0.0192101405313
7.85713493552
0.993903324513
0.0177667401537
0.0212015836733
1.60567176567
0.0349880581489
0.0195937529982
0.0220444839797


0.0122523923443
30.8656596783
0.0589614045069
0.0122631473351
0.0133597556657
0.0121610654945
0.0124963418542
33.7628827838
0.0121784389873
0.0123743021589
0.0130765696327
50.7522880645
5.34421396735
0.0123464435067
0.0123658876595
13.710471225
0.163895709983
0.01229607667
0.0123066691837


0.0119258946506
0.0123709306742
0.0118656456859
0.0119455351571
0.0119127881675
0.0118390741409
0.0120282914916
0.012167772317
0.0127121471839
0.012392917648
0.012016595186
0.0121720761332
0.0131701786498
0.012348589662
0.0116644541849
0.0119245055248
0.0121999241722
0.0122270260278
0.0389850344509
