layer number :  35
132.00538846
0.161597653409


0.0270437623064
2.91897046766
0.0270922972898
0.0165618251582
0.0181833533376
0.0193046414837
0.0155553828809
0.0213453188383
0.0182093105201
0.0155092943266
0.0182615498585
5.71187112383
0.0249289399944
0.0241179996519
0.0534263500013
0.0153388096563
0.0168938339921
0.0217227710333
0.0176211584864
0.0152534655063
0.01585149051
0.0195853646728
0.0177644301633
0.0174623205094
0.0175123203274
0.0154112898163
1.31749685117
0.0190001818507
0.0272318602074
1.16361643648
0.070943565981
0.73760541348
0.0180696750176
0.110536495476
0.0168443256989


0.0123231050287
27.1282313
0.0558157220172
0.0122356673431
0.0125228261459
0.0124631030097
0.0121985836692
0.0123737523293
0.0122204891328
0.0122151353086
0.0121069281401
64.4206330495
0.0122464686671
0.103720139324
0.761709297037
0.0121671655021
0.0122157941805
0.0121612351504
0.0121429638239
0.0121058083217
0.0121383835018
0.0122010063302
0.0121291768543
0.0121067506649
0.0122805411617
0.0121893653607
9.05331793766
0.0129871408377
0.0883815018264
11.2388607435
0.676822416368
7.31680075781
0.0120825783039
1.07396181704
0.0122336819768


0.0120263585122
0.0128009106848
0.0119334681658
0.0119121488339
0.0119121305179
0.0119708293156
0.0118667018057
0.0119245571744
0.0119088485178
0.0119506210321
0.0119297681571
0.0139296671453
0.0128910526982
0.0119297716495
0.0123397626448
0.0124464566664
0.0122902143048
0.0118190453504
0.0125819713576
0.0119076838212
0.0118861729861
0.0118371636685
0.0118795073164
0.0118571935066
0.0118646735015
0.0117760719925
0.0121919408169
0.0118938069597
0.0121098513288
0.0124246811999
0.012289148833
0.0122166168488
0.0119487640138
0.0125034202938
0.0371065840203
