0.0120300474809
0.0118904454866
0.011976779361
0.0119042197475
0.0120398077803
0.011978183873
0.0119966761752
0.0118776202823
0.0314400972954
0.0118851796336
0.0123982562994
0.0119103449785
0.0118525703438
0.0118701769971
0.011793146492
0.0118141195271
0.0145115873699
0.0117844049819
0.0128848450646
0.0119366826645
0.0119678619861
0.0128384376876
0.0120787487055
0.0119424373455
0.012128281019
0.0120371912684
0.0118995741553
0.0378851029867
0.0119443306078
0.0121341859534
0.0119873473499
0.0119679884907
0.0132709247215
0.0132905606879
0.0124473435959
0.0119015058347
0.0118420164411
0.0124799521873
0.0118248761864
0.0121223383273
0.0117599075893
0.0121324745317
0.039893333024
0.0119444727122
0.0119805595217
0.0118530076385
0.0119485715404
0.011849394495
0.0119169602791
0.0119080126363
0.0119148074106
0.0118464161642
0.0126746982181
0.0118425394564
0.0118243171601
0.0118646512662
0.0120416935145
0.0119259549926
0.0117743724647
0.043282649441
0.0120006447736
0.01207013013
0.011922323145
0.0120032405636
0.0119237050725
0.0119654490069
0.0118819801525
0.0118779120191
0.0118820516315
0.0119044227758
0.01195825454
0.0120020038448
0.0118254773552
0.0117829063674
0.0119305454815
0.0119494288616
0.0118178950312
0.0361014890174
0.0125145994438
0.0118113033629
0.0119582361852
0.011884865157
0.0119883986578
0.0140199238667
0.0124979594257
0.0118482371715
0.010967810483
0.0127189536579
0.0116862645373
0.0117577230946
0.0117819171864
0.0132788306801
0.0117854750327
0.0119850220314
0.0122644640893
0.0118731698409
0.0118848369845
0.0141812294799
0.0122329832133
0.0121298878221
0.0120228783538
0.0117989021819
0.0118452782044
0.0121512379653
0.0117996800691
0.0120600911711
0.0120201064274
0.0123637676783
0.0118744247981
0.0121289084976
0.0123670456621
0.0120051163249
0.0119701476457
0.0119180727828
0.0460702215399
0.0120663649868
0.0118790565369
0.0117461978613
0.013095131532
0.0127654796622
0.0124073118592
0.0121369136808
0.0131878509807
0.0120772336765
0.0116729184908
0.0123553706799
0.0128752120848
0.0127183204361
0.0119386871811
0.0118399102551
0.0118470422458
0.0118685314665
0.011901568699
0.0119153378376
0.0124932819744
0.0122649507054
0.0384631124713
0.0118392688455
0.0124738497737
0.0117757401507
0.0117585205007
0.0119079063103
0.0364210093394
0.0119855811354
0.0124754112136
0.011949983309
0.0118277577373
0.0118679623896
0.0117890099451
0.0120835010506
0.0127115549597
0.0118663958662
0.0117976878149
0.0117539238418
0.011776926966
0.0118500214303
0.0125613147781
0.0130043233512
0.0129755010906
0.0118793899892
0.0133766829968
0.0124250753239
0.0123627270029
0.0121165074331
0.0125860047992
0.011998806692
0.0117033819746
0.0118161146917
0.0116922853049
0.0528837858001
0.0119904335588
0.0123977298305
0.0118403371889
0.0118531855987
0.0119523931838
0.011903085125
0.0121682536943
0.0118118404644
0.0118984223033
0.0118568391384
0.0118910003609
0.0118735261494
0.0118367159739
0.0118195378454
0.0118308701785
0.0119799335177
0.0119227590039
0.0133420281345
0.0120361859056
0.0120569916908
0.0119498885081
0.0407407093638
0.0125639302035
0.0117699200055
0.0118854139776
0.0121348791678
0.0117491108055
0.0140465585282
0.0118430286724
0.0119321182525
0.012692788771
0.0116985995167
0.0121969661753
0.0508340536229
0.0124888996749
0.0119602044579
0.0120942811094
0.0118562656765
0.0137669498411
0.0119498440375
0.0126085670587
0.0118871061908
0.0128097513225
0.0118760977251
0.0378689340238
0.0119501632871
0.0126304036627
0.0118323931626
0.0117508958792
0.0118097316784
0.0122293730965
0.0118340053207
0.0117541576037
0.0119294677861
0.0119177580346
0.0136370858721
0.0119160523172
0.0134044834801
0.012795323894
0.0118663376197
0.0117969190469
0.0119115763421
0.0118117658421
0.011890710836
0.0117201500107
0.0522654320424
0.0119695150061
0.0122381062635
0.0119317201509
0.011826725211
0.0120789156062
0.0119005558469
0.0118109636242
0.0120744007096
0.0118987140013
0.0118704076546
0.0118440881294
0.0128500208569
0.011961061197
0.0118345268226
0.0119484853543
0.0132393410119
0.0128152301768
0.0117776837821
0.0119832911684
0.0126062692919
0.0119336204758
0.0122691241559
0.0118844423365
0.0120475398532
0.0119754468712
0.0119260666737
0.044258733668
0.0119030050312
0.0121142283315
0.0119498411271
0.0118683073282
0.0120156991373
0.0117847861645
0.0117882328341
0.0120505678157
0.0117692122391
0.0116200921669
0.0118726143458
0.0131928175688
0.0129692442327
0.0130114496763
0.0136293305162
0.013822218442
0.012016310861
0.042083550555
0.0119365278321
0.0122668523108
0.0118759243827
0.0117839322968
0.0119073500003
0.0117797128623
0.0119498199783
0.0119719129677
0.0118200089782
0.0130382844945
0.0118148401767
0.0128310410461
0.0122574926354
0.011733629702
0.0120503033589
0.012564477666
0.0123932835025
0.0128375886318
0.0128557730544
0.012517471953
0.0117016021783
0.0116291488133
0.0119229517101
0.0118301813879
0.0131715683189
0.0119977113791
0.0118334024834
0.0482611673263
0.0122740266767
0.0117000829584
0.0118479557956
0.011740387883
0.0119129304076
0.0117451410042
0.0120196137189
0.0362120848537
0.0122357253373
0.0120924048048
0.0122935366817
0.0118033819987
0.0119813501757
0.0121586896324
0.0119817533608
0.0118783938621
0.0118967771608
0.0119363834771
0.0121508007869
0.0120078448672
0.0119362028005
0.0129153975285
0.0376381888442
0.0121623216352
0.0121388141221
0.0118049257823
0.0118211969966
0.0118132124189
0.0118836506736
0.011923145464
0.0118525434906
0.0117557387954
0.0118939576593
0.0119596911051
0.0119199960027
0.0118878957195
0.0119416584882
0.0118718936186
0.0119591353383
0.0119941055309
0.0119970292629
0.0119017761899
0.011816179535
0.0119368375357
0.0130206381825
0.0130618516511
0.0373996059255
0.0124119110405
0.0118849441642
0.0120599212436
0.0118388991492
0.0118908968288
0.0118405068448
0.0118543523519
0.0120151311858
0.0138077472026
0.0139643152943
0.0121017213678
0.0119230641673
0.0118525401922
0.0124808815696
0.012164298639
0.0130599775584
0.0119014074638
0.0119060322953
0.0119039526908
0.0119553410138
0.0403629659365
0.0122208929388
0.0118148530989
0.0117338153456
0.011868938144
0.0118783902144
0.0401304501186
0.0120548616396
0.0123223787717
0.0117972371712
0.0119176275718
0.014150596185
0.011847075657
0.0117195833009
0.0120981889001
0.0118682858301
0.0120632814166
0.0126485131526
0.0119446109747
0.0122478823565
0.013556716692
0.0118538537063
0.0122761293703
0.0122143230013
0.0118908958587
0.0118407728926
0.0123467971571
0.0120650994747
0.0122272432782
0.0120348375058
0.0425263776754
0.0120411888541
0.0120825634028
0.0119789661839
0.0117929064048
0.0118477200546
0.0119743264901
0.0118973375453
0.0119056786643
0.0120175235206
0.0118822088698
0.0120191318371
0.0118867482136
0.0117965541625
0.0118670253626
0.0118498003188
0.0118462348667
0.0118126937111
0.0118743693456
0.0119524118103
0.0119121142197
0.0118774395281
0.0118993800522
0.0427978726026
0.0125347718131
0.0118952347742
0.0118468948252
0.0119018618328
0.0118388230912
0.0122351984416
0.0130426306278
0.0119572178228
0.0414870740303
0.0119347941363
0.0121644949928
0.0117952156967
0.0124189517616
0.0119785174029
0.0121427279664
0.0128344340095
0.0122078715358
0.0118211167088
0.0119247018592
0.0120175092015
0.0124600856798
0.0117237831
0.0131392233306
0.0119125446072
0.0125932330266
0.0120393518591
0.0120703271435
0.0490135698734
0.0122721217728
0.0118469779845
0.0119971508005
0.0120125929825
0.011889846103
0.0119977728852
0.0119417371849
0.0128212443087
0.0121204224415
0.0373917583686
0.012277779829
0.0119601591723
0.0118110128678
0.0121360106471
0.0122701305275
0.012929964927
0.0120361335188
0.0121079833479
0.0126567816284
0.01195216955
0.0125086761934
0.011804575023
0.0119420655149
0.0117805459692
0.0121073776778
0.0118729244762
0.0119874423835
0.039664129455
0.0118283110593
0.0118616460046
0.011780111352
0.0118189435064
0.0119951545105
0.0120123331823
0.0118869945097
0.0119661304634
0.0120157991381
0.0395873723707
0.0118114080203
0.0124809010885
0.0117646713043
0.0121049937637
0.0121428551308
0.0119710346528
0.011911690662
0.0129057675756
0.0119412398587
0.0120463925802
0.012291753975
0.0122753716229
0.0122207192471
0.0126234554919
0.0121307123918
0.0120110759744
0.0120720084912
0.0121166618386
0.0394321788335
0.0118481314664
0.012223260322
0.0117536511195
0.0118530700372
0.0117916636712
0.011912287795
0.0118260966071
0.0116561589918
0.0118358605153
0.0117866609556
0.011805706347
0.0117808037127
0.0119025198122
0.0129077585104
0.0132157878252
0.0120979208344
0.0121209161589
0.012337576792
0.0118946596437
0.0117906955226
0.0120228463784
0.0119213029975
0.0119473518959
0.0121726794945
0.0119869253055
0.0126312391367
0.0119510118384
0.0120161389932
0.0125449525658
0.0124116083219
0.0138921446633
0.0122853329716
0.0120977181553
0.0122541290087
0.0121227253694
0.0119435489954
0.0118504760709
0.0118542494796
0.0121477853972
0.0119354305401
0.0117706423626
0.0118448473513
0.0118366972699
0.0120974308423
0.0117867433389
0.0127813038028
0.0445907091489
0.0120188328826
0.0124457807979
0.0120004571897
0.0119617941479
0.0118466115867
0.0119413223195
0.0119386153529
0.0119059100204
0.0119125784452
0.0119419486727
0.0119419036977
0.0123234229783
0.0131425277796
0.0122216316328
0.0133788424622
0.0119118123936
0.0121632344477
0.0119070834868
0.0119108340005
0.0118996500581
0.0120677548305
0.0119214000491
0.0118936781461
0.0118804690428
0.0120201944762
0.0119957436497
0.0120622102792
0.0127340722829
0.0118745425328
0.0119922128118
0.0119870628308
0.0121480169473
0.0119523355194
0.012736511766
0.0368663439682
