0.026829282986
0.0160278986829
0.0548692094938
0.0250135464982
0.0209421570568
0.0159748140723
0.0158677032062
0.0195446742
0.0159121769636
0.0267981862028
3.02127242232
0.0264013113532
0.017076606513
0.923745716146
0.0168197233773
0.01504647627
0.0222560187103
0.01731136806
10.8476895815
0.0207359172637
0.0201228888473
0.0152571004971
0.0162665254514
0.0207280280301
0.0167845048321
0.0203263983518
0.0185352032228
0.0156077332795
0.0270975948079
1.58960599801
0.0173163860648
0.0227347109467
13.7330636389
0.0586339568253
0.203236490799
0.029251677217
0.0147986461719
0.0188681864723
0.0163138940309
0.0152347483672
0.0193303486643
0.0151912738414
0.0186296113146
0.0210800070005
0.0207363890174
0.134874328661
0.0156525923327
0.0204019901575
0.0804416491495
0.01540460325
0.0152397406443
0.0189369564565
1.45707969488
0.0177882836045
0.0394777435577
0.015445499681
0.281863183947
0.0171639271624
0.0206444433037
0.0150534474912
0.0214906490097
2.84300843502
0.0284888515404
0.0185331988614
0.0193768934502
0.309143116077
0.019631013313
0.0175290418556
0.186376481628
0.0317088294929
0.0202987090064
1.03900895163
0.015718859504
0.0164320976861
0.0150780739496
0.0213504273755
0.0151607934773
0.0183885645044
2.86044353449
0.0354322906351
0.0163646653527
0.0150513416156
0.0153071799626
5.98401977727
0.042764030785
0.0168465986693
0.193869581175
0.0249806548236
0.0151038596329
0.0145821664483
0.0165272433466
0.016289918179
0.0205722271542
0.0188777094396
0.0153217983122
0.0169325018069
0.0180387869865
0.503894133959
0.0175252703484
0.0153245466839
0.0150983919933
0.0180382288527
0.0187599467657
0.0149803073146
0.0174312927217
2.78773289531
0.0232891279738
0.0497919178258
0.0233748177998
3.61004213589
0.109395570161
0.0186811453508
0.0157637864662
0.0164587006827
0.0156061600428
2.38877036679
0.016430891119
0.0203684853235
3.38445330225
0.870477519386
5.60982068015
0.0591488548089
0.0633334896605
0.351992878985
0.0169206210412
0.0206958573932
0.0161218746022
0.32547388901
0.015202992751
0.0187679087976
0.0162258062046
0.0192512014958
0.0182897216485
0.0219270119754
0.28901668281
0.0159985872839
0.0168850996221
0.0246461939532
2.87773915955
0.0290599645426
0.0161869924826
0.0153716165029
0.174669355852
0.0242040059917
2.78926578389
0.0228278633052
0.0174995486935
0.018846599812
0.177689173686
0.0148859446247
2.88049690825
0.0175430868985
0.0154852566775
0.0221053748004
0.0162820468346
0.01525758137
0.0181630557248
3.52156474352
0.0216257761155
0.0156723985371
0.0202172946107
0.0158006146861
0.0178966513292
1.49742592681
0.0156174056853
1.59159042046
0.0157645908184
0.015796415663
0.0176169422921
0.0146108494761
0.0296121688249
2.97623033375
0.0275054024532
0.0157233494489
0.0176170043414
0.0163910152235
1.76846287803
0.0179708641566
0.0164554978643
0.0156326685489
0.0194623956146
0.0213709451491
0.0189680562277
0.0175742297045
0.0151840567123
0.0190093997323
0.0181111949884
2.38234050494
0.197964412354
0.0272184662754
0.0149818348776
0.0162304013114
2.05777351403
0.0161821188716
0.0156965402032
1.54361782134
0.0157117643393
5.62934866897
0.0232730571491
0.0163361468197
0.490879759968
0.0156527550037
0.0145347429983
0.0151369691981
1.51707271855
0.0179634110148
0.214731994706
1.44430286325
4.19674638884
0.0172681388601
0.0225254260004
0.0160070188189
12.5086065425
0.0206373103816
0.0197765904401
0.0244662817956
2.93255337204
0.0266028979095
0.0167465679891
0.0208778181501
0.266471529302
0.0166549738496
0.0171912278359
0.0149731590257
0.0152102416226
3.56711524993
0.017795043687
1.46057883712
0.0168757271798
0.0181133996618
0.015196724562
0.0187747799791
0.0153651959651
0.0187262308706
0.0175761439993
0.0155652146786
0.026900678485
2.92742506915
0.025626164667
0.0166616866675
0.919139931095
0.0154905224141
0.0149889005115
0.637298955582
0.0152525573892
0.0155217801997
0.0160912235345
4.96703284602
0.0200202955554
0.0160528351553
0.0145388701931
2.67790312902
0.0192693364418
0.0155795570075
0.0151761048861
0.0162261588654
0.0248539034122
0.015410568604
0.0154730059827
0.0553137826112
0.0574072419743
0.0168648187925
0.0155666171728
0.0267654688408
3.06824119995
0.0211135748929
0.0160601222111
0.932221957987
0.0156126574923
0.0145697712045
0.640787604537
0.014948937615
0.0157514576955
0.0144289128172
5.27000740838
0.021589420309
0.0162700572206
0.0155052467017
2.80291882848
0.0202669875386
0.0151587364962
0.0181308410053
3.02803302285
0.0244183093698
0.0162740019538
0.916184111343
0.015412215027
0.0145723346311
0.595276988694
0.0150054143354
0.0149741666392
0.0173577876995
4.9531314685
0.0209924023365
0.017693303215
0.015184367192
2.79590822531
0.0210283587997
0.0156865304646
0.0164256058634
0.0176950511911
0.0178080331922
0.0161162680015
0.0147983280088
1.43204986595
1.31129366831
0.0202922333653
0.0176813308305
0.0206311913983
1.62380794886
0.0165426261956
0.0798116788501
0.0147230015136
0.0159423799875
0.0173526694998
0.12233014331
0.016758120968
2.00875007419
0.0155586474575
3.00232717519
0.0178760349518
0.15230370507
0.454500750018
0.0253103088665
0.0171267879195
0.0175035343273
0.0225064676876
0.021039086394
0.0178993293472
0.0183805439155
0.016076601382
0.0241843766999
2.99213505513
0.0231139841878
0.0168397488693
0.0150603343888
0.0174375904802
0.0172839267567
1.04449368598
0.0152975633197
0.0180741975007
0.0157624722148
0.0280879548906
0.0161615787074
0.0195725546218
0.022244374811
0.0167534286932
0.0227735857479
0.0345888312828
0.0169928181373
0.0214040239031
0.0160080468049
0.0235734342132
4.11933286981
1.20498454474
0.281561830508
2.05537319265
0.0155113089907
0.553531655227
0.0253697314765
0.0181879573502
0.0182182190474
0.0151162571662
0.0245591626735
3.52775022
0.0221236314003
0.249177470726
0.0162343325404
0.0172644413154
0.753454042133
0.0155877540043
0.0162967784951
0.0192653604318
0.015119799374
0.0481538840104
0.01596260649
0.0157917696827
1.53355835328
0.0163450378459
0.0146753043713
0.200572276177
0.0177411520465
5.97181782072
0.0153536755436
1.99426755034
0.0156466926759
0.0164334471337
3.46724803272
0.0189890956972
0.0158880110054
0.0162595149983
0.0158638382563
0.0152960300523
0.0153975826688
0.0276485141755
0.401964060264
0.0169859479647
0.0157150181088
0.134966059976
0.0179920443334
0.0152348411502
0.0162583574808
0.459524531461
0.0156370813105
0.015490421288
0.0239885183207
0.0153557404798
0.0183345842331
3.09618106694
0.0217566418772
0.0170182232978
0.0196064260866
0.259508517455
0.0156202124975
0.0179552411816
0.204908733722
0.0154324504547
0.2802777503
0.0155090081195
0.0152725814454
0.0215699094115
0.0166489249871
0.0154695553162
0.0175020349755
0.0243353343103
0.0153604330262
0.0180359301545
0.0154778194847
0.0155320218376
0.0283467289603
2.90386821799
0.0219567234938
0.0162721793167
0.0190564080064
0.015131561008
0.284754690598
4.36600569853
0.0216179963512
0.0188760800132
0.0212450120986
1.96956022247
0.0152203498874
0.514648543671
1.4867492582
4.9059026958
0.0535124993961
0.0167084051451
0.0215943938432
0.0183561648009
0.90406967164
0.115015348264
0.0153758768381
0.0173747012935
0.0229512572987
0.150372882878
0.0175849757313
0.0156832182159
0.0173248241966
1.57835308602
0.0158533436867
0.016517809825
2.27400512885
0.0190526955994
0.027425059389
0.0163202728145
1.55566646229
0.0438590326812
0.0156556185102
2.3875565031
0.0189139356759
0.0188508559174
3.61007362678
0.85747137918
5.71039539071
0.0626255619185
0.0651803634828
0.345228829693
0.0166588673601
0.0164454896003
0.0150395953096
0.305271841314
0.015600008502
0.0195208445269
0.0163710854637
0.024985964216
0.0167592291643
0.0190183183877
0.133036971713
0.0148519025728
0.0148701316211
0.302937811396
0.0202858904765
0.0351944144737
0.0153278221842
0.645185844003
0.0189184291133
0.0182308080451
2.94262002276
0.0257643233829
0.0173518434943
0.0179037989195
0.018328432343
0.0207167726864
2.96806044698
0.0177053380758
0.0215770340292
0.0175190953693
8.06529814703
0.932264843567
0.0160055740271
0.0158922870566
1.62930294316
0.0359764342041
0.0182332575011
0.0248318621889
0.0209452443523
2.93040591455
0.0217627361805
0.0179346438575
0.0185925598489
0.252512796355
0.0164832563605
0.0164835178681
0.0146554509799
0.0172048599925
0.0190983604407
0.017754969808
0.0161824408375
5.42825681367
0.0160452933827
0.023784477807
0.0578514649921
0.0181726271985
0.0217316777756
0.015272215358
0.0177281238139
0.0179574133363
0.0176542039262
0.0193395574655
0.0179654416861
0.0185002298482
0.0183736748683
0.0184457998257
1.31050326516
0.0176875582741
0.0225402921593
1.07632739132
0.0567078521708
0.756313884476
0.0155644122278
0.0886876475221
0.0165113633266
0.0171911524764
0.0178604316897
0.0194093631581
0.0152999758721
0.0222762055928
0.0175716814508
0.0447986505848
0.0512338002833
3.39104414433
0.0156931248494
0.0241586632716
3.07952296163
0.0292554705326
0.016511911992
0.0178460175327
0.0209118183314
0.0181253765089
0.0177703026372
0.0154406510216
0.015611981197
0.0241329406854
5.84946141314
0.0282252279964
0.0319282034955
0.0617831749842
0.0160052023517
0.0176593123081
0.0225623753698
0.0176935485021
0.015428266488
0.0178224656265
0.0222666907357
0.0153279389876
0.0174787737584
0.0172026913303
0.0178725261552
1.29820323196
0.0273761419036
0.0275944697981
1.1916839785
0.0656551222006
0.738801461683
0.0156609578601
0.134265795505
0.0154822920449
