0.0122565973628
0.0122286342085
0.505791311967
0.0123723373205
0.0122602162107
0.01227845562
0.0121909022564
0.012230826697
0.0122406362013
0.0122087466685
32.3861695949
0.0617960186598
0.0121847509872
9.18377537501
0.0121762924828
0.0121053368397
0.0121845732598
0.0122949283104
140.648816737
0.0125302973902
0.012861797004
0.0130336338189
0.0121293459864
0.0141086837975
0.0125358361595
0.01225220315
0.0121671928403
0.012268426246
0.0122785785546
12.7352417307
0.0119884479791
0.0122750345618
151.931956595
0.774009479171
1.94613691889
0.0129662458009
0.0120979625499
0.012855398003
0.0121333782639
0.0130226893428
0.0123265867199
0.0121723456929
0.0129059986211
0.012252835324
0.0122877497925
1.4182716265
0.0122301551747
0.0145103008254
0.843124799353
0.0121457463053
0.0121258314854
0.012127107669
18.2680273713
0.0120031778546
0.345017993823
0.0121679250151
3.19228361392
0.0122755045304
0.0121121162083
0.0120904260548
0.0123021143566
32.0871862913
0.0691188104684
0.0123278452859
0.0124938975011
3.95768440422
0.0122049280132
0.0121979216347
2.10428926974
0.0121675782139
0.0122690940043
12.5981470059
0.012134972106
0.0121304691614
0.0121207381986
0.0121684832654
0.0121115866738
0.0121959518098
27.6448835369
0.065457836686
0.0123330956558
0.012145122552
0.0121839518348
59.8550251253
0.349318553888
0.0124226273814
1.83590598614
0.019240340218
0.0119918068328
0.0119679794104
0.0120882133488
0.012130007303
0.012300904685
0.0121304843342
0.0121743134611
0.0121225499703
0.01224179368
4.58926593376
0.0123836552569
0.0120820356533
0.0120402475198
0.0121155003241
0.0121391113304
0.0120531194844
0.0121312404517
30.0324167385
0.0121227004177
0.336078046355
0.0123124103605
26.9524375811
0.816782029346
0.0123465018114
0.0122050213783
0.0123082501814
0.0125412167982
20.7270920056
0.0120282033459
0.0122017499913
39.1211157323
8.12923233762
50.7978832802
0.39081325413
0.604350950181
3.45626232618
0.0121774593136
0.0124167357571
0.0124024964947
3.43278640167
0.0120693919404
0.0124441363926
0.0122097001101
0.0122053855254
0.01223248449
0.0123027783508
3.05981368653
0.0120241664117
0.0121857883253
0.0123174534723
31.7708845825
0.0553991093378
0.012149655493
0.0121821963694
2.96324903867
0.0122350766711
23.7835047456
0.0470903219733
0.0146820063237
0.0122557687961
1.10322418603
0.0120396464675
29.2828414949
0.0121784411215
0.0120502780192
0.0177239328623
0.0120933074892
0.0121473800003
0.0121281805526
29.9518606823
0.0121143346187
0.0123540581359
0.0121502098628
0.0121118465128
0.012556854325
11.1719703255
0.012129521075
14.8177283245
0.0122866630554
0.0126664636579
0.0120377506828
0.0119704302245
0.0124059490626
26.2360403182
0.0449473758927
0.0121066945139
0.0147728753509
0.0121164896603
17.2210464451
0.0122825708628
0.0122505429899
0.0121765217045
0.0122671130036
0.0122186128283
0.0128142853112
0.0122276409529
0.0121191059395
0.0121991102739
0.0121534892047
22.5277975577
1.90103580915
0.0122443681272
0.012001599806
0.0121870640044
16.6864641803
0.0121459652825
0.0123352121639
18.0126957752
0.0120672421762
53.395821157
0.0128148564836
0.0127062564716
4.66446184305
0.0122122019917
0.0120410178012
0.0143392228832
16.1902506615
0.01225097784
2.92168198918
19.0312767364
52.7902710538
0.0124512892993
0.0327379136191
0.0121585578114
100.185075318
0.0140045914256
0.0131985168749
0.0122544483359
23.720580164
0.0519660759407
0.0122692065003
0.0123084168105
3.00010119371
0.0121604495216
0.0121973127437
0.0121731675075
0.0123239404056
30.4846413356
0.0124675173623
12.0016342306
0.0120427672519
0.012051129054
0.011982517899
0.0119067638491
0.0121705613177
0.0120731993423
0.0119971186699
0.0121247277517
0.0122286788343
23.7120264476
0.047791507716
0.0122428389732
6.98584871976
0.0120508824087
0.0120745513511
6.45821921807
0.0121073325863
0.011973360631
0.0120645912054
41.9492274971
0.0126108880698
0.0124913719871
0.0118380426817
26.5955461356
0.0124138885488
0.0120947750208
0.012160312462
0.0121405748263
0.012180450644
0.0121342218869
0.0124625198854
0.53345573321
0.560370541993
0.0125060991462
0.0122439472082
0.0122203864933
24.0872186229
0.0420402179395
0.0122406207957
7.05502515589
0.0121874213606
0.0120082014473
6.55085670769
0.0119937032384
0.0119190823364
0.0120294203128
42.6590898768
0.013025967055
0.0122649654513
0.012126186979
27.0115559285
0.01270185248
0.0120720547857
0.0122479711814
23.7794601712
0.0481505246135
0.0122680770389
6.80469822348
0.0119653053116
0.0120797261673
6.44196590188
0.0121460068428
0.012076467004
0.0121973600083
42.0917629189
0.0130858415117
0.012035027612
0.0119717669441
26.7371740592
0.0128789310111
0.0125065990724
0.0120753303636
0.0120490968693
0.0120047018475
0.0120240421578
0.0121496896415
10.4961909342
10.6452462588
0.0122056782711
0.0121186772982
0.0122437128254
16.3738832493
0.0119912205264
0.938376783004
0.0121662719563
0.0122489267572
0.0121639333665
2.15611026898
0.0122586469709
22.3577274161
0.012362346868
32.5226358422
0.0123055940106
1.8061775323
7.74741805531
0.0122641856627
0.012384210558
0.0122903982798
0.0122713660045
0.0132587971554
0.0124615143286
0.0122368540615
0.0122701976216
0.0130593031257
23.4597822485
0.0415739505164
0.0121898055077
0.0119232777894
0.012128595224
0.012174474153
7.57028491236
0.0120664243586
0.0120969613393
0.0121118541186
0.0236159961981
0.0121878808131
0.012276276364
0.0122768743119
0.0122756386409
0.012202063459
0.274217877382
0.0122999037073
0.0122266096684
0.0128730734189
0.0123450662941
39.3126861863
11.0566432389
3.82601153804
17.2319038909
0.0120766056158
6.5206072696
0.103465417827
0.0121349748224
0.0121106826312
0.0121266458106
0.0122981899961
40.7687736088
0.0466007342329
2.34165590113
0.0126170387957
0.0121836006874
5.82000626244
0.0124785601705
0.0125124080029
0.0120679577036
0.0121885463596
0.294370475807
0.0121074368169
0.0121758358243
11.7710173005
0.0121343629047
0.0120448061498
2.18011283347
0.016776957976
64.0342183541
0.0123281538642
21.5702603971
0.0121998226968
0.0121186979037
42.9717803784
0.0122087098037
0.012493479182
0.0122949871778
0.0123776006901
0.0121058142201
0.012225494332
0.0123850708284
4.14262594228
0.0122988228298
0.0121579359984
1.47776689916
0.0120947936472
0.0120792218561
0.0121698536289
4.13202117368
0.0121100723821
0.0122055020959
0.0124867330305
0.0122385869811
0.0122689198082
32.8713880971
0.0475068771824
0.0122282821297
0.0122742098756
3.7755563535
0.0121476968052
0.0122375006322
2.30165012445
0.0120601987001
3.23717752037
0.0121728089871
0.012070756328
0.012138039611
0.0120583408279
0.0121749093523
0.0122386709554
0.0122767373299
0.0122219605061
0.0122346724772
0.0121314352921
0.0121785939749
0.0122770632151
23.3269972014
0.0417918225673
0.0121950525014
0.0125074885242
0.012150217585
2.49025711654
43.1857286664
0.0126912774673
0.0121312716898
0.0123378065182
16.5889152504
0.0121644902975
6.18263884766
15.9096463292
45.6464918413
0.170679756828
0.0124516986544
0.0134066329338
0.0155642933678
7.71368202866
1.43091581354
0.0120927322423
0.0122615431901
0.0259928428568
1.54935934736
0.0119639687085
0.0123516486492
0.012053089294
16.117588543
0.012302168839
0.0121812315192
26.2118921295
0.0122209967813
0.01306849916
0.0122650628134
18.8970181715
0.289392082719
0.0124697358503
26.0259650026
0.0123133220865
0.0124566309387
48.5971922164
9.75832421896
64.0889680929
0.514450165637
0.612709448052
3.98132613495
0.0127230550085
0.0122395989795
0.0127788791821
4.22223441481
0.0120997693933
0.0123724229634
0.0121864080429
0.0121935314188
0.0121208826313
0.0121271267223
1.44289032343
0.0120480102875
0.0121358836768
3.34584401629
0.012183073326
0.288184132698
0.0121924707976
3.13968178238
0.0122101213783
0.0121436784975
31.5280614687
0.0601381667269
0.012420164848
0.0125292578013
0.0125361861816
0.0121950686831
34.4302246049
0.0126545046224
0.0125881430383
0.0124774538369
51.2303707288
5.14376253254
0.0125889174718
0.0122132026202
13.5167782515
0.172838586499
0.0122092356517
0.0122451904851
0.0120730338773
24.3794028801
0.0419685021819
0.0121998302639
0.0124669555032
3.18460032049
0.0121143466871
0.0119367121564
0.0120643633418
0.0120649323799
0.0121636117498
0.0120498224472
0.0120899985001
56.3638547192
0.0122823966667
0.108880167672
0.864053881339
0.0124446175372
0.0126210463932
0.0121192724522
0.0125906286218
0.0122266099788
0.0121404689271
0.0124723693201
0.0123386143629
0.0125921461343
0.0123775319662
0.01219276203
8.13920397098
0.0121084618925
0.0578023411799
9.737190281
0.593470974049
6.52793889698
0.0120328322519
0.978529457159
0.0120883177733
0.012099960004
0.012199241474
0.0122075967568
0.0120300386334
0.0120004119041
0.012112531811
0.399040123176
0.540630506041
24.3368751154
0.0121864871277
0.0123712976929
31.9189019287
0.0645085842892
0.0122347398428
0.0122204847479
0.0121938129887
0.0124621589978
0.0122569576682
0.012211157009
0.0122294133374
0.0122587411121
75.7052841885
0.0150079059337
0.195258126012
0.996554831043
0.0121797456328
0.0131117855199
0.0122795193456
0.0122327178251
0.0121358383525
0.0122123823191
0.0122497025877
0.0122202510247
0.0122157178509
0.0122366913129
0.01220158538
10.6590822401
0.0126678198188
0.101132527382
12.9470080642
0.575438332123
8.26430903352
0.012137463976
1.22291015139
0.0120730628259
