layer number :  19
195.192392285
0.0885930627585


0.0211808526656
3.034716949
0.0228875113341
0.0164199323432
0.943422584135
0.0158509621785
0.0149404085047
0.0229805340253
0.0170467785016
11.2250757001
0.0219940346627
0.0153443831562
0.0162304438224
0.0162582803169
0.0156115205027
0.0221989961768
0.0188379660055
0.0159939088044
0.0183605763596


0.0123272923714
32.2658867974
0.0543137184771
0.012195613177
8.55382175521
0.0120946795214
0.0121728399924
0.0121957328326
0.0122481615399
137.995969144
0.0137115141455
0.0121273276745
0.0125756370253
0.0122347908521
0.0122686111329
0.0146994596774
0.0133558089922
0.012203797504
0.0122383569833


0.0118743421432
0.0122252569806
0.0118524929858
0.0117812308599
0.01182859715
0.0118914576209
0.0118811214925
0.0119127299792
0.0118115681495
0.0133308086661
0.0123011916876
0.0117780164971
0.0121222233283
0.0118607321638
0.0118161770127
0.0120946643292
0.0119416093415
0.0119579326711
0.0357650151709
