layer number :  15
177.558149586
0.0777825676138


0.0241516201835
1.60833343699
0.0151884258182
0.0228332056625
13.914229876
0.0594785229963
0.220801297362
0.0282985646821
0.0149913411587
0.017718944815
0.0220549455068
0.0186196164965
0.0164471581617
0.016630329832
0.0150498859778


0.012350208126
11.8180523878
0.0123718659743
0.0122563108453
145.970578893
0.736574229823
2.00498592679
0.0120880241544
0.0122512728558
0.0122715566928
0.0122555226747
0.0124517130122
0.0120555424946
0.0124625831959
0.0120155520077


0.0119687435217
0.0124958886881
0.011823090356
0.0118655993331
0.0139674064897
0.0122791115039
0.0125791178628
0.011650990656
0.0120804541511
0.011658952164
0.0118939901586
0.0118069118277
0.0122260771653
0.01190036349
0.0408550715074
