layer number :  17
25.5078341124
0.0860673676245


0.0236785146408
0.0244375301797
0.125799780673
0.0159682985395
0.0194794941732
0.0833464215005
0.0156340298321
0.0154444971704
0.0233080538456
1.42176553731
0.0195092548578
0.0416835476644
0.0160910716707
0.276177353148
0.0157804445092
0.0207788464613
0.015242468003


0.0121379340029
0.0123028216767
1.32842801651
0.0121253383113
0.0151909076376
0.899851291519
0.0121747246594
0.0121550270123
0.0122488238267
16.9397113973
0.0122335884953
0.375620094671
0.0122181120096
3.20032825284
0.0121352613205
0.012033240501
0.0120850981912


0.0118576044915
0.0119849473122
0.0118510351361
0.01182153301
0.0118547680322
0.0119456584798
0.0118906188291
0.0119135096514
0.0119547705011
0.0122589771636
0.0118538951695
0.0120406078252
0.0119491264922
0.0119691508396
0.0119103438531
0.0118046685044
0.0409733738052
