layer number :  18
54.1512291652
0.0875640606042


0.0240750365192
2.95588375818
0.0245763638328
0.016939924506
0.0235575855089
0.271706664973
0.0159826074766
0.019039918979
0.204323074198
0.0170361148193
0.0166455056751
0.983126944824
0.0155319491945
0.0181703738441
0.0148606083628
0.015987426353
0.015095967489
0.0217941481387


0.0122640343422
31.2724944733
0.0543238321746
0.0124057755262
0.0125806378201
3.98952212602
0.012177164841
0.0123393433363
2.19963026834
0.0109776316676
0.0120440251582
11.3381585636
0.0119893276521
0.0121642941958
0.0120408395111
0.0119451589999
0.0120654756514
0.012248810827


0.0119688943184
0.0122053098554
0.0118381319723
0.0118006631383
0.0118250881981
0.012416297337
0.0119102448419
0.0118603913191
0.0153502339963
0.0120413986733
0.0119167241695
0.0119612063281
0.0118519006646
0.0117844032745
0.0116745824731
0.0117480743405
0.0119785203715
0.0471874815024
