layer number :  37
173.373588361
0.146407235973


2.90724808548
0.0229707109975
0.0182649683751
0.01500518783
0.0178417151716
6.412580497
0.0422452140095
0.0181593185407
0.191267927332
0.0295944755004
0.0182667133049
0.0180748546651
0.015491714701
0.0183792715349
0.0200359864975
0.0235725981571
0.0183530301826
0.0158975173254
0.01837610985
0.552988239661
0.0201388817901
0.0179453156695
0.0166885208455
0.0148777503442
0.0173700061666
0.0151422931813
0.0201102070083
2.92505100948
0.0171450056756
0.0438281911581
0.0212027688394
3.76415663467
0.0923070591331
0.0212688559938
0.0158880961632
0.0154500256758
0.0207766699993


28.5148683058
0.0484663828393
0.0122305178278
0.0133644741533
0.012381090996
62.441353436
0.296375134688
0.0134428396511
1.99895200683
0.033209762342
0.0120907820335
0.0122197975094
0.0122172584912
0.0122526486327
0.0123235880164
0.0130340813582
0.0121976798206
0.0121482933561
0.0123477718249
4.86999996435
0.0126969895209
0.0121297851826
0.0121803876828
0.0120262019918
0.0120351158548
0.0120564455089
0.0121210263072
31.0397508597
0.0126712673227
0.223022513829
0.0120972281632
27.8556093825
0.664345475185
0.012592171183
0.0123139923089
0.0121726653306
0.0122645666706


0.0122411980216
0.0118922619537
0.0118015956638
0.0118892086709
0.0143456819933
0.0120813721636
0.0134687043028
0.012015490327
0.0120494035073
0.0122205038206
0.0118077760174
0.0118567547955
0.0120641931426
0.0120216385112
0.011976422645
0.0120501183167
0.0122887660012
0.012001054148
0.0125996979963
0.0120750221734
0.0120734528367
0.0125706773057
0.0118721609858
0.0117809009777
0.0118232876606
0.0118543861511
0.0120192383571
0.0120740760079
0.0122635255102
0.0118619489949
0.0117907611808
0.0128512293644
0.012070807997
0.0120663318279
0.0118039483592
0.0118951049905
0.0411282369945
