layer number :  27
125.375575213
0.112659154204


0.0334141755011
2.98099943384
0.0241483870001
0.0161986218494
0.016613946956
0.145309515181
0.0148473413428
3.10956674083
0.0161956253384
0.015266097694
0.0189502294719
0.0148492042014
0.0215953323447
0.0191023068425
3.56841329834
0.023739930999
0.0185780183529
0.0237050593326
0.0154044998344
0.0157696274885
1.57890700035
0.0206372673274
1.73137965032
0.0156888123214
0.0147974527014
0.0156612823678
0.0209061364876


0.0122602065288
23.985343681
0.0416089592036
0.0122201409928
0.0121863213523
1.02120217667
0.0121082196323
29.8825430502
0.0123764323265
0.0120793666574
0.0174860568174
0.0119359999857
0.0123613748195
0.0122916639666
30.0767016452
0.0120549316828
0.0126974883023
0.012436975822
0.0120820413382
0.0122111679908
11.5179334642
0.0122603139996
14.5504135202
0.0119377256875
0.0121134404714
0.0121452498134
0.0121419051623


0.0119339293063
0.0122147939789
0.0118212043114
0.011747751676
0.0118029236522
0.0118117041808
0.0119147796844
0.0118771673297
0.0117125986532
0.0117051926985
0.0117946970083
0.011811418323
0.0118437803467
0.0118698296719
0.0133659646575
0.0117256809608
0.0122589908618
0.0118735766737
0.0118095690268
0.012572715835
0.0131845931561
0.0124871816564
0.0125124008434
0.0116813691372
0.0127343869923
0.0119211760078
0.0416349095176
