layer number :  22
71.908290317
0.0996743537951


0.031096214642
2.95614766203
0.0217231571247
0.0158490531806
0.0146792816813
0.020002539192
1.75486158702
0.0177556396617
0.0157286824736
0.015100234712
0.0215412864733
0.019390483348
0.0158969188148
0.0156982725214
0.015108976843
0.0240659455303
0.0156529686841
2.3121271187
0.194319214846
0.020901994023
0.0155203033161
0.0162706519671


0.012331551814
24.5392888813
0.0419084945267
0.0120900281472
0.0120660369867
0.0122362431721
16.0030101906
0.0122456540121
0.0121801409987
0.0120531541567
0.0122160439884
0.012056108991
0.0122718185109
0.0121444469939
0.012049433329
0.0120570338137
0.0121484723059
21.1474019707
1.73266529249
0.0127024001752
0.0128987790086
0.0130156993401


0.0119206416809
0.0121622746811
0.011809726983
0.0118895736911
0.0117535394577
0.0119055339989
0.0119813140093
0.0118231623201
0.0117655821766
0.0117741788272
0.0118243865242
0.0118530713371
0.0117154186592
0.0117795854846
0.0117615426619
0.0118330933425
0.0119013033109
0.0140568196657
0.0122005498464
0.0121417816457
0.0130024705043
0.03782524217
