layer number :  12
125.724232126
0.0729185428005


2.04604305989
0.0181428390012
0.0167248875175
1.55123587267
0.0163890103383
5.93146847868
0.0181991134693
0.0164577528291
0.548321953645
0.0259143814522
0.0156617931595
0.0151587188593


20.520236921
0.0122428774872
0.0123089811532
22.4261687705
0.0122269996597
67.0730470218
0.0124932975159
0.0121701376823
5.38481709784
0.0124714283544
0.0122486765031
0.0121749494962


0.0122882686555
0.0119112979931
0.0122194305101
0.012172414669
0.0119561699879
0.0136214946979
0.0126478616536
0.0117903923383
0.0129071991929
0.0127061653572
0.0121761736421
0.0389088468316
