layer number :  11
204.099288493
0.0700562026119


1.59837161179
0.0160016560112
0.258671671036
1.52856495681
4.32574403102
0.0180023499803
0.023150793529
0.0180967559766
12.5298585005
0.0222879818563
0.0182793450464


15.5115197472
0.0121682359992
2.87691992529
18.1394765492
50.8411809185
0.0135024378736
0.0332357034592
0.0126158510296
95.4019597983
0.0146105036644
0.0124133811138


0.0123806596578
0.0121266548134
0.0120179063718
0.0119693906357
0.0122216711558
0.0121252839648
0.0119284795364
0.0118777828175
0.0131186238141
0.0128450308305
0.0386092505262
