layer number :  21
79.181168378
0.0985332137906


0.0276149641335
2.84865925731
0.0216751720097
0.016029867169
0.0202802088073
0.248710962517
0.0150122276779
0.0147312825235
0.0172493346423
0.0152674250033
3.59509376018
0.0171352095009
1.44042900802
0.0159253743477
0.0155067343342
0.017883952319
0.0216774575335
0.0173537535205
0.0163481354636
0.0150576503365
0.0168494768441


0.0119728910116
23.935574089
0.0418819993113
0.0122125286531
0.012227791672
3.04238114349
0.0121129046699
0.0120316381799
0.0121373247239
0.0121858171575
30.8862601905
0.0120706186669
12.175611296
0.0122490490127
0.0120269301503
0.0120623486776
0.0123624891469
0.0121565983281
0.0122917515109
0.012167474643
0.0122421384828


0.0117551311657
0.0122920090216
0.0118418835142
0.0118119213536
0.0117688936492
0.0119022850025
0.0118801059628
0.0118662824971
0.0118830189652
0.0119744704959
0.0142692541898
0.0120468389747
0.014261709177
0.0127366603119
0.012281845673
0.0120505208421
0.0127833401396
0.0118156586929
0.0119229753424
0.0120751956905
0.0413979473524
