layer number :  18
120.851142787
0.0868490391877


0.0241337175442
3.02910155619
0.0249129104777
0.0160583070246
0.92317193502
0.0171807716833
0.0150635930283
0.631189595015
0.0185171110206
0.0147982323348
0.0150141060003
5.06129535604
0.0200976156824
0.015331628519
0.0192918881852
2.84086928435
0.0268234465038
0.0151254073522


0.0122448276573
23.9714437497
0.0466855308623
0.0121672636596
6.94213392549
0.0120736943403
0.0120292158099
6.57086449282
0.0120163293516
0.0121105490058
0.0121132625112
42.5974551191
0.013023354831
0.0127884736673
0.0122061351625
27.2780205436
0.0126243089908
0.0121117628102


0.0119196133455
0.012441882495
0.0119535849468
0.0117198513472
0.0119835444687
0.0117589851531
0.0119238199938
0.0119915844989
0.011818563488
0.0117926666474
0.0118152334859
0.01340391483
0.0126646609666
0.0133678183192
0.0118018010204
0.0126023875007
0.0119325169944
0.0374214988357
