layer number :  28
159.087363138
0.114250680595


0.0270082114924
2.97416727268
0.0239924196309
0.0166506919777
0.935236768176
0.0154224514651
0.0149301229976
0.671039472121
0.0173039595053
0.0149780119925
0.0147939281693
5.09608314831
0.021369294147
0.0151105401649
0.0165770263217
2.89882443428
0.0192766793383
0.0157087883369
0.0149757334924
0.014983449791
0.0200179166083
0.0201789459873
0.0158328065105
1.55515541835
1.38997312501
0.0157056560274
0.0149806523308
0.0150096176852


0.0123973276544
26.3715870057
0.0532283508413
0.0125983445323
7.66162425099
0.0119985480172
0.0119757703505
7.12872391949
0.0120615139992
0.0120246163375
0.0120162568249
47.0409216649
0.0122884818508
0.0121046578473
0.0122899546598
29.5769172672
0.0131058180123
0.0130070540084
0.0120050716796
0.0120438196851
0.0124816791892
0.0122718856825
0.0122039904818
12.2002413592
10.7718818727
0.0121349862893
0.0121583891644
0.0120514956652


0.0120026741643
0.0122180386873
0.0119732036643
0.0119181534974
0.0118246583346
0.0117383811739
0.0117640800114
0.0137104545332
0.0118533839899
0.0117367173273
0.0118344061969
0.0129347065037
0.0119429448387
0.0120891513264
0.0117934540225
0.0134423481456
0.0122048561461
0.0122336030084
0.0119070250075
0.0119106583685
0.0118961789995
0.0123669816725
0.0119317878271
0.0128246698102
0.012205444645
0.0117557416864
0.0119979749822
0.0461572133548
