layer number :  15
64.021290296
0.106892934628


2.02315400382
0.0155185023323
2.91150550184
0.0174227628158
0.135504294342
0.41480326084
0.0197713694845
0.0158229859856
0.0167549529773
0.0206575526778
0.0173096830064
0.0174643544985
0.0159433321484
0.0166965509804
0.0261662616782


19.430736132
0.0120575404726
28.836115534
0.0121681401894
1.70208607499
6.82719507967
0.0121252156678
0.01214055197
0.0121642010054
0.012267233668
0.0124496790231
0.0121536064738
0.0124587243578
0.0121526666723
0.0122893246783


0.0123714396614
0.0119124605165
0.0119481779984
0.0117748086535
0.0120544703289
0.0119871778491
0.0118841550041
0.011793169387
0.0118578561427
0.011809454513
0.0117774389801
0.0118363353346
0.0118400868572
0.0119445754875
0.0394924914969
