layer number :  24
97.389801488
0.10214123202


3.02567954251
0.0285737743252
0.0170600478304
0.0154353873416
0.0164636934836
0.0166328536968
1.07494435581
0.0156633565008
0.015928933979
0.0300084575041
0.0227582108346
0.0159710301668
0.0161947244972
0.0161047406728
0.0263825579702
0.0223676833751
0.0322180256674
0.0168831649935
0.0158647206651
0.0289508008282
0.0186310038553
4.25470647136
1.14570516166
0.279925194161


24.013003531
0.0414475220411
0.0113011246431
0.0120951126446
0.0121851288325
0.0124183356335
7.59538051401
0.0121213510089
0.0121250621548
0.0131143761876
0.0231889301601
0.0121625851801
0.0122224316777
0.0119637798052
0.0120399380297
0.0123643594755
0.282991203344
0.0123003655074
0.0122248903499
0.0122627166372
0.012363402658
39.9897055025
11.1316202175
4.02251331217


0.0123637626336
0.0119784088262
0.0116311726742
0.0118273865276
0.0118699988428
0.0117923151896
0.0122873456566
0.0119864198496
0.0118159778261
0.0119861421602
0.0120028716629
0.0119126038238
0.0118319979908
0.0117505561987
0.011741117128
0.0118748268578
0.0120333171605
0.0119443599833
0.0119368638261
0.0120068441805
0.0119715554756
0.0142726698541
0.0135439991912
0.0385263271552
