layer number :  21
78.0639816046
0.0995929233964


2.09026685636
0.0202724183134
0.532096924842
0.0284950181958
0.0148383251702
0.0148226303087
0.0148540868152
0.0175109526414
3.42236316252
0.0227533296759
0.234791641822
0.0204450836754
0.0223813883495
0.813460330013
0.0160445778553
0.0159212358412
0.0238859528714
0.0152346756852
0.0392467090278
0.0308370811787
0.0161064903368


16.5823488185
0.0121319123233
6.11530631668
0.0862842983139
0.0119816648269
0.0120130381741
0.0120494544972
0.0120857875445
38.98931279
0.0477333671491
2.13863110618
0.0120593453369
0.0127724716634
5.74360523747
0.0123673831695
0.0119139493133
0.0121785401716
0.0121411194753
0.215104660834
0.0124883466439
0.0123319238386


0.012653601026
0.0118650948279
0.0117119414693
0.0119450744824
0.0117474840372
0.0119263663461
0.0118797498484
0.011797551803
0.0132211380017
0.0125887998341
0.0123325081658
0.0126543478109
0.0134870741749
0.0131392846621
0.0130597159926
0.0125969368188
0.0117230038158
0.0117870064957
0.0118931566443
0.0120207260091
0.0410728193238
