layer number :  24
66.5722809936
0.100237172004


0.0237106718317
1.93313570782
0.0154317928633
0.0148725981514
3.38927036266
0.0165727958277
0.0183985673163
0.0149340378314
0.0162533796586
0.015036631686
0.0164030823119
0.0241247388185
0.402792588342
0.0198432670052
0.0164230355295
0.143747555131
0.0189351169781
0.0160032295195
0.0168069751429
0.493993604323
0.0158760648337
0.0153338008483
0.019175061665
0.0226447980191


0.0122504833271
17.2815300632
0.0121150903481
0.0120951060283
33.5138700862
0.0121787908332
0.0121003290212
0.0121410751599
0.0121087800168
0.0120459313427
0.012155926864
0.0123017491618
3.323704773
0.0123733216509
0.0121884264906
1.52915716235
0.0121179563381
0.0121420498084
0.0122543043496
3.50896582269
0.0123726485375
0.012168519684
0.0121955361683
0.0129768664677


0.0118271348571
0.0125515472998
0.0116761475025
0.0118360563065
0.0119398896738
0.0117179916706
0.0117726433285
0.0118799426709
0.0119205991505
0.0118523466517
0.0118499304905
0.0119090061829
0.0163027851571
0.0118564081495
0.0120223780201
0.0126086808547
0.0117858674881
0.0119483320353
0.0125623996525
0.0129333183092
0.0125200719534
0.0119220363171
0.0127184501616
0.0391646226829
