layer number :  23
44.8178713068
0.104143017181


0.0241904976817
2.92493432582
0.0284950346686
0.0179236265055
0.0247193491475
0.286523445005
0.0178533633201
0.0180530084957
0.17741306551
0.0203399080201
0.29400619133
0.0153520406651
0.0149375500235
0.0194643759945
0.0181226361892
0.0212770177944
0.0173708573372
0.0190412120428
0.016403602669
0.0219502061566
0.0179105539961
0.0152346694959
0.0203125798338


0.0122642466449
30.492361926
0.0675488268608
0.0123021972831
0.012588247327
3.73774113198
0.0121142820183
0.0120387685214
2.05919887315
0.0120543198233
3.45053968549
0.0120761991712
0.0121382326664
0.0120133236632
0.0122763049828
0.0122194815194
0.0122740871739
0.0120668102948
0.0121128021856
0.0120574763471
0.0118941924884
0.0119693599602
0.0122089008219


0.0120579016899
0.0126763813314
0.0118704856529
0.0118893582257
0.0119623900197
0.0119697546664
0.011786814682
0.0118559002876
0.0118857951602
0.0118153910153
0.0119172403356
0.0117038096457
0.0117997044969
0.0118956393368
0.011845510356
0.0118066444799
0.0118744171729
0.0117657751543
0.011832994991
0.011816904007
0.011626259676
0.0117713127013
0.0425761881828
