layer number :  19
110.44159266
0.262362874811


0.0332228315335
1.97056722701
0.0158970998212
0.577818819535
1.51803655515
4.72676882332
0.0592169405039
0.0154139476556
0.0153541455317
0.0173692181706
0.856114601639
0.117748414147
0.0152709143391
0.0150644179666
0.0218139301481
0.149479058843
0.0146145009591
0.0154567231463
0.0149567251598


0.0123994343449
17.603431554
0.0122106010094
6.41233219381
16.8778612455
48.4391879427
0.196375076349
0.0121617855233
0.0121967569576
0.0153830508158
8.07227130834
1.3786945137
0.0122635126657
0.0121589616756
0.0256219256747
1.54154595733
0.0121281191823
0.0122881459926
0.0120303294971


0.0119682473014
0.0122650361542
0.0119737471492
0.012335387175
0.0119975733493
0.0124896741666
0.0122503913008
0.0118376274865
0.0119714325216
0.0118370711959
0.0124036485019
0.0119634296667
0.0124873791744
0.0118084446876
0.0118843421612
0.00991901551604
0.0130662871718
0.0121794487156
0.0377105673348
