layer number :  10
64.583675741
0.061861229036


1.53477791565
0.016865113168
0.0151091806862
2.26473237169
0.0191884969827
0.0150233694973
0.0178770996475
1.51368457151
0.043793911871
0.0184121953207


15.483945704
0.0121084043446
0.0120762254616
24.4469799097
0.0123597956651
0.012086870013
0.0120658481998
18.5728102783
0.247998051306
0.0122506793511


0.0125467314501
0.0119353563447
0.0120978363363
0.0121636506713
0.0118461723323
0.0117523348308
0.0117651668067
0.0120197946477
0.0120584763548
0.035986631158
