layer number :  18
163.98843684
0.0874838461866


2.37196117632
0.0148662909826
0.0168781803028
3.35376829887
0.85854736832
5.49619454301
0.0569882678489
0.0679139501493
0.356946259194
0.0197368439791
0.0153388103742
0.0184206723352
0.323094366157
0.0164782663342
0.0221244113442
0.0157471715162
0.0161192163554
0.0188058841935


24.47303758
0.0120656436581
0.0120985740408
46.0345490613
9.41132549599
58.3943436729
0.418237294167
0.63730939466
3.95335975631
0.0124877742104
0.0126564811411
0.0120888546614
3.66869771752
0.0120183141359
0.0121263856417
0.0123105658373
0.012157118336
0.0121761041616


0.011986473517
0.0118319828568
0.011789728965
0.0124837313585
0.0122671000038
0.01230892832
0.0119870431566
0.0126315935049
0.012244528858
0.0119348229491
0.0126977200077
0.0127361738317
0.0121209555073
0.0121237730103
0.0117669745038
0.0118332673058
0.0118320369705
0.0545336493329
