layer number :  10
9.60717891639
0.0630706873722


0.0154120526859
0.122935478323
0.0161374133701
0.0146806245321
0.265978351818
0.0195242333769
0.0323940771632
0.0150319505289
0.584286558364
0.0177960294726


0.0120879236492
1.40663966901
0.0120315791379
0.0121024308028
3.47116164067
0.0120765341174
0.202327034844
0.012217647008
3.15601393431
0.0122472768611


0.011862647351
0.0118250188146
0.0118086516547
0.0117837090123
0.0118494013053
0.0117429365442
0.0119071286172
0.0130153696519
0.0124551618355
0.0406452618384
