layer number :  19
147.541282271
0.0881951614283


0.0183473621534
3.09311742118
0.026292014188
0.0161910910198
0.0151482856988
0.0189349701589
0.0177950809787
2.89712938701
0.0172875868545
0.0188572459932
0.0192296436677
7.75067440952
1.02894595884
0.0185901449877
0.0180843606746
1.60277156965
0.0391295763742
0.0157547303436
0.0166612255077


0.0122423936846
30.3871314268
0.0548830603366
0.0122743691512
0.0122119394946
0.0123767066592
0.0121171191956
33.0538501311
0.0125201257955
0.0123972826793
0.0123887503481
48.1141769995
5.03265637066
0.0121994649914
0.0121184776848
13.6671610782
0.177126709469
0.0122653735064
0.0126266016548


0.0119269286515
0.0148801334823
0.011855243841
0.0118571229783
0.0118323311714
0.0118402161752
0.011741521322
0.0123307143027
0.0135816361872
0.0122930091456
0.0119398375003
0.0132451071598
0.0131217611876
0.0118178773361
0.0118094376715
0.012704891987
0.012120440156
0.0127017649939
0.0372705151676
