layer number :  35
153.886166953
0.131825080002


0.0268874721369
2.9565310135
0.0255331516382
0.0176539276532
0.0164254040186
0.0217442696642
0.0184816886127
0.0163831790172
0.0154023246723
0.0152668478161
0.0271705663569
5.81783135468
0.0252195499876
0.0266517872999
0.0576154478282
0.0183617183357
0.0169005935119
0.0220835688136
0.0160898121734
0.0150941068229
0.0155379496476
0.0199842863561
0.0200838519765
0.0154710955103
0.0174550813002
0.015688283854
1.35377802098
0.0221093033518
0.0259538780277
1.16735369504
0.0739373704612
0.768365165665
0.0302408946639
0.121808896501
0.0174102484792


0.0123807676913
30.9672142974
0.0597189063556
0.0122555320074
0.0121104705031
0.0127265158226
0.0121951440233
0.0120869505141
0.0121242945121
0.0121782218145
0.012246666806
74.6794990402
0.0139885213187
0.139611231532
0.826623996526
0.0122999606926
0.0121484611494
0.0121770523062
0.0123436879949
0.0120252955045
0.0122972888445
0.0121469173464
0.0121469083242
0.0121822290239
0.0121884461842
0.0122044302989
10.2068646112
0.0125385016436
0.0945211894965
12.472810911
0.636957752538
8.08236649751
0.0123141718408
1.22466977798
0.0125442975356


0.0119386291674
0.0126106893488
0.0119014833278
0.0118484821481
0.0118019990041
0.0119543155306
0.0118193004746
0.0119380333344
0.0118468298266
0.0120024956608
0.0118975686685
0.0120508520243
0.0127210666736
0.0131677738003
0.0125838368161
0.012532248996
0.0129933825228
0.0117939533666
0.0118543675053
0.0117761685009
0.0121923799743
0.0118591798431
0.0125902801713
0.0119072194793
0.0119737435016
0.0119490892199
0.0122129488348
0.0123634953052
0.0118868094675
0.0120743880398
0.0121781074752
0.0121264813545
0.0121064803291
0.0119886259975
0.0375322673353
