0.00381666386966
0.00389430617603
0.00423191751664
0.00394516884504
0.00412673980463
0.0039910513054
0.00389807166842
0.0038093092929
0.0174358102958
0.00379102506364
0.0149207773696
0.00306636060123
0.0029053252268
0.00335478844742
0.00283394249467
0.00279707480998
0.0027112136595
0.00257454626262
0.0172718339988
0.00320061362193
0.00325237462918
0.00626438114947
0.00305075629149
0.0049097010245
0.00314617184146
0.00313087028917
0.0065511484087
0.0153565263996
0.00391818183319
0.00258553167805
0.00232319479498
0.00231411148949
0.017466000126
0.00611931869451
0.00223509164061
0.00187430332881
0.00203389084588
0.00174080960763
0.00192111633563
0.00180667064463
0.00169321153468
0.00186384120025
0.0099168244827
0.0038735838995
0.00408581997423
0.00229543451375
0.001977753127
0.0018099770338
0.00419015887504
0.00403009762522
0.00378490344156
0.00373005944614
0.00219513052919
0.00192582801295
0.00378994919205
0.00264869517802
0.0120959889609
0.00198231567629
0.00187476712745
0.00952113699168
0.00385674636345
0.0020783781462
0.00196605769452
0.00185644902134
0.00186660610295
0.00222055245346
0.00206054766507
0.00190604478121
0.00220391123245
0.00187779384821
0.00200356919474
0.00220533161579
0.0018340543611
0.00187434302643
0.00191924030272
0.00186811352614
0.00185685344817
0.0101907418575
0.00477340883421
0.0027712159402
0.00245682953391
0.00252493695977
0.00240983550126
0.0179483847848
0.00674879698393
0.00502337686096
0.00543776806444
0.00572136785679
0.00352432303286
0.00372938885509
0.00352035063164
0.00663612748031
0.00339937730072
0.0034353750137
0.00352889035518
0.00338585965801
0.00345523376018
0.00433852054023
0.00320401783877
0.00319670621927
0.00304057247316
0.00309703048939
0.00324920933539
0.00315526729295
0.00310191737178
0.00286490602108
0.00302820668245
0.00364936581658
0.00332812646715
0.00535167264752
0.00447606819216
0.00366441750278
0.00347978144418
0.00342248717789
0.0160306541948
0.00217949866783
0.00199015283336
0.00195696224303
0.00219747695761
0.00227173949437
0.00827862760829
0.00777705855823
0.00288384850137
0.00318404962309
0.00205936438094
0.00199715851341
0.00185963903399
0.00223099983608
0.00203764865485
0.00177346961573
0.0018494676721
0.00175738513159
0.00165649635407
0.00167320137067
0.00201193514901
0.00223803019617
0.0127136269584
0.00400016270578
0.00221141745957
0.00198183829586
0.00191572750918
0.00191413568488
0.0113118726682
0.00371073524002
0.00245883630123
0.00230472437882
0.00214902866477
0.002109789794
0.0024280223685
0.00198599432285
0.00214626962164
0.00193199049682
0.00184164064316
0.00202973167567
0.00197509901288
0.0019568921222
0.00191113546801
0.00219373439905
0.00222601248728
0.00229832165254
0.00210541766137
0.00224962295033
0.00220407499001
0.00225772471943
0.00198211132859
0.0021830991221
0.00198949085704
0.00189535226673
0.00178905308712
0.00843307969626
0.00413923481634
0.00217355597609
0.00198015252439
0.0017718654514
0.00177796309193
0.00170243752655
0.00544072672103
0.00176902635334
0.00173841086992
0.00180619532087
0.0018981792964
0.00182733296727
0.00183880763749
0.00168339694695
0.00175963404278
0.00177844908709
0.0017964662596
0.00219177415905
0.00214075180702
0.00206150172744
0.00187259652497
0.00911285014202
0.00619503219301
0.00332882934405
0.00332526381438
0.00238759416
0.00239499592378
0.00919488045233
0.00284326650823
0.00284283980727
0.00218839601924
0.00230638450012
0.00238296940612
0.0111547698422
0.00303794808375
0.00262054447861
0.00380076072179
0.00340862188023
0.00656442999995
0.00264148251153
0.0024936721505
0.00251824315637
0.0287025930205
0.00350070127752
0.0184298978032
0.00394969286087
0.00222792612234
0.00207290728577
0.00185602949932
0.00188956200145
0.00222469738219
0.00190667551942
0.00196274214735
0.0019454700329
0.00189066232027
0.00304901281682
0.00249690383983
0.00223570895226
0.0020203058375
0.00188209155264
0.00187936902512
0.00178666599095
0.00188364061372
0.00179486267734
0.00197662754605
0.00903622064895
0.00366696420436
0.00227235564186
0.002288994845
0.00306090499119
0.0032122573272
0.0022782899905
0.00201056719137
0.00455102712536
0.00206125682841
0.00188390064674
0.00188140299482
0.00225197597562
0.00230308858833
0.00217470379236
0.00207768861825
0.00209274612522
0.00181821904455
0.00170484930277
0.00179415161256
0.00179309285401
0.00193397883171
0.00175895231466
0.00185251239842
0.00307144519562
0.00393302901648
0.00369114242494
0.016936095509
0.00391933950596
0.00422441152235
0.00309408657874
0.00180874567013
0.00254782580305
0.0020071407392
0.00179300565893
0.00421275229504
0.00190510461107
0.00186889385804
0.00167609056613
0.0022038014528
0.00194049063915
0.00174543816441
0.00185560485503
0.00251085190878
0.00178390481354
0.00936562517502
0.00396146182902
0.00593842763919
0.00220767513383
0.00209407504493
0.00221317610703
0.00202206204025
0.00193858732625
0.0024037110464
0.00198313186411
0.002060601837
0.00185298946841
0.00208398567823
0.00190691971996
0.00195965838308
0.001867164198
0.002159378957
0.00192420510575
0.00198298417187
0.00172355018246
0.00166542447793
0.00175107988374
0.00169931115428
0.00179375502436
0.00216715650943
0.00219999746575
0.00201264349744
0.00186432133584
0.00902786470639
0.00226862600539
0.00193805294111
0.00273893967581
0.00257350884689
0.00263406266458
0.00230385297133
0.00231846278378
0.012654389604
0.00226264551748
0.00205035484396
0.00222019160477
0.00185913751678
0.00209123602447
0.00350784052473
0.00204248400405
0.00196151000758
0.00178954532991
0.00173606281169
0.00171545799822
0.00169274234213
0.00190762651619
0.00184227790062
0.00916913574717
0.00529769451047
0.00292612464788
0.00277167667324
0.00282319751568
0.00317166361492
0.00331870326772
0.00830851390492
0.00259024630456
0.00268514694957
0.00255700235721
0.00259313227919
0.00255360985951
0.00268538455324
0.00251919601578
0.00266750835969
0.00248699235575
0.00565386097879
0.00325375966107
0.00326242786832
0.00320466328412
0.00309635015825
0.00224230166835
0.00501067160318
0.0157940409069
0.00501412797409
0.0022228853389
0.0021267766521
0.00221500797973
0.00195255937676
0.00206099015971
0.00186211511027
0.00184941264646
0.00215516068662
0.00193245716704
0.00219483281641
0.00233110692352
0.00219325484553
0.00460105680394
0.00204441529543
0.0018874842984
0.00184770394117
0.00182166253217
0.00224750019455
0.00195978186093
0.0126450425402
0.0021130956787
0.00194641489846
0.00185172302493
0.00217323905478
0.002085932026
0.0165656760801
0.00372474248676
0.00220730147945
0.00189378011661
0.00188823801
0.00223621012022
0.00202133145649
0.00182244224318
0.00171119665417
0.00177936779801
0.00169280249005
0.00175831560045
0.00190543705442
0.00220741661421
0.00183959053053
0.00202533117651
0.00210471951868
0.0020244528229
0.00204823930593
0.00175682001282
0.00223322686118
0.00203602896848
0.00212750731346
0.0019806700293
0.00912782456725
0.00381722953171
0.005480737503
0.0020283239428
0.00186343696745
0.00175341730937
0.00213640959313
0.0019959033234
0.00185559445526
0.00209418338879
0.00212545518298
0.00220858286291
0.00179783782611
0.00184846743165
0.00173022481613
0.00172786791033
0.00236214813776
0.0022206697225
0.00212377903517
0.00220142766678
0.0021376250467
0.00212290114723
0.00246694268814
0.0107954041644
0.00469545061545
0.00227234885096
0.00212400550178
0.0019599510512
0.00211822567508
0.00206721399445
0.00217808131129
0.0019061253018
0.0102086916644
0.00380833889358
0.0032048484621
0.00307809060905
0.0031923953987
0.00288573621462
0.007979099988
0.0043596966813
0.0030242271799
0.00291032514845
0.002794749996
0.00355040984384
0.00284143886529
0.00377765445349
0.00260213778044
0.002977302686
0.00238652015105
0.0018959363224
0.0017192926025
0.00943124069211
0.00226351382056
0.00196067119638
0.00190872384701
0.00242604365728
0.00234618317336
0.00229670953316
0.0024559230078
0.00216049514711
0.00197622315803
0.00933139786745
0.00259239870744
0.00202678163381
0.00194550220234
0.00224049726967
0.00315286021214
0.0146183400259
0.00579816444467
0.00638830665655
0.00386868285326
0.00195568431324
0.00194770563394
0.00188920332584
0.0021557873503
0.00207793918283
0.00183297379408
0.00192414794583
0.00184403507349
0.00897806681072
0.00397197618925
0.00249756748478
0.00203080917709
0.00183709252936
0.0023370491496
0.00203705159947
0.00313281380416
0.00288644518393
0.0065838393445
0.0121947613467
0.0040231202729
0.00828108598943
0.00277486105915
0.00256689098508
0.00258203584235
0.00272108598923
0.00259911385365
0.00844119729784
0.0026788932737
0.00256293014779
0.00236807581192
0.00926829901679
0.00999165085764
0.00324690031509
0.00325951570024
0.00296688483407
0.00332865666132
0.0028892228147
0.0151316102129
0.00371067877859
0.00217900731756
0.00225505842051
0.00211085317035
0.00209155100553
0.00222365298153
0.00197177473456
0.00196335503521
0.00191879904984
0.00363021289619
0.00179795497873
0.00191862768649
0.00191364344209
0.00487932539544
0.00238874302401
0.00954631646165
0.00792110389254
0.00491088741304
0.00331053382251
0.00312028743793
0.00321257847827
0.00308596746375
0.00314035619764
0.00317382063561
0.00303141004406
0.00313230293492
0.00303350734369
0.00301618369606
0.00255391614822
0.00191601552069
0.00195888294062
0.00496399895443
0.00456320482772
0.00276270516527
0.00221399885292
0.00293468877983
0.00242612767033
0.00255334606239
0.00246720035405
0.00246458419133
0.00254292390309
0.00263941885593
0.00239500651757
0.00306126995323
0.00372428303429
0.00223139316464
0.00963677667703
0.00425269734114
0.00547090102918
0.00239858943193
0.00223332767685
0.00214882315292
0.00211478098451
0.00218405966492
0.00230347415588
0.00216569763143
0.00220873299986
0.00209776218981
0.00376432846921
0.00193463622903
0.00923284170372
0.0046714481044
0.00234871000672
0.00223519850988
0.0022613251737
0.00219305352463
0.00222554449768
0.00232052667222
0.00224216546242
0.00219502567779
0.00208488867308
0.0021787431712
0.00220846702966
0.00386132800486
0.00347059868121
0.00325276066238
0.00219237369795
0.00283992938542
0.00248683802783
0.00193969331061
0.00284751632717
0.0123194996656
