0.0119168293895
0.0121307586863
0.101282172797
0.011946023209
0.011359889914
0.0142538521516
0.00824095204006
0.0153240730287
0.0107427045004
0.0117099440734
3.0398955514
0.172040122678
0.0131906896907
1.01810365616
0.0203535601807
0.00634900441704
0.006232813932
0.00829059397802
11.2961960407
0.0143956099637
0.00825935815617
0.0100845684065
0.00788230448961
0.0109273159954
0.00875411310699
0.00688698654994
0.0145501445125
0.0101236412302
0.0160481448208
1.67428174289
0.00569809084603
0.00611136306543
14.0711839436
0.0979642831953
0.259996176116
0.00887415550339
0.00901671984077
0.00492233802409
0.00755054911132
0.00624381386053
0.00425514450762
0.0043294338199
0.00893885917805
0.0120674985228
0.015381409127
0.170694583949
0.0070288553834
0.0111903771758
0.123934783818
0.0146430775058
0.00821282419686
0.00825829070527
1.57657583073
0.00628253864124
0.0733093301533
0.00588061547993
0.300851407616
0.00535695751508
0.00655407768985
0.0059678373703
0.0120192114264
2.98575505304
0.0498986998185
0.00770345345761
0.00527138802378
0.289119265741
0.0133073395118
0.00599470668627
0.218134631015
0.00490619948444
0.0116322877972
0.89690912251
0.00713769055436
0.00485134497285
0.0103383408471
0.00598444599503
0.00571446066413
0.00422014982905
3.03312289676
0.0577217315246
0.00734256599874
0.00579381699208
0.00905235053506
6.89652332167
0.0881918580272
0.0129097288785
0.24111300734
0.0371180987374
0.0121587326673
0.010545517318
0.0107232141697
0.00764838835069
0.00936527550221
0.0104959983922
0.0153744821825
0.0106432688578
0.010506498705
0.559456872521
0.00733266215927
0.0100919644659
0.0069798011488
0.0107052770909
0.0111156226291
0.0130252596767
0.00687077606562
3.05279164548
0.0636391588487
0.0979963394736
0.0233645906749
3.87389518305
0.13685319953
0.177510735462
0.00774377518489
0.00754289573524
0.0136129738142
2.4457320597
0.00669881585054
0.00865893453981
3.45015424595
0.810830107424
5.1985441182
0.0985863721386
0.0979513489486
0.372876935755
0.00528651937687
0.0105681981659
0.00491959403735
0.344924217167
0.0104052888152
0.00762704631779
0.00777599987728
0.00426139193587
0.00417052205497
0.00421147331751
0.30787118633
0.0929658235594
0.0164485766242
0.0123246714938
3.13445363198
0.0534053717274
0.00559429187948
0.00583142251708
0.196474979826
0.0125318588689
3.07393882431
0.0556513161476
0.00866650502817
0.00872391066514
0.200052458056
0.00601271349781
2.9277601088
0.112679076342
0.0047824108818
0.0168322017416
0.00466449395754
0.00590779884563
0.00720376331204
3.91040738016
0.172887856452
0.00656911307791
0.0108814028402
0.00520554250882
0.00812123696475
1.8857301753
0.0081365283113
1.69220678268
0.00821389552825
0.0260821410144
0.00492194263885
0.00429968268145
0.0318434501532
2.95640309244
0.0598932192661
0.00530595728196
0.00420716536852
0.00448207083779
1.63379296013
0.00578238330005
0.00578330185575
0.00470049698682
0.00902551501836
0.00927625402499
0.00492170022335
0.00484895737221
0.00417375386072
0.00410777986205
0.00849258713424
2.0358792609
0.251985276351
0.0169570551564
0.00454038125463
0.00440468604211
2.19899436835
0.00789066699023
0.00888378894889
1.64083544821
0.0106300777212
5.72445141955
0.210690964362
0.00799644245611
0.577600622627
0.00746650896811
0.00962207446961
0.0089745859926
1.55291892487
0.00787592815079
0.267608421234
1.65217512229
4.58668048071
0.0063238691849
0.0258970193099
0.00861809503597
12.8923411616
0.0297419728401
0.0139669333973
0.0158827693667
3.08518401646
0.0535342696433
0.00813474114209
0.00529875128996
0.296809246182
0.0070496406018
0.00720042979811
0.00447551999241
0.00592119692981
3.67593730218
0.136961698843
1.74506152251
0.0078245838328
0.00655662536156
0.00496321978668
0.00481561932247
0.00958357700921
0.00555244755621
0.00753307594762
0.00591493149599
0.0118961666788
3.03773119014
0.0550726771665
0.0065062486877
0.928347851654
0.00819286436308
0.00484731246252
0.675827459122
0.00632331465992
0.00482856765545
0.00435349539233
5.08152529473
0.0175733273694
0.00504101025096
0.00516450917348
2.70053584971
0.014973618323
0.00731470051687
0.00602471382202
0.00449589150958
0.00875052215998
0.00445633051762
0.00441730460928
0.0995719314089
0.0898993647813
0.0182093988406
0.00796974632734
0.0121925819743
2.89052067798
0.0580596326618
0.00595374327774
0.926326711468
0.00754907234418
0.00459757839174
0.63829506468
0.0064025085109
0.00449944384551
0.00426932432068
4.96331388247
0.0136969418575
0.00463712001996
0.00418808419878
2.76571094338
0.0100479150036
0.00723045881993
0.00861672133518
3.06727820231
0.0539579823769
0.00659059434353
0.977247816471
0.00669780621926
0.00933207781054
0.673053864157
0.00477723086563
0.00884819263591
0.0059566720156
5.12568942302
0.00874081281169
0.00766830181238
0.00450242400014
2.69535719716
0.00965797808021
0.00752744571461
0.00596167783564
0.0042737245094
0.00721699519393
0.00595749460626
0.00428202919041
1.47252255861
1.43331320972
0.00812448638802
0.00595102944256
0.00430957480178
1.58566961833
0.00666532133861
0.109348127657
0.0102671418184
0.0111665054768
0.00585106073413
0.15884632819
0.0113445155245
2.09638871171
0.00518033634095
2.90791615898
0.00606474703333
0.179514965275
0.44956062998
0.0267677639301
0.00550207216293
0.00481837250603
0.005007986639
0.00687624032919
0.00447728562479
0.0115007978166
0.00437444801598
0.00424883336139
2.98626363013
0.061635520348
0.00769377821901
0.00794872618281
0.0152507308327
0.00698632521865
1.17560885792
0.00681357085704
0.0112821973162
0.00726232635013
0.0229942951895
0.00941241187199
0.0101219283339
0.0114223476655
0.00808858312667
0.00637682333278
0.066014642478
0.00823685398791
0.0128904176721
0.0131615103067
0.00694134563673
4.20835629649
1.20019042562
0.351821991693
2.08531064816
0.00831225766645
0.580605395526
0.0561359549562
0.00759983982425
0.0093656926571
0.00442012023026
0.00441134150606
3.29554343158
0.0576606057197
0.266158328508
0.0156483915246
0.00715897383635
0.761682258337
0.0089398106793
0.00493928685319
0.00439237205622
0.00725323272247
0.0787678009365
0.00491843667502
0.00637532382583
1.64542163679
0.00483898752524
0.00599559528443
0.247604079273
0.0192450326091
6.00572986168
0.0245158163598
1.96389820551
0.00542964665996
0.00590948329773
3.3320262318
0.0807514670305
0.00455380755011
0.00445703436465
0.00412437052
0.00429863315852
0.00579025080272
0.0115912808882
0.359578484436
0.00679401839928
0.0116579028157
0.179191844033
0.00626431781953
0.0117026376926
0.00558289082255
0.408474090858
0.00624054297805
0.0114057766817
0.00451762485318
0.00436511926819
0.0158482770203
3.02850354238
0.0563623013052
0.00626326084602
0.00513891250982
0.304418173502
0.0130930036928
0.00450806048078
0.219192728323
0.0301865083165
0.334003005448
0.00520138000138
0.00472300352218
0.00474524373809
0.00480097633165
0.113013377762
0.00661055052963
0.00488633072625
0.00492272363044
0.00477764301468
0.00492473784834
0.0158109731662
0.00657763297204
2.99666455695
0.0574049163455
0.00589494244195
0.00487928038152
0.00488940133558
0.318624460798
4.39620050551
0.0127413880158
0.00613218235474
0.0130745524851
2.01138518099
0.0175497810123
0.599092117511
1.89546834933
5.01969911946
0.109807485016
0.00674009936241
0.00677986679754
0.0122190698748
0.923360810849
0.184654928472
0.0163115608351
0.00591865601018
0.0353013611554
0.181154598055
0.00503829998585
0.00441883516032
0.0101202330164
1.62874250801
0.0102155311809
0.00588562514167
2.04104711856
0.00808065535967
0.00495095997272
0.0612915559517
1.53687453414
0.0751704613213
0.00593348844753
2.41087804145
0.00518867082428
0.00678359686086
3.34488084043
0.874137100725
5.19705010349
0.0926712894968
0.108647570596
0.378228544141
0.00503506499808
0.00620454487701
0.00430785953843
0.361500297867
0.00622212867408
0.00902849365957
0.0107169618132
0.00465765901996
0.00418811012059
0.0154608578111
0.157043476046
0.00611348551077
0.00463147034558
0.32650434284
0.00828473921865
0.0827790541419
0.00659961365939
0.67916505062
0.00915770069696
0.0190786576908
2.95305336146
0.0579973985053
0.00735100180221
0.00605192303192
0.00731724461851
0.0195592441208
2.97179294024
0.00988901402647
0.00711992220022
0.00638379734785
7.99187127536
0.835536145683
0.0131934874225
0.00785990152508
1.69564695649
0.0900123460452
0.00666582297223
0.00799477534989
0.00822029829336
2.86597830651
0.0566186288294
0.0098049188964
0.00728510564659
0.315203926565
0.00644323416054
0.00749026626969
0.00437403396548
0.00454299904717
0.00467833562288
0.0073087408673
0.00580921990332
5.95414566124
0.00601375549256
0.0680853254938
0.0963794641041
0.0118226424868
0.00691096197503
0.00678921285241
0.0112727485442
0.00699252146296
0.0126646848318
0.0113165669997
0.00716463150457
0.0066974204965
0.0134868490277
0.00670797793039
1.43298775311
0.0078327525019
0.0624061083266
1.05431610839
0.0982145981784
0.773744608314
0.00541073215815
0.129081369184
0.0062230185528
0.0100471213615
0.00589441678797
0.00651479427082
0.0102543537893
0.00890394179927
0.00570344897763
0.0793797597677
0.0983577984929
3.32797832748
0.0053989700585
0.0154712652244
2.86870943188
0.0573773273112
0.00766649233023
0.00533594505396
0.00493723138546
0.00806180449824
0.0110752703622
0.00500523364948
0.006351722676
0.00492556067183
5.84951267236
0.00520971805478
0.0632832308377
0.0912662141879
0.00864511161733
0.00523433349251
0.00649844847308
0.00516903509075
0.00801625320068
0.00809709731645
0.00830045194986
0.00505124707706
0.00663179112599
0.0067378191355
0.00810041604563
1.11688454213
0.013743136505
0.0654350124921
1.21995807676
0.0865694453241
0.737906862477
0.00629058631603
0.146090182204
0.00905342392312
