0.00503350739988
0.00507016064754
0.482211982172
0.00445527393216
0.00492879631929
0.00518407319517
0.00430139810002
0.00500635084851
0.00460185351161
0.00509506359231
32.6285033011
0.0320928965229
0.00614056080425
8.94090245784
0.0051271741977
0.00307343989456
0.0029862964293
0.0031025147376
140.355299532
0.00580352703885
0.00448013372564
0.00570329643476
0.00349538105851
0.0054747738565
0.00438860000577
0.00347559600292
0.00770166504663
0.00393549325721
0.00601232847354
13.0737143492
0.00248630833812
0.00257842165107
154.391405753
0.581595349514
1.88070733938
0.00220670298828
0.00543006296114
0.00211463422359
0.00261176656931
0.00212721445132
0.00201007133971
0.00209238345269
0.00270648964215
0.00498900244323
0.00592076204096
1.37895767468
0.00252164163006
0.00294561016684
0.910740905636
0.00764151464683
0.00443870054248
0.0042554915417
14.2722383285
0.00247091318791
0.255673692833
0.00295142064957
2.49771215122
0.00222613534424
0.00245534314308
0.00240432917296
0.00495311548002
24.9447710962
0.0142120854774
0.00259832870991
0.00211063679308
3.16467865134
0.00277933885809
0.00240263199279
1.94200760196
0.00208949619749
0.00355643061145
9.46518529117
0.00224194147935
0.00214569747914
0.00302498337502
0.00243381783366
0.00222062133253
0.00245746566604
31.4348442372
0.016710338532
0.00282916900081
0.00280037002327
0.00379546460074
69.8269578636
0.366361418157
0.00560869513235
1.89396678397
0.0220296110104
0.00531553496451
0.00453504714339
0.00449556601234
0.00394372618757
0.00399049220141
0.00420814279156
0.00496359879617
0.0043070326404
0.0042337833438
5.02432934016
0.00357939865595
0.00423067330848
0.00354066448441
0.00372185864641
0.00415889685973
0.00446935781899
0.00356290664058
33.6158144853
0.00495084216042
0.331442867173
0.00511435050673
30.6228421958
0.784322956305
0.00444444369835
0.0039355501843
0.00385078927502
0.00516913101698
19.4219875477
0.00269117047234
0.0031216267962
36.1893444
7.40868328275
47.8333442553
0.290750117507
0.420312191049
3.17342599889
0.00220948461599
0.00345214782283
0.00203750577445
3.28735901567
0.0030316573102
0.00220683589578
0.00253933935892
0.00210578367114
0.00198297547952
0.00187101180199
2.68948436117
0.00256529011919
0.00448120187503
0.00523163863303
24.7628815882
0.00921328532665
0.00209708461383
0.00259142718278
2.29305195711
0.00561890293224
24.6090091972
0.0159621658192
0.00299356928251
0.0034195575087
0.880622118596
0.00247499203154
30.2563550775
0.00276166200638
0.00206908994975
0.0169363591509
0.00208530365489
0.0025438303904
0.00288609803344
30.7523395814
0.00257800597077
0.0027588554658
0.00363051452829
0.0024028501939
0.00310773806025
11.3358095913
0.00283112035444
14.9615174502
0.00298558963308
0.00243853257658
0.00208126152089
0.00200189987663
0.00756105850451
24.247914027
0.00312565593049
0.00201762638365
0.00201270539159
0.00192827351081
15.784284796
0.00214019879543
0.00205066179235
0.00207550998312
0.00299621683856
0.00315031133747
0.00206725512786
0.00204150720189
0.00197937261934
0.00199951526399
0.00266801267086
20.6074669233
1.51854863417
0.00434619999335
0.00204149098136
0.00210927966206
20.6900794336
0.00372918501186
0.00368808004229
22.2532463569
0.00368235520242
66.3205412098
0.00342673866544
0.00367346134347
5.34662888739
0.00287328419896
0.00339193195881
0.00296424317639
15.923790921
0.00335071717079
2.96440280675
18.5976928183
52.4442291645
0.00289537633459
0.0203568704892
0.00377933564596
99.7862704449
0.0173521459801
0.00611273583491
0.00562498997897
26.1829404847
0.0156353299195
0.0027631513464
0.00215339086329
3.37881074749
0.00259100354742
0.00298685433033
0.0020986381763
0.00230837939307
33.123517577
0.0034624315255
13.150338376
0.00292734665952
0.00249087814397
0.00212667416781
0.00215420980627
0.0029959793513
0.0021042379861
0.00257083482574
0.00245919486042
0.00482777401339
24.2981159175
0.0116598356981
0.00244423079615
6.92953645752
0.00311070649574
0.00220178482899
6.50136090307
0.00248435337562
0.00203665768883
0.00202678109053
43.1860299081
0.00699673216635
0.00237798399758
0.00241154137378
27.3544576693
0.00801674982844
0.00285427330528
0.00238477574506
0.00205928215291
0.00253051317607
0.00198298999263
0.00198486451215
0.27036950939
0.557810747336
0.00517448736355
0.00410224974621
0.00501439219807
24.1657649766
0.00872903763473
0.00206949934363
6.75694276373
0.00252418386905
0.00207621918525
6.45059154264
0.00257674437793
0.002140017692
0.00196116378841
42.7819968915
0.00537594466005
0.00196568815348
0.00197338211971
27.2664546861
0.00236043966531
0.00278180166303
0.00436640961561
24.3067562187
0.0152859506973
0.00240087501394
6.86044043966
0.0025855472777
0.00288394935584
6.34272797464
0.00221386412159
0.00321833715619
0.00241463984518
42.8953008833
0.00244305131491
0.00280978895413
0.00207672349643
27.4099108386
0.00233146299918
0.00284114080326
0.00238438784921
0.00193157912387
0.00263598033537
0.00233865719444
0.00193155847955
10.7332889237
10.6334465775
0.00283659346557
0.00241371892237
0.00201706316633
13.11135363
0.00250321855614
0.929593814343
0.00393457602089
0.0042590588176
0.00276261862988
1.82572535953
0.00325245402443
16.6044118897
0.00224841684879
24.5567683484
0.00227048818488
1.62962198517
5.92471852503
0.00397456119147
0.0022615606819
0.00199751435624
0.00202723235513
0.00223562082586
0.00199611869175
0.00299073883798
0.00214744145827
0.0019590172839
30.8722263457
0.0306571831461
0.00318908198581
0.00377026611629
0.00645695001973
0.00347426215497
9.41949207056
0.00292443984654
0.00405642568754
0.00266693264712
0.0167242390259
0.00362059163551
0.00365500493596
0.00365350550661
0.00317920965608
0.00283882999793
0.178679091507
0.00372629053891
0.00434183197406
0.00439911421078
0.00358165622068
52.8595562225
14.6531767449
4.77184816112
16.996054746
0.00332189083565
6.02908126331
0.0624834167538
0.00258923085251
0.00275080480302
0.00205522496253
0.00197637085027
39.2272547004
0.00952226280546
2.03801022947
0.00275994154314
0.00237515786042
5.64716235432
0.00327170019348
0.00213828601409
0.00208875680498
0.00261733634397
0.133906745158
0.00217087128355
0.00254719882893
12.7697206453
0.00208511129798
0.00246074233049
2.22404184468
0.015120567327
67.2427999312
0.00717024617673
16.650429626
0.00212927205333
0.00254033866804
31.8720425974
0.00481729550908
0.0020954781988
0.001972056188
0.001923796682
0.00180187084091
0.00237020656156
0.00308833414844
3.28346217637
0.00260610463253
0.00375537597574
1.46797868578
0.00241537186473
0.00319955129332
0.00208331485434
3.4544811688
0.00246793567203
0.00373690936249
0.00219234335236
0.00190173163234
0.00550109415781
25.2132451726
0.0103524246951
0.00223257575029
0.00209611599955
2.92332158455
0.0041603440186
0.00213878888947
1.79022182047
0.00247875267329
2.75044365553
0.00227156797579
0.00207410384124
0.00200948984517
0.00197143344364
0.00362719735131
0.00260967734115
0.00239960220643
0.0023860783549
0.00232536209902
0.00239296179886
0.00370604835916
0.00246020317233
24.1987143811
0.0150808381926
0.00236387869033
0.00231787841767
0.0022504410008
2.21273770967
43.7275965469
0.00430711184162
0.00401047795701
0.00676722296823
22.5305801395
0.00644507173759
7.9033614231
21.352981347
61.7929362657
0.231752091863
0.00343409440635
0.00329875938284
0.0094187304688
10.0473130957
1.44694648097
0.00474665802903
0.00299820234068
0.0162139408446
1.58021887547
0.00223692820873
0.00208264620354
0.00322114563702
12.4124698562
0.00315563982198
0.00246260070708
19.342483319
0.00335898219298
0.00246322830208
0.00278387866759
14.1558061722
0.129819358078
0.00238415102164
20.7615846256
0.00228205753956
0.00267901745004
37.6976918642
7.6947413955
48.9675469124
0.377577581327
0.414088484831
3.17829133419
0.00220686302055
0.00232441630215
0.00206462914745
3.46915132529
0.00236338481773
0.00224437638341
0.00305803186105
0.00208413849274
0.00199069816154
0.00565986063642
1.3457111518
0.00243301165756
0.002026810466
3.21686257899
0.00310388071618
0.232623556202
0.00336802234718
3.00058623687
0.00391300627962
0.00645032389245
29.7118589864
0.0286580679628
0.0030307766671
0.00284810267234
0.00349019603649
0.00292593038951
32.3468500015
0.00403777234411
0.00331811168386
0.00281509834652
47.6162354279
4.79958226745
0.00521152008635
0.00367267930415
12.8090423015
0.117459401333
0.00326790819721
0.00343624560628
0.0042190028665
26.2027451217
0.0124545503641
0.00348601851147
0.00295302411541
3.37324960118
0.00259333348368
0.00276419900668
0.00220602378249
0.00208916778987
0.00215205166023
0.00247592444066
0.00227609932578
60.3824725734
0.00263831814906
0.0909180454522
0.780102819592
0.00574277962248
0.00358970963862
0.00354214536492
0.00510636220375
0.00344666353582
0.00420300181334
0.00401373184286
0.00343851966318
0.00337628085011
0.00399728286235
0.00337076520858
8.49403028702
0.00294586581489
0.0355263256934
10.4796783165
0.473724652198
6.65260306036
0.00248205362975
0.966830083053
0.00286582709911
0.00359231644931
0.00283795385622
0.00275073254791
0.00354396027978
0.00324685452506
0.00281839899253
0.227884517595
0.455228718153
26.3843611092
0.00225122342818
0.00554303976241
31.704506621
0.0165451488768
0.00305410063205
0.00243624501551
0.00235815346241
0.00336047265834
0.00436271203217
0.0023941694914
0.00262125903585
0.00234319095034
75.2413030178
0.00219480072458
0.0610572649554
0.541910906245
0.00383380998392
0.00260045286268
0.00295589786644
0.00249079715771
0.00310447117469
0.00282214186154
0.00289143586997
0.00252922764048
0.00260103385275
0.0024728521627
0.0028636426044
10.138236299
0.00551168981474
0.0731287418554
12.4657344229
0.389840792787
8.13406226485
0.00245428519944
0.958275956954
0.00354002590757
