layer number :  9
0.802814173978
0.0378568531014

jsonTime
0.00833999598399
0.00933342799544
0.109298533993
0.00959370890632
0.00913888588548
0.0255715970416
0.00830510212108
0.00981928105466
0.00808941200376

layerTime
0.00412967707962
0.00411202991381
0.481591572054
0.00463179009967
0.00446484913118
0.00651000184007
0.00414733379148
0.0043046430219
0.00403028307483

checksumTime
0.00348270195536
0.00366120808758
0.00401412905194
0.00385138997808
0.00395633094013
0.00407077907585
0.00397302908823
0.00361298094504
0.0170976358932




layer number :  9
0.806038978044
0.039522371022

jsonTime
0.00819719000719
0.00811245618388
0.0893828389235
0.0105670739431
0.00822813413106
0.00874442793429
0.00893288594671
0.0270285489969
0.00829933118075

layerTime
0.0041860351339
0.00440517789684
0.500857125036
0.00474899588153
0.00430610589683
0.0044515451882
0.00484022009186
0.00632459600456
0.0043005598709

checksumTime
0.00366174383089
0.00370990810916
0.00415931805037
0.00379656604491
0.00404124194756
0.00394625798799
0.00389615795575
0.00386344385333
0.0178071421105




layer number :  9
0.812863360858
0.0391850748565

jsonTime
0.00821297592483
0.0278730110731
0.11340960511
0.0108104168903
0.0249544118997
0.00927918707021
0.00802323780954
0.00967902014963
0.00855569820851

layerTime
0.00423508207314
0.00895386608317
0.460407807026
0.00433752010576
0.00637199007906
0.00446253782138
0.00425280816853
0.0043886709027
0.00431207590736

checksumTime
0.00354801281355
0.00414148182608
0.00401387899183
0.00373786897399
0.00433726701885
0.00417577219196
0.00376716582105
0.00398800196126
0.0176936609205




layer number :  9
0.843239116948
0.0572638239246

jsonTime
0.00825685495511
0.0285283180419
0.103914120933
0.0097831171006
0.00845530279912
0.0246533520985
0.00839948002249
0.00933870091103
0.00830908515491

layerTime
0.00441759405658
0.00821311306208
0.483463526005
0.0043536038138
0.00436346419156
0.00658402591944
0.00400881282985
0.00438030995429
0.00454653892666

checksumTime
0.00397727289237
0.00428038905375
0.00424293498509
0.0037846302148
0.00375162484124
0.00429630209692
0.00369068514556
0.00372951896861
0.0185512059834




layer number :  9
0.800080776913
0.0388768869452

jsonTime
0.00799669302069
0.00906015699729
0.0905099590309
0.0093781221658
0.00837023602799
0.0083575360477
0.00864064181224
0.0266707481351
0.00825037015602

layerTime
0.00432124990039
0.00430820090696
0.496483069845
0.00440456392244
0.00424244906753
0.00416213786229
0.00453681615181
0.00607714895159
0.0042069889605

checksumTime
0.00405951309949
0.00370690017007
0.00419121794403
0.00369492499158
0.0036912439391
0.00383886718191
0.00362306088209
0.00405176286586
0.0185923329554




layer number :  9
0.836364330025
0.0812741110567

jsonTime
0.00808620499447
0.0082212749403
0.105592297157
0.0101527690422
0.00795189710334
0.00830605905503
0.00816882378422
0.0253131159116
0.00785517995246

layerTime
0.004364348948
0.00422262912616
0.479487190023
0.00470612803474
0.00410474999808
0.00421245396137
0.00435213721357
0.00594302709214
0.00416913907975

checksumTime
0.00390834407881
0.00367479585111
0.00439293379895
0.00358815700747
0.00393564789556
0.00387916411273
0.00400036992505
0.00398601894267
0.0166331599467




layer number :  9
0.808779821033
0.0384907810949

jsonTime
0.00896410807036
0.0279626930133
0.090977136977
0.00995302596129
0.0249100779183
0.00807658513077
0.0080681880936
0.00922672403976
0.00857890816405

layerTime
0.00439273007214
0.00881578307599
0.480626972159
0.00453114602715
0.00635856599547
0.00474662589841
0.00425563193858
0.00442400807515
0.004404110834

checksumTime
0.00394843891263
0.00424646981992
0.00399413891137
0.00378874014132
0.0040024688933
0.00390793406405
0.00358967692591
0.00364465382881
0.0180525251199




layer number :  9
0.80928199715
0.0418666831683

jsonTime
0.00825195899233
0.00860717706382
0.0914217899553
0.0095202808734
0.0248498239089
0.00856465706602
0.00837799906731
0.0095114109572
0.00841315905564

layerTime
0.00442555802874
0.00453782081604
0.481428076047
0.00455014896579
0.00655968603678
0.00496304477565
0.00431541609578
0.00440746801905
0.00459115300328

checksumTime
0.00402377103455
0.0236852811649
0.00409699697047
0.00380605016835
0.00385283702053
0.0041225310415
0.00365716102533
0.00398435886018
0.0170176790562




layer number :  9
0.81133235991
0.0417349978816

jsonTime
0.00795462192036
0.0283538128715
0.0904431531671
0.0103743418586
0.0245965139475
0.00828265515156
0.00790411606431
0.0101584850345
0.00826977798715

layerTime
0.00436326605268
0.00852706306614
0.480604128912
0.00462556420825
0.0065235721413
0.00444965786301
0.00415952084586
0.00424701883458
0.00448179198429

checksumTime
0.00399056309834
0.00423684692942
0.0041155370418
0.00393297383562
0.00414421688765
0.00398914911784
0.00349772907794
0.00406597019173
0.0175186588895




layer number :  9
0.791432849132
0.0389133130666

jsonTime
0.00821978203021
0.00940765906125
0.122304321034
0.009359118063
0.0252657358069
0.00873675686307
0.00842965696938
0.00929222418927
0.00882411305793

layerTime
0.00426090881228
0.00416293996386
0.455484143924
0.00446019903757
0.00653457106091
0.00430914317258
0.00447707809508
0.0043059499003
0.00428741495125

checksumTime
0.00395051413216
0.00390307395719
0.00389913795516
0.00391647103243
0.00411840807647
0.00398871488869
0.00377003289759
0.00399072794244
0.0171429770999




