layer number :  15
236.182881715
0.0489581699949

jsonTime
0.00794168491848
1.58992241207
0.00472185318358
0.0055770331528
15.305930251
0.0905433490407
0.210559593979
0.00615719496273
0.0123422790784
0.00541354203597
0.00430407677777
0.00414240802638
0.00420006387867
0.00432966090739
0.0124931840692

layerTime
0.0043306411244
16.1716592119
0.00194645603187
0.00192760699429
199.92410258
0.710720015923
1.938976801
0.00216868985444
0.0087751459796
0.00226126401685
0.002037092112
0.00187722803093
0.00181355513632
0.0019947050605
0.00329846492968

checksumTime
0.0232715159655
0.00216633197851
0.0022900798358
0.0015602898784
0.0234474451281
0.00217604101636
0.00204945309088
0.00191992195323
0.00852216407657
0.00187870603986
0.00170334405266
0.00192229892127
0.00181829300709
0.00176382088102
0.00912684411742




layer number :  15
227.408799408
0.0876367781311

jsonTime
0.0080006159842
1.69925159216
0.00470514991321
0.0052740171086
15.031882169
0.105090636993
0.258463639999
0.005486556096
0.00470313709229
0.00420357985422
0.0128609491512
0.00442462204956
0.00396599504165
0.00398150808178
0.0120263230056

layerTime
0.00402180105448
16.5436797498
0.00214170804247
0.00215944205411
190.69991029
0.500616919948
2.32927750889
0.00207047490403
0.00202786596492
0.00207047513686
0.00345547799952
0.00212332606316
0.00221984507516
0.00198689592071
0.00328126503155

checksumTime
0.00350686791353
0.00235475017689
0.00178826088086
0.00188737595454
0.012646839954
0.00422267010435
0.00657324003987
0.00191905302927
0.00186668802053
0.00177023885772
0.00174376787618
0.00163205782883
0.00175284198485
0.0017125569284
0.0086780639831




layer number :  15
236.951025367
0.0502702279482

jsonTime
0.0078644498717
1.69678563485
0.00472481898032
0.00524563202634
14.644413355
0.0887123579159
0.214653233066
0.0309291130397
0.00482414802536
0.00446924683638
0.00423473399132
0.00425716303289
0.004121607868
0.012959806947
0.00421497505158

layerTime
0.00425406801514
15.9505551781
0.00219026301056
0.00185918807983
201.465020388
0.710756562185
1.95914543699
0.00465019396506
0.00203242292628
0.00215192395262
0.00205608201213
0.00192884914577
0.00201633712277
0.0022692119237
0.0021133129485

checksumTime
0.00387156917714
0.00217191805132
0.00171753484756
0.00166820292361
0.0158985340968
0.00205809180625
0.00440779398195
0.00210145697929
0.00202138721943
0.00175602501258
0.00180504401214
0.00175627600402
0.00167731801048
0.00210441392846
0.00850918819197




layer number :  15
238.80248923
0.0466470080428

jsonTime
0.0081575519871
1.65811739396
0.00907701789401
0.0100809680298
15.4234430951
0.0938679450192
0.219202250009
0.00636814907193
0.00455780792981
0.00465790810995
0.00441685016267
0.0124228349887
0.00442257290706
0.00407368410379
0.00401275209151

layerTime
0.00411989307031
16.3180230781
0.00454227812588
0.00443963287398
202.178809739
0.710425890051
1.97923056083
0.0021602360066
0.00193849904463
0.00220814184286
0.00184221682139
0.00308610708453
0.00213069003075
0.00185987306759
0.00182844209485

checksumTime
0.00361322192475
0.00421423697844
0.00435358495452
0.00368374702521
0.0157390870154
0.00200997805223
0.0156565450598
0.00185766094364
0.00182238104753
0.00203815894201
0.00169286807068
0.00201150705107
0.00172197492793
0.00177976279519
0.0084854408633




layer number :  15
236.8017447
0.0799912798684

jsonTime
0.00804954906926
1.705045379
0.00890410109423
0.0104709640145
15.088864781
0.103002327029
0.25119552901
0.00548766483553
0.00433242390864
0.0046141189523
0.0125418640673
0.00455718883313
0.00426016002893
0.00416093016975
0.0122909629717

layerTime
0.00453935703263
16.281752886
0.00420034886338
0.00445224693976
199.851223107
0.991046648007
2.28112969291
0.00222474709153
0.0019838521257
0.001854888862
0.00436825677752
0.00210451404564
0.0022311329376
0.00182563182898
0.00300742313266

checksumTime
0.00383563200012
0.00432240497321
0.00404601101764
0.00409876811318
0.0042549809441
0.00414786604233
0.00640541920438
0.001895213034
0.00203350000083
0.00177550013177
0.00224231020547
0.00200316403061
0.00181827996857
0.00175693398342
0.00964432000183




layer number :  15
232.110746504
0.102471800987

jsonTime
0.00940476194955
1.57141653402
0.00489110685885
0.00509376311675
14.8670350949
0.102879869053
0.251239815028
0.00549091515131
0.00491776084527
0.00423071393743
0.0126064389478
0.00466681085527
0.00464693806134
0.00412507797591
0.00398280890658

layerTime
0.00442502694204
15.1279957651
0.00214811903425
0.0021944178734
196.56921577
1.0106577971
2.35031286604
0.00224206689745
0.00197516405024
0.00209401291795
0.00397683517076
0.00223087216727
0.00179152702913
0.00204465095885
0.00225869589485

checksumTime
0.00385153200477
0.00210333801806
0.00189372897148
0.00189626310021
0.0223663658835
0.00467559183016
0.00630847993307
0.00207369611599
0.00174661609344
0.00154017703608
0.00187098397873
0.00201230682433
0.00176014495082
0.00175372720696
0.0082063851878




layer number :  15
228.743397486
0.0561566089746

jsonTime
0.00828470988199
1.70155747002
0.0127232649829
0.00538869202137
14.6911413891
0.093189264182
0.269774694927
0.013460860122
0.00448518898338
0.00485904910602
0.00460629910231
0.00418726890348
0.00414795801044
0.0144367530011
0.00442922208458

layerTime
0.00437262794003
15.720558054
0.00462253321894
0.00241625588387
192.653336395
1.02481704904
2.35320078908
0.0088150689844
0.00234172586352
0.00192666286603
0.00197021197528
0.0019514861051
0.00198037712835
0.0023944999557
0.0022097970359

checksumTime
0.00386998499744
0.00219928193837
0.00222078990191
0.00200357707217
0.0172598490026
0.00409966195002
0.00196745689027
0.00827278499492
0.00220189802349
0.00161643302999
0.00186583399773
0.00187075696886
0.00175255886279
0.00175118399784
0.00885160104372




layer number :  15
236.665554629
0.0802035760134

jsonTime
0.00822493107989
1.67620489001
0.00529369292781
0.00572126405314
14.738936031
0.0923929130659
0.210495355073
0.0167129600886
0.00439825607464
0.00507143209688
0.0119388489984
0.004330473952
0.00406233407557
0.00417609489523
0.0040871379897

layerTime
0.00441101985052
16.682558419
0.0022701760754
0.0019763270393
200.326411687
0.710652092937
1.98926571081
0.00195790198632
0.00209997594357
0.00209015188739
0.00386997801252
0.00223735300824
0.00188282993622
0.00192834599875
0.00197616708465

checksumTime
0.00408124504611
0.00230762711726
0.00193202588707
0.00170630891807
0.0159372289199
0.00223383610137
0.00663508009166
0.00219546095468
0.00168018089607
0.00184655515477
0.00213595991954
0.00176440691575
0.00169730419293
0.0015239729546
0.00833083596081




layer number :  15
234.404288688
0.0484996549785

jsonTime
0.0392840988934
1.69237059401
0.0169312059879
0.0099969340954
15.1471397881
0.0958139519207
0.246444822988
0.00575968204066
0.00438235793263
0.00461169797927
0.0122688789852
0.00451946281828
0.00490022008307
0.00407980498858
0.00401632813737

layerTime
0.0229013410863
17.095120569
0.00448373705149
0.00443515297957
197.041925529
0.689848924056
2.12034489191
0.00230612698942
0.0021741760429
0.00188820506446
0.00411977898329
0.00206477404572
0.00221248110756
0.00194600899704
0.00180623284541

checksumTime
0.00411813007668
0.00428144494072
0.00404520495795
0.00414134189487
0.0158538201358
0.00434448500164
0.00648315809667
0.00169333303347
0.00194216589443
0.00154829001985
0.00206670211628
0.00165899097919
0.00162997795269
0.00184234092012
0.00824991613626




layer number :  15
229.655796534
0.0494367640931

jsonTime
0.00821621506475
1.70457122405
0.00647585187107
0.00544144515879
14.1713242591
0.093866140116
0.220589010045
0.0203268281184
0.0044245000463
0.00436920113862
0.00396010209806
0.0121163011063
0.004499721108
0.00396628514864
0.00410515419208

layerTime
0.00426322594285
15.906739943
0.00204750197008
0.00218220590614
194.681830138
0.700520063983
1.95939657209
0.00221964786761
0.00188076705672
0.00187600683421
0.00214703986421
0.00329682487063
0.00219624186866
0.00178309786133
0.00205211201683

checksumTime
0.00362899200991
0.0022081900388
0.00167584698647
0.00196760892868
0.016162839951
0.00212389882654
0.0117896329612
0.00204296200536
0.00184612185694
0.0018147660885
0.0016608920414
0.00210372498259
0.0018730990123
0.00179088395089
0.00926260277629




