layer number :  19
153.837009664
0.0636239729356

jsonTime
0.00772641086951
2.96309051616
0.0412217988633
0.0135052748956
0.937645337079
0.013079633005
0.00432010693476
0.00448978994973
0.00547165097669
10.694027846
0.00833278684877
0.00430716294795
0.00492151384242
0.00455839093775
0.0125046598259
0.00466116191819
0.0044815170113
0.00432076794095
0.00421446189284

layerTime
0.00412206398323
24.420516364
0.020594474161
0.00513183698058
6.98807179788
0.00406509707682
0.00225693010725
0.0018462871667
0.00229647103697
107.50277606
0.0023993300274
0.00210347212851
0.00190416607074
0.00207371404395
0.00671956711449
0.0020375282038
0.00185967003927
0.00204408704303
0.00179134495556

checksumTime
0.00362202199176
0.002041463973
0.00199573091231
0.00200575008057
0.00214448408224
0.00201030890457
0.00192431290634
0.00190643803217
0.00202782289125
0.0168644681107
0.00194441899657
0.00186546402983
0.00163865997456
0.00169339310378
0.00206897896715
0.00206636195071
0.00149723095819
0.00157593004405
0.00929444702342




layer number :  19
152.304397398
0.0591405208688

jsonTime
0.0308096490335
2.77928414498
0.0597185108345
0.0142626331653
0.921943359077
0.013613714138
0.00468532787636
0.00447881314903
0.00549101107754
10.1605932931
0.00879046297632
0.00410467595793
0.00411089812405
0.00436509004794
0.0125481330324
0.00474684196524
0.00414944789372
0.00460372702219
0.00397909595631

layerTime
0.00734879286028
24.398805419
0.00577285815962
0.00545773701742
7.37244938291
0.00428635184653
0.00220479606651
0.00206627394073
0.00201874994673
106.31208734
0.00233732210472
0.00210847798735
0.00222508795559
0.00182467210107
0.0085246199742
0.00225473288447
0.00212083011866
0.00196764804423
0.00198099506088

checksumTime
0.00388444308192
0.00212867907248
0.00201324885711
0.00216273684055
0.00227973703295
0.00212131207809
0.00195503095165
0.0018762529362
0.0017415699549
0.0156901679002
0.00177029287443
0.0017669510562
0.00191173586063
0.00164998183027
0.00241292314604
0.00172052416019
0.00183896091767
0.00164611591026
0.00894006504677




layer number :  19
153.672241484
0.0581234940328

jsonTime
0.00763557804748
2.88604818704
0.0598504359368
0.0141204230022
0.906807672931
0.0130316740833
0.00458996207453
0.00459531391971
0.00567064899951
10.4613013719
0.00829308107495
0.00436913105659
0.00431752903387
0.00475280894898
0.0129755868111
0.00553677417338
0.00432859407738
0.00409116200171
0.00475746300071

layerTime
0.00444733491167
24.6076576321
0.00322747719474
0.00487639405765
7.32145210309
0.00402481481433
0.00213970197365
0.00199417909607
0.00195323792286
107.15563108
0.00253589591011
0.00198160111904
0.00226475903764
0.00218767207116
0.00735984602943
0.00252764183097
0.00193433999084
0.00202066497877
0.00217122212052

checksumTime
0.00406040297821
0.00235592690296
0.0018717458006
0.00210784003139
0.00213465001434
0.00196970906109
0.00203576707281
0.00158579694107
0.0015953599941
0.0183851940092
0.00199655001052
0.00190082588233
0.00197112001479
0.00190125498921
0.002131938003
0.00210402905941
0.00170777202584
0.00177972088568
0.0093875429593




layer number :  19
157.373116183
0.0553261269815

jsonTime
0.00767613202333
2.81165564409
0.0403965471778
0.0134107421618
0.999332804931
0.540184344864
0.00853446708061
0.0087942739483
0.0115242789034
10.9076150649
0.00868476903997
0.00437784101814
0.00411108392291
0.00529575487599
0.0127045980189
0.00450782710686
0.00397901795805
0.0043118649628
0.00471068103798

layerTime
0.00423156516626
25.8312351159
0.0203223689459
0.00537947099656
7.2814366871
0.00924320914783
0.00445536081679
0.00462898612022
0.00464466609992
108.659853156
0.00233726203442
0.002128692111
0.00209562503733
0.0020497890655
0.0070411360357
0.00224124500528
0.00212435703725
0.00184103590436
0.00198304490186

checksumTime
0.00363910687156
0.00224598799832
0.00185594987124
0.00209863996133
0.00215609697625
0.00411763996817
0.00404308806174
0.00399237102829
0.00342207099311
0.0156418310944
0.00173032889143
0.00151029787958
0.00162167707458
0.00150472996756
0.0022273180075
0.0017416968476
0.00173923908733
0.0014911131002
0.00814237794839




layer number :  19
155.152710896
0.0632550951559

jsonTime
0.0320726600476
3.27360554994
0.0406623671297
0.0136874769814
0.917552202009
0.0133189158514
0.00445224205032
0.00452877208591
0.00571684818715
10.534965581
0.00902102398686
0.00491923489608
0.004429128021
0.00491477595642
0.0138520698529
0.005126317963
0.00467095011845
0.00429523806088
0.00441830395721

layerTime
0.00698512909003
24.3156864571
0.0205100779422
0.0051575480029
6.90897315019
0.00407719612122
0.00189300486818
0.00180082791485
0.00201545096934
108.822394048
0.00258306995966
0.0022412519902
0.00235663703643
0.00212941900827
0.00893070502207
0.00241650105454
0.00243337405846
0.00223502190784
0.00214499910362

checksumTime
0.00421106093563
0.00207500485703
0.00190122611821
0.00218827580102
0.00207964400761
0.00213742093183
0.0018994610291
0.00192806194536
0.00167834199965
0.0216076110955
0.00222556409426
0.00200791005045
0.00198854296468
0.00209083105437
0.00846830499358
0.00202584895305
0.00199232297018
0.00200408697128
0.0100699588656




layer number :  19
152.53293541
0.0582201909274

jsonTime
0.0085347101558
2.92944709701
0.0413295249455
0.0136710559018
0.90554480697
0.0138814961538
0.00462389294989
0.00427783187479
0.00561880506575
10.24839827
0.008783550933
0.00458672898822
0.00523127289489
0.00517857796513
0.0112222088501
0.00456751696765
0.00441046594642
0.00476164091378
0.0143804259133

layerTime
0.00476599880494
24.4360655928
0.0199038491119
0.00481750094332
7.53883853205
0.00377541291527
0.00199462403543
0.00215419800952
0.00197447813116
106.114905863
0.00262990500778
0.00236519100145
0.00231464207172
0.00206451700069
0.00689473305829
0.00251263706014
0.00243892311119
0.00217852112837
0.00344106508419

checksumTime
0.00434565916657
0.00231237709522
0.00208858004771
0.00195640511811
0.00204514083453
0.00184753211215
0.00188467698172
0.00207811594009
0.00164871802554
0.0211133800913
0.0020428111311
0.00234359898604
0.00211933604442
0.0111009289976
0.00212204898708
0.00210482697003
0.00182562298141
0.00217265100218
0.0109770898707




layer number :  19
154.251727265
0.058353104163

jsonTime
0.00776739604771
2.8217944121
0.059976506047
0.0151728070341
0.909711332992
0.0131720521022
0.00469247205183
0.00457812589593
0.00570158404298
10.734077225
0.013577244943
0.00424007489346
0.00428759003989
0.00454821600579
0.013378353091
0.0045765331015
0.00485959486105
0.00535600399598
0.00405034702271

layerTime
0.00431399489753
24.6246296731
0.0154280648567
0.00551385502331
7.23181106593
0.00416593882255
0.00189338810742
0.00192607217468
0.00222195894457
107.578740442
0.00253512104973
0.00211897096597
0.00199881708249
0.00198419485241
0.0069461890962
0.00201683701016
0.00197741901502
0.00187663617544
0.00199694698676

checksumTime
0.00393868796527
0.00226303096861
0.00236112298444
0.00234027509578
0.00229337601922
0.00206382200122
0.00188149092719
0.00177577394061
0.00181804806925
0.0170690240338
0.001935610082
0.00175341800787
0.00174049893394
0.00188701902516
0.00210130983032
0.00195691199042
0.00194979901426
0.00160017586313
0.00927810999565




layer number :  19
156.800787411
0.0584262229968

jsonTime
0.007956384914
2.84769986593
0.0407955960836
0.0138998720795
0.92841772805
0.0131906310562
0.00466294703074
0.00457620900124
0.00589273800142
10.385748592
0.00894148601219
0.0043931400869
0.00467021414079
0.00513218319975
0.0142242808361
0.0049503929913
0.00484854192473
0.0048001401592
0.00469509605318

layerTime
0.00434474204667
25.2396203601
0.0206790040247
0.00537600787356
7.05316885398
0.00405789492652
0.00234560482204
0.00202044099569
0.00189172988757
109.997302847
0.00242557097226
0.00238955602981
0.00205671903677
0.00203361897729
0.0088829700835
0.00256127095781
0.00233046011999
0.00202947785147
0.0023069200106

checksumTime
0.00392371998169
0.00245323986746
0.00209365901537
0.00211264099926
0.00213721604086
0.00186555599794
0.00199831114151
0.00184347806498
0.00155826006085
0.0210669660009
0.00202802894637
0.00206937687472
0.00176141480915
0.0018582160119
0.00726173701696
0.00216247700155
0.00206714891829
0.00181790301576
0.0112410930451




layer number :  19
168.037282597
0.054055489134

jsonTime
0.0082787249703
3.06242070301
0.0602057098877
0.0162598539609
0.931807124987
0.0133158490062
0.00461398996413
0.0045055418741
0.00563960685395
10.738118232
0.0162697990891
0.00787401385605
0.00866916100495
0.00918955798261
0.0257163699716
0.00893886201084
0.00845882482827
0.00826730299741
0.00824143481441

layerTime
0.00452000298537
26.885554841
0.0113361540716
0.00619981694035
7.26183212898
0.00369241903536
0.00216999812983
0.00204370496795
0.00200328812934
118.703300188
0.00474008801393
0.00419181399047
0.00428839493543
0.00440599699505
0.0165793900378
0.00466630607843
0.00441804016009
0.00428909785114
0.0041943481192

checksumTime
0.00402467697859
0.00244114804082
0.00242016813718
0.00251890602522
0.00210269493982
0.00189161300659
0.00213386700489
0.00176949612796
0.00164772593416
0.0191911249422
0.00390008999966
0.0038367160596
0.00397373409942
0.00388318602927
0.0137950559147
0.00425813207403
0.00379828200676
0.00378789915703
0.0182752909604




layer number :  19
181.733768528
0.0599380021449

jsonTime
0.00863226084039
2.99332536594
0.0606082798913
0.0158090300392
0.957459911006
0.0135268480517
0.00465521402657
0.0044988100417
0.0055674710311
10.533558463
0.00856463401578
0.00463183689862
0.00487772305496
0.00490263290703
0.0139232389629
0.00504371500574
0.00457565393299
0.0043509369716
0.00462259305641

layerTime
0.00410150596872
27.493327202
0.0257815530058
0.00608112406917
8.45093377912
0.00387916900218
0.00202579190955
0.00208766409196
0.00213463697582
130.932955945
0.00263584800996
0.00236787996255
0.00236926996149
0.00229475321248
0.00888256588951
0.00209995079786
0.00251533510163
0.00228335894644
0.00240048510022

checksumTime
0.003937110072
0.00237728911452
0.00230818195269
0.00245249690488
0.00206492491998
0.002045993926
0.00182749400847
0.00182677386329
0.0017832419835
0.0142495299224
0.00219816411845
0.00200618593954
0.00207692408003
0.0019749419298
0.00882527418435
0.00190259213559
0.00218272698112
0.00201002298854
0.00970053393394




