layer number :  17
21.534326415
0.086159520084

jsonTime
0.00867292890325
0.00837177596986
0.141487180023
0.00979295698926
0.0172811020166
0.149068237981
0.0300707339775
0.00825644400902
0.00798933417536
1.52773079183
0.00458651199006
0.0680888271891
0.0081469269935
0.338701241883
0.014127880102
0.00502756400965
0.00474013388157

layerTime
0.00437952415086
0.00440801703371
1.20976624987
0.00462620402686
0.0165254150052
0.974430168048
0.00485282717273
0.0044565780554
0.00416554696858
13.861523079
0.00241491408087
0.320800082991
0.00457335612737
2.60464321403
0.00393966399133
0.00226684310474
0.00213753292337

checksumTime
0.00390887097456
0.0036919049453
0.00419419817626
0.00399475498125
0.00421540183015
0.00396358198486
0.0042999999132
0.00392285082489
0.00361525104381
0.0021124840714
0.00200953986496
0.0040960428305
0.00358800706454
0.00227296096273
0.00210697785951
0.00216514104977
0.00992338405922




layer number :  17
20.8306691181
0.0972049969714

jsonTime
0.00811304012313
0.00836546206847
0.15536866989
0.00530088413507
0.00948384217918
0.11532445997
0.00483434298076
0.00488327885978
0.00512767513283
1.29344923003
0.00480503495783
0.0682996017858
0.00477575697005
0.284277332015
0.00566199002787
0.012747598812
0.00468895002268

layerTime
0.00436557503417
0.00425370782614
1.22945765313
0.00211041606963
0.00517975189723
0.469118369976
0.00236013811082
0.00270128902048
0.00245073088445
14.1774003541
0.00218596402556
0.23684842512
0.00217170407996
2.52965908987
0.00198697997257
0.00340961315669
0.0023721291218

checksumTime
0.00371908093803
0.00372182810679
0.00216093286872
0.00209024478681
0.00187021610327
0.00246570492163
0.00226121605374
0.0021315079648
0.00220527802594
0.00226479000412
0.00209413305856
0.00207124603912
0.00207559298724
0.0134211259428
0.00214957119897
0.00195938884281
0.00952070998028




layer number :  17
20.7710962419
0.0668270650785

jsonTime
0.0078752420377
0.00815408909693
0.176954251016
0.00527458405122
0.0157849739771
0.119028137997
0.0137162681203
0.00451405905187
0.00562592316419
1.28001399199
0.00464726705104
0.06882275315
0.0042640089523
0.298271587119
0.0129640819505
0.00458236294799
0.00422867992893

layerTime
0.00436808890663
0.00440079392865
1.24477111013
0.00218547997065
0.00453792721964
0.438197074924
0.00380394002423
0.00191387883388
0.0020217448473
14.0934953869
0.00227367295884
0.226703617023
0.00223596813157
2.5830478908
0.00388821098022
0.00210805889219
0.00189555808902

checksumTime
0.00395269691944
0.00382897397503
0.0021283859387
0.00171933788806
0.00205101887695
0.00224339100532
0.00213309796527
0.00216046301648
0.00198615016416
0.00226433295757
0.00176477897912
0.0020372918807
0.0019986059051
0.00217345519923
0.00182251003571
0.00190538610332
0.00986644090153




layer number :  17
20.8973916729
0.0825731419027

jsonTime
0.0085071620997
0.00855009397492
0.161263197893
0.00589234498329
0.00855611194856
0.118754778989
0.00504303607158
0.00470127700828
0.00462890509516
1.29430131917
0.00455534388311
0.0675278408453
0.00846666004509
0.329025011044
0.00528220599517
0.0138707668521
0.00467578787357

layerTime
0.00430670799688
0.00440910900943
1.26209040009
0.00244065211155
0.0029052621685
0.469975608168
0.0024302189704
0.00240420899354
0.00214510480873
13.988988888
0.00260992115363
0.460069747176
0.00447086198255
2.48507905612
0.00233989092521
0.00394425308332
0.0022543061059

checksumTime
0.00367319909856
0.0036850089673
0.00200554984622
0.00183554599062
0.00187651882879
0.00230242684484
0.00221987208351
0.0019858549349
0.00184887601063
0.00876325299032
0.0017492279876
0.00433729682118
0.00383425597101
0.00226751202717
0.00210277107544
0.00218200497329
0.00983570097014




layer number :  17
21.1742701
0.077344913967

jsonTime
0.0297391959466
0.00923524308018
0.16742490395
0.00533740688115
0.00904680113308
0.124760786071
0.00807099416852
0.00790591188706
0.023364193039
1.47332266392
0.00494166300632
0.0688763801008
0.01592286909
0.300610927865
0.00539185502566
0.00485717691481
0.00440647499636

layerTime
0.00896015204489
0.00439508794807
1.38781214901
0.00219606794417
0.0048465768341
0.459252417088
0.00422640191391
0.00404493417591
0.00685195391998
14.09044001
0.00222261413001
0.236925301841
0.00260155182332
2.54431992001
0.00216602394357
0.00218742690049
0.00194345717318

checksumTime
0.0042717999313
0.00404687714763
0.00208913604729
0.00174720701762
0.00182133703493
0.00393233681098
0.00379671505652
0.00356482993811
0.00413329200819
0.00229113502428
0.0016809059307
0.00210509006865
0.00220452016219
0.015869223047
0.00195495411754
0.00194042804651
0.00919282296672




layer number :  17
21.006584788
0.0532319159247

jsonTime
0.00775741692632
0.0280765229836
0.157562440028
0.00538692600094
0.00840542907827
0.112906479044
0.00477569620125
0.00415261997841
0.00424066302367
1.25948241889
0.00452996487729
0.0682534500957
0.00474610901438
0.295601141872
0.00943765882403
0.00915352301672
0.00873040012084

layerTime
0.00450794002973
0.00830227718689
1.4684169821
0.00232396717183
0.00269542913884
0.690472685965
0.00215620594099
0.00207600696012
0.00208194297738
13.5962390441
0.00201055500656
0.214301265078
0.00239951792173
2.88462282508
0.00443424517289
0.00463905697688
0.00421778880991

checksumTime
0.00373804499395
0.00428333086893
0.00289988378063
0.00191625882871
0.00169211579487
0.00233655399643
0.00189496693201
0.00185402808711
0.001672988059
0.0019893150311
0.00189290894195
0.00370684196241
0.00196766713634
0.00436197104864
0.00386870279908
0.00396599806845
0.0184667040594




layer number :  17
20.884075196
0.0542924769688

jsonTime
0.00813346705399
0.0276736938395
0.161868247902
0.00535058695823
0.00932426797226
0.126450407784
0.00430481508374
0.00430708006024
0.00412659812719
1.26644178713
0.00460172514431
0.0679089059122
0.00611889897846
0.278872265015
0.00588863086887
0.00482166698202
0.00489389197901

layerTime
0.00405191001482
0.0087189830374
1.48864586023
0.00207383814268
0.00137522583827
0.700575345196
0.00221869605593
0.00205896398984
0.00196279096417
13.5122569778
0.00208172295243
0.206451823004
0.00221283105202
2.82788444008
0.00224200519733
0.00201224186458
0.00186030683108

checksumTime
0.0034656689968
0.00406502000988
0.00286475685425
0.00193609902635
0.00192053220235
0.00224176584743
0.00174592086114
0.00178521499038
0.00200266786851
0.00251684803516
0.00210445094854
0.00980411213823
0.00220594089478
0.0178938619792
0.00185425393283
0.00158286420628
0.00823269411922




layer number :  17
21.2106880911
0.0665691120084

jsonTime
0.00819247984327
0.0276905479841
0.16269598389
0.00542937102728
0.00863699498586
0.116376528051
0.00887844199315
0.00813482608646
0.00798824802041
1.51526336418
0.0046691710595
0.0685662080068
0.0122732750606
0.318392707966
0.00572258001193
0.0044888111297
0.00503718107939

layerTime
0.00438155699521
0.00845769885927
1.40772312204
0.00220430688933
0.0027948950883
0.964422858087
0.00446061906405
0.00429991283454
0.00422024796717
13.656794972
0.00181634095497
0.206489152042
0.00364887295291
2.52083795704
0.00231926282868
0.00217123492621
0.00211516302079

checksumTime
0.00413659517653
0.00437008612789
0.00289011001587
0.00174902309664
0.00180172082037
0.0041568169836
0.00434901891276
0.00397232803516
0.00394283095375
0.00210857088678
0.00194278103299
0.00205307686701
0.0021511609666
0.00222023413517
0.00198938604444
0.00190134393051
0.00901261903346




layer number :  17
21.725466165
0.0926800840534

jsonTime
0.0079797769431
0.00858403509483
0.16176615213
0.00543158291839
0.00858881697059
0.121899719117
0.00845363992266
0.00822002394125
0.0081900570076
1.51215134189
0.00470606400631
0.0682929360773
0.00831182906404
0.313807605067
0.00504290405661
0.0048878591042
0.0047116081696

layerTime
0.00423706904985
0.00415418390185
1.20925993798
0.00233107502572
0.00272877304815
0.594130076934
0.00438610697165
0.0043684670236
0.0044118098449
14.524008533
0.00204485096037
0.360087255947
0.00439149001613
2.57665118598
0.00211961800233
0.00962842185982
0.00213166000322

checksumTime
0.00367253785953
0.00384184694849
0.00224581104703
0.00196251901798
0.00196319492534
0.00415511103347
0.00418734108098
0.00396922510117
0.00406592013314
0.00203549815342
0.00197859085165
0.00411850400269
0.00382705591619
0.0018495330587
0.00203297287226
0.0037118929904
0.00928453891538




layer number :  17
21.3976886589
0.0553256860003

jsonTime
0.0296399320941
0.00912646600045
0.160818200791
0.00553777604364
0.00856312806718
0.128561313031
0.00870030699298
0.00824717385694
0.0250118558761
1.49749001302
0.00472335400991
0.0686305260751
0.0121870620642
0.320111264009
0.00536753586493
0.00471842614934
0.00442067696713

layerTime
0.00725692487322
0.00430004904047
1.09536583
0.00228460202925
0.00259752292186
0.671278978931
0.0046565940138
0.00443013105541
0.00708814896643
14.1268861091
0.00206043804064
0.206529791933
0.00358199910261
2.82120026299
0.00211634021252
0.00209176889621
0.00221159891225

checksumTime
0.00423976499587
0.00399096915498
0.0022466040682
0.00193972187117
0.0017500910908
0.00410701707006
0.00383573304862
0.00405943905935
0.00424096500501
0.00235666497611
0.00178243592381
0.00206066993997
0.00202606478706
0.0216978781391
0.00188957084902
0.0018556190189
0.00886523700319




