layer number :  18
54.9788271561
0.0530380420387

jsonTime
0.00814826600254
2.95994890388
0.040132303955
0.0140324770473
0.00546508491971
0.277518798131
0.00484368298203
0.00445487978868
0.225800704909
0.0212331169751
0.0047691790387
1.12708680914
0.012687408831
0.0049247329589
0.004775385838
0.0042533101514
0.00420832377858
0.00435350998305

layerTime
0.00398236792535
31.794240989
0.0205054541584
0.00495313387364
0.00209009298123
3.78210402699
0.00211888412014
0.00188742415048
1.98879927397
0.00219909683801
0.00188977597281
12.5328842229
0.00462246313691
0.00195597810671
0.0022089430131
0.00209967396222
0.00210783816874
0.00186294992454

checksumTime
0.00371827208437
0.00217345706187
0.00206547696143
0.00203315610997
0.00181811093353
0.00215762690641
0.00225065904669
0.00158655899577
0.00195299019106
0.00179452612065
0.00183394085616
0.00236171111465
0.00222267396748
0.00190727203153
0.00158178596757
0.00170035706833
0.00169182103127
0.00817931303754




layer number :  18
56.1726871519
0.0556301639881

jsonTime
0.00781336100772
2.75371967093
0.0633732501883
0.0267404089682
0.00923415506259
0.339099833043
0.00842567998916
0.00850385706872
0.273696349934
0.00500948703848
0.0041274339892
0.936054631136
0.0130251150113
0.0051549540367
0.00431483099237
0.00399573799223
0.00420542084612
0.0124405981041

layerTime
0.00427417689934
32.8963229619
0.0472885288764
0.00967399799265
0.00421945797279
4.05743274209
0.00436201295815
0.00459473300725
2.35658612801
0.00238190894015
0.00196024496108
12.157473227
0.00396184506826
0.00220031593926
0.00186768895946
0.00189433107153
0.00191458314657
0.00296734087169

checksumTime
0.00360115012154
0.0216836479958
0.00362629303709
0.0037378759589
0.00374699500389
0.00419736793265
0.00353532191366
0.00400341604836
0.00225160294212
0.00199236208573
0.0018688000273
0.00210426584817
0.00208713393658
0.00166529603302
0.00181786599569
0.00184838008136
0.00159769086167
0.0097514281515




layer number :  18
57.151316012
0.0558960260823

jsonTime
0.00861492706463
2.91044176416
0.416186954128
0.011862616986
0.00992541597225
0.361867465079
0.012583210133
0.00452860305086
0.236033909023
0.0256593141239
0.00450308900326
1.15690102102
0.00506570492871
0.0113127410877
0.00417295307852
0.00399174494669
0.0121503178962
0.00442536105402

layerTime
0.00440205796622
33.2487681168
0.0673230718821
0.00496178399771
0.00422432203777
3.91561017488
0.00379023491405
0.00184559612535
1.97890375508
0.00382316089235
0.00188671192154
12.592238745
0.00236991210841
0.00194271095097
0.00194041104987
0.00200441689231
0.00342520116828
0.00212609604932

checksumTime
0.00388862099499
0.00208184705116
0.00402070605196
0.00377886905335
0.00352306896821
0.00223118299618
0.00220111990348
0.00192623981275
0.00251507689245
0.00218121707439
0.00166598614305
0.0022352039814
0.00192209496163
0.00173982488923
0.00169581500813
0.00165058812127
0.00229563680477
0.0102162109688




layer number :  18
57.684506811
0.0996105289087

jsonTime
0.00796587113291
3.02961769491
0.132616535993
0.00807739817537
0.0130250758957
0.275880421977
0.00851661316119
0.00834048097022
0.281683027977
0.0045168150682
0.00392303592525
0.915499464842
0.00505273602903
0.00460424693301
0.0123109868728
0.00462256697938
0.00397944799624
0.00418835901655

layerTime
0.00443536182866
34.185433558
0.0204494670033
0.00223471992649
0.00539359916002
4.16633140203
0.00447346502915
0.0043413429521
2.21985344496
0.00212639989331
0.00217722798698
12.1772962771
0.00242307689041
0.00230654398911
0.0037792220246
0.00184112484567
0.00185189186595
0.00256101996638

checksumTime
0.00405995314941
0.00219364906661
0.00190150993876
0.00213400204666
0.00203452492133
0.00421501486562
0.00390610098839
0.0035402730573
0.00231649400666
0.00165625102818
0.00188622716814
0.00206157495268
0.00175100518391
0.00163619406521
0.00170613708906
0.00165296718478
0.00167993502691
0.00910992501304




layer number :  18
56.1183385679
0.0637589839753

jsonTime
0.00781415007077
3.19013607688
0.0605532489717
0.0113581779879
0.00975987315178
0.360972970026
0.00477011804469
0.0125486480538
0.228549105115
0.00687933294103
0.0120969288982
0.930585359922
0.0263404310681
0.00888580805622
0.00813778908923
0.0077817349229
0.00854569789954
0.0250162580051

layerTime
0.00435858382843
32.840805463
0.0872034518979
0.00475928816013
0.00411001988687
3.9010561381
0.00211544893682
0.00342096295208
1.98688785406
0.00212820316665
0.0035343291238
12.1799890911
0.00875616399571
0.00443379511125
0.00442248396575
0.00430777203292
0.0041524709668
0.00631953496486

checksumTime
0.00358402309939
0.00434465613216
0.00846323301084
0.00382581586018
0.00378052890301
0.00219707400538
0.00206634704955
0.00216161087155
0.00209795683622
0.00215077702887
0.00203289790079
0.00427303300239
0.00405151583254
0.00413139280863
0.00386337004602
0.00378762208857
0.00363775715232
0.0188707849011




layer number :  18
56.1273991591
0.0603469440248

jsonTime
0.00794493593276
3.20548461308
0.0630312759895
0.0104622261133
0.0087920720689
0.328289131867
0.0255877149757
0.00859944801778
0.266295233974
0.0126576269977
0.00470092706382
0.901053310139
0.0100103428122
0.00862103817053
0.00807725195773
0.0247251228429
0.00890385801904
0.00860243104398

layerTime
0.00465616001748
33.2151637839
0.0393357500434
0.0038535350468
0.00364623893984
4.06585879298
0.00840674596839
0.0046847439371
2.34762481996
0.00416803103872
0.00212520197965
11.304743038
0.00456544617191
0.00452173198573
0.00447618798353
0.0088612891268
0.00454782601446
0.00463073700666

checksumTime
0.0308279569726
0.0159036910627
0.00343134789728
0.00307569582947
0.00314824120142
0.0041497410275
0.00403381208889
0.00390453101136
0.00213208701462
0.00212301895954
0.0019623299595
0.00443110102788
0.00454267882742
0.00391911389306
0.00403053313494
0.00460680993274
0.00382761005312
0.0176910359878




layer number :  18
57.0171943069
0.0566428208258

jsonTime
0.00799087597989
2.78755365615
0.47519551497
0.0198919309769
0.00993393594399
0.33259548503
0.00443702517077
0.0126341681462
0.216726541054
0.00869414908811
0.0137581441086
1.039316952
0.0127785340883
0.00485124415718
0.00421049911529
0.00420398707502
0.00420687207952
0.0121855461039

layerTime
0.0043338611722
33.3513984738
0.0670354031026
0.0224104570225
0.00436515314505
3.80758454092
0.00198927498423
0.00371090695262
1.98893876304
0.00216123997234
0.00799669302069
12.6338318861
0.00399562902749
0.00221679895185
0.00207125791349
0.00219193683006
0.00184099096805
0.00293941190466

checksumTime
0.00364927086048
0.00208703405224
0.0207403730601
0.00416138092987
0.00411062990315
0.00212912098505
0.00199825386517
0.00207221484743
0.00228685094044
0.00182114494964
0.00424644886516
0.00217526685447
0.00798475486226
0.00213109399192
0.0019301190041
0.00180343305692
0.00187641591765
0.00936537608504




layer number :  18
56.619911086
0.055806228891

jsonTime
0.00767449196428
2.96375151188
0.0403655269183
0.00611007818952
0.00538239511661
0.334135638084
0.012365187984
0.0044189139735
0.219576921081
0.0123268461321
0.00474948389456
0.909587715985
0.00583560392261
0.00448833801784
0.00435962202027
0.00421025487594
0.0118462420069
0.00408847304061

layerTime
0.00443672202528
33.503944044
0.0202714391053
0.00214163586497
0.00416275393218
4.20617785002
0.00391754298471
0.00212300592102
1.98927023099
0.0040708638262
0.00226493296213
12.20284621
0.00217090407386
0.00220231502317
0.00202175695449
0.00187096116133
0.00379547290504
0.00234054098837

checksumTime
0.00349979707971
0.00203080009669
0.00192603981122
0.00168182794005
0.00356703693978
0.00229545705952
0.00211269804277
0.00187653303146
0.00220695091411
0.00207954016514
0.0019491519779
0.0026187361218
0.00199985387735
0.00204877904616
0.00164433708414
0.00169953797013
0.00190329109319
0.00996479997411




layer number :  18
55.688609424
0.0551740170922

jsonTime
0.00808075699024
3.15796477208
0.0408902729396
0.00615756306797
0.00492101209238
0.269237583969
0.00461732479744
0.0120035558939
0.206132212887
0.00468056998216
0.01217902801
0.865205724025
0.017803929979
0.00480845314451
0.0045464199502
0.00408901879564
0.00396202015691
0.0120417829603

layerTime
0.00418636202812
32.4713502501
0.0202535600401
0.00205297395587
0.0020607279148
3.78386398405
0.0023368219845
0.00369031610899
2.51734341006
0.00214598700404
0.00367659889162
12.1197626449
0.00407191598788
0.002206744859
0.00188485416584
0.00185694918036
0.00186883495189
0.00290017412044

checksumTime
0.00405067880638
0.00227214302868
0.00198724097572
0.0017307959497
0.00169526599348
0.00217776908539
0.00203078519553
0.00215532397851
0.00192781095393
0.00206426111981
0.0020262200851
0.00215344200842
0.00202333997004
0.00214740005322
0.00173724303022
0.00162698281929
0.00178394396789
0.00937825697474




layer number :  18
56.92776725
0.0559908659197

jsonTime
0.00809252099134
3.00986165483
0.628654478118
0.0117056451272
0.00999303604476
0.354012518888
0.00540240295231
0.0120360241272
0.22350376891
0.00534490286373
0.0118710580282
0.969897695119
0.0265696151182
0.00930972094648
0.00846167304553
0.00852032401599
0.00839612493291
0.0256466860883

layerTime
0.00432240613736
33.1463697802
0.0670292358845
0.00437985686585
0.00457567884587
4.02366122301
0.00211930694059
0.00397716299631
1.98817122309
0.00205128802918
0.00387544301338
12.157216541
0.00885728187859
0.00434750597924
0.00423993193544
0.00435817381367
0.00447056512348
0.005881160032

checksumTime
0.00396320503205
0.0217264608946
0.00425229500979
0.00383898708969
0.00377277610824
0.00210385909304
0.00193184800446
0.00211456604302
0.00203850492835
0.00199761008844
0.00224639382213
0.00423210393637
0.00461859302595
0.00374470208772
0.0038590230979
0.003769925097
0.00343369785696
0.0192454790231




