layer number :  37
145.755278906
0.0922637749463

jsonTime
2.99239198305
0.0597426439635
0.00549392891116
0.0043415830005
0.0134310510475
5.92363776919
0.0671362848952
0.00470034405589
0.248960649129
0.0175233699847
0.00490424199961
0.00413181888871
0.00459747808054
0.00410109385848
0.00515140802599
0.0125720750075
0.00428849109448
0.00408393098041
0.00411371910013
0.568605996901
0.00450412882492
0.0121949310414
0.00453123892657
0.00436666980386
0.00425719004124
0.00438235793263
0.00419028103352
2.85768907797
0.00472853891551
0.0825889850967
0.00627183984034
3.296522171
0.121662474005
0.0226108359639
0.00767079996876
0.00745632289909
0.0073961308226

layerTime
24.0427153329
0.0031286389567
0.00207200506702
0.00192176387645
0.00534148397855
50.680130793
0.175781819038
0.00229205610231
1.59860861883
0.0130482800305
0.0019412250258
0.00221343594603
0.00190143706277
0.00191010907292
0.00224630301818
0.00306542101316
0.00211365101859
0.002024410991
0.00193689507432
4.10754766199
0.00229189614765
0.00390403298661
0.00211667106487
0.00213308399543
0.0021403178107
0.00202442496084
0.00198964495212
24.7914266002
0.00216562510468
0.205963969929
0.00220573716797
22.7228487229
0.681264188839
0.00868148496374
0.00441684294492
0.00365227204747
0.00364177604206

checksumTime
0.00211057206616
0.00163503317162
0.00209458405152
0.002120930003
0.00223156390712
0.021195048932
0.0212141659576
0.00197118683718
0.00298922718503
0.0129455828574
0.00198492407799
0.0019665940199
0.00175814097747
0.00165730901062
0.00177041394636
0.00191932194866
0.00158695690334
0.00164363300428
0.00165541400202
0.00188873009756
0.00173027394339
0.00203169998713
0.0018322900869
0.00158549216576
0.00191541807726
0.00161071005277
0.00178278703243
0.00218401686288
0.00169378798455
0.00202765408903
0.00178729300387
0.0211252029985
0.00411511119455
0.00366104603745
0.00330239511095
0.00347197405063
0.0154718579724




layer number :  37
144.612829378
0.0905454109889

jsonTime
3.13635391602
0.0407181810588
0.00580576108769
0.0122305022087
0.00448409910314
5.63883470185
0.067445330089
0.00472060102038
0.199280778179
0.0618195862044
0.00734880706295
0.00732725905254
0.00724457786418
0.00729927606881
0.0237040228676
0.0190645770635
0.00759490416385
0.00721359299496
0.00722880498506
0.569094977807
0.0127771219704
0.00487349694595
0.00398860289715
0.00439624721184
0.00471356394701
0.00492628593929
0.012159466045
2.64027583599
0.00454426999204
0.08956364193
0.0277788368985
3.77411588188
0.125295592006
0.00494917808101
0.00444163801149
0.0040981550701
0.00406322791241

layerTime
23.7397416839
0.0203976978082
0.00191760296002
0.0051810098812
0.00223023304716
49.795579043
0.186394975055
0.00198262999766
1.96723075793
0.0224000599701
0.00384068093263
0.00373056414537
0.00352957611904
0.00378972990438
0.00547434203327
0.00398893281817
0.00386330392212
0.00378953502513
0.00375382089987
3.76227005012
0.00450837705284
0.00199054693803
0.00219120504335
0.00193752790801
0.00215749000199
0.00199708598666
0.00333320302889
24.7920546199
0.00227820198052
0.179037089925
0.00234112795442
22.6131924919
0.688201263081
0.00237563997507
0.00210767402314
0.00183892413042
0.00184881011955

checksumTime
0.00214277300984
0.00204273196869
0.00156951695681
0.00215976894833
0.0017871200107
0.0179670390207
0.00173117988743
0.00183115690015
0.00277744489722
0.00359049392864
0.00362219288945
0.00318048498593
0.00332914991304
0.00348541210406
0.00386545807123
0.00352821499109
0.0034757249523
0.00337571115233
0.00337408808991
0.00221666903235
0.00196090899408
0.00179344112985
0.00179174588993
0.00176141294651
0.00186780816875
0.00174670596607
0.00203876104206
0.00198308401741
0.00202071410604
0.00193320214748
0.00188465416431
0.00397800607607
0.0049475398846
0.00186066306196
0.00166549580172
0.00176213798113
0.00821762694977




layer number :  37
145.356475259
0.123334178934

jsonTime
3.02449276811
0.0412294429261
0.00491237500682
0.00539227481931
0.00408328999765
5.92161370488
0.0874995139893
0.00833123992197
0.270343299955
0.0359152080491
0.00463950098492
0.00417693285272
0.00432111299597
0.0121877049096
0.00507101695985
0.00442930799909
0.00422407709993
0.0042035409715
0.00409455201589
0.465504530119
0.00496090389788
0.00442485697567
0.0041341970209
0.00423548487015
0.0121382649522
0.00456171599217
0.00446110707708
2.74535586312
0.00502840988338
0.0890534378123
0.0141667991411
3.81163504999
0.131046156166
0.00545219890773
0.00468631600961
0.00457930890843
0.0044957450591

layerTime
23.1339245569
0.0207099891268
0.00222233310342
0.00188934500329
0.00226894509979
50.88271613
0.399838285986
0.00418635108508
1.95128415409
0.0140784278046
0.00208610994741
0.00193005101755
0.0020815001335
0.0030538351275
0.00226302212104
0.00203408487141
0.0020996700041
0.00195925193839
0.00207098107785
3.82228576601
0.00257494300604
0.00241336715408
0.00195251102559
0.0021260890644
0.00367521005683
0.00205385801382
0.00219139410183
24.712606495
0.00213577202521
0.176581611158
0.00342358602211
22.7462879838
0.408203881932
0.00248288316652
0.00242594699375
0.00239834794775
0.00253018992953

checksumTime
0.00237944512628
0.0017834668979
0.00178298098035
0.00161055708304
0.00184753700159
0.0208471650258
0.00406262208708
0.00396205391735
0.0172142840456
0.00209009414539
0.00184715911746
0.00184406596236
0.0017480480019
0.00186038087122
0.00205522403121
0.00169127597474
0.001679494977
0.00178908603266
0.0103407958522
0.002823126968
0.0020110970363
0.00205082492903
0.00175466900691
0.00181563105434
0.00211164285429
0.00173611496575
0.00174498790875
0.00209428393282
0.00226386613213
0.00238254386932
0.0021911279764
0.00241399602965
0.00309038395062
0.00214504497126
0.00207121204585
0.00182497198693
0.0103062430862




layer number :  37
143.011898492
0.127791794017

jsonTime
2.89170919103
0.0482973270118
0.00580100598745
0.0043801299762
0.00428088009357
5.63714500214
0.0914221638814
0.00913967913948
0.257970228093
0.0166230208706
0.00477403821424
0.00413330201991
0.0122003839351
0.00474527315237
0.00504920491949
0.00474552903324
0.00378191494383
0.00408551702276
0.0129793719389
0.422559692059
0.00450773886405
0.00418419507332
0.00468909996562
0.0120774300303
0.00440825219266
0.00399001990445
0.00393273495138
2.5728845431
0.0133355059661
0.0788636959624
0.0137904221192
3.56289279601
0.130071367836
0.00848551909439
0.0078708070796
0.0076954618562
0.00781145482324

layerTime
23.917170004
0.025230852887
0.00216844608076
0.00215122196823
0.0019972929731
49.825528051
0.442787720123
0.00418162695132
1.56476846593
0.0145165571012
0.00185098382644
0.00203319499269
0.00342362187803
0.00243982090615
0.00199400004931
0.00187101005577
0.00188496802002
0.00184924388304
0.00237422296777
3.57051236508
0.00218104710802
0.00183434109204
0.00193048897199
0.00360343791544
0.00180465192534
0.00183824100532
0.00181162497029
24.468068318
0.00426931097172
0.176607606933
0.00305398600176
21.9209134779
0.885291993152
0.00441026384942
0.00397614389658
0.0041836570017
0.0037104091607

checksumTime
0.00203088694252
0.00203066598624
0.00191847211681
0.00192685495131
0.00187071086839
0.0215603909455
0.00435419590212
0.00385910598561
0.00197818805464
0.00187198584899
0.00162404915318
0.00173839298077
0.00192231102847
0.00174122513272
0.00170886190608
0.00168405193835
0.00162847409956
0.00163749512285
0.00217017787509
0.00222013401799
0.00175116793253
0.00180423585698
0.00168589409441
0.0020431119483
0.00163981108926
0.00183810596354
0.00164070702158
0.00214719609357
0.00187015999109
0.00205485802144
0.00187740498222
0.00238963216543
0.0038983928971
0.00377150997519
0.00361262517981
0.00364516815171
0.0153924869373




layer number :  37
144.036958099
0.0911640988197

jsonTime
3.19868708798
0.0410054039676
0.00559826404788
0.0136794510763
0.00499454909004
5.67125572683
0.0673037169036
0.0251958649606
0.253382832045
0.0328984120861
0.00854004500434
0.0308413170278
0.00791254499927
0.0076370111201
0.00902856793255
0.0232046279125
0.00821688515134
0.00755502586253
0.00778750097379
0.5497637589
0.00486198603176
0.0120727680624
0.00497529609129
0.00404367409647
0.00414098799229
0.00421815295704
0.00419458700344
2.64531185105
0.00494466582313
0.0795789961703
0.00582281895913
2.81779399607
0.115075048991
0.00491904490627
0.00462863803841
0.0137655120343
0.00465777306817

layerTime
23.1591465911
0.0199570518453
0.00233313092031
0.00501035084017
0.00200633285567
50.10379668
0.328882555012
0.0161431410816
1.94212506502
0.0134023400024
0.00400420092046
0.0160297648981
0.00397522398271
0.00389358890243
0.00393663602881
0.0056025639642
0.00422913883813
0.00420657917857
0.00392358703539
3.72806794895
0.00228288816288
0.00359203899279
0.00223566009663
0.00213252613321
0.00209733005613
0.00189005583525
0.0017580408603
24.669901205
0.00241548800841
0.198974058963
0.00232562888414
23.3598494569
0.479228242068
0.00224445411004
0.00231209606864
0.00413699587807
0.00219489890151

checksumTime
0.00227778800763
0.00207234406844
0.0021131420508
0.00215303502046
0.00182708818465
0.0118200911675
0.0040116510354
0.0142121829558
0.00383896194398
0.00392502592877
0.00367247802205
0.00389769906178
0.00376383401453
0.00355081702583
0.00335441506468
0.00395777402446
0.00381926610135
0.00372787797824
0.00368566298857
0.00203905301169
0.00211883685552
0.00216795387678
0.00164142879657
0.00172550277784
0.00167661416344
0.00176828820258
0.00152736692689
0.00221903412603
0.00195972202346
0.00214239605702
0.00212846905924
0.00206602690741
0.00234432308935
0.00188695685938
0.00189855392091
0.00207389704883
0.00932020903565




layer number :  37
141.754549422
0.0969114270993

jsonTime
2.45286076004
0.0595210730098
0.00514754303731
0.00429591117427
0.00458437995985
4.965344975
0.0673898798414
0.00452400301583
0.215501728002
0.0173809661064
0.0042168200016
0.00419310596772
0.00408158404753
0.012202932965
0.00495040905662
0.00470194080845
0.00408093095757
0.00418562605046
0.00405129301362
0.440972369863
0.00461597600952
0.00439587701112
0.00429398007691
0.00408584694378
0.0120931670535
0.00426855194382
0.00394728686661
2.46113498486
0.0857758701313
0.0892535739113
0.0138477489818
3.3712882041
0.129249646096
0.00574719416909
0.00488465419039
0.00466898200102
0.00444131204858

layerTime
23.4455169379
0.0152275569271
0.00210457388312
0.00250523281284
0.00195203092881
50.1681452091
0.206645791186
0.00210260716267
1.7199613878
0.0144857028499
0.00190639705397
0.00218480895273
0.00193344498985
0.00308194803074
0.00191878597252
0.00192971900105
0.00182036217302
0.0018761199899
0.00199887901545
3.76228156802
0.00194484181702
0.00208375789225
0.00226105796173
0.00193032203242
0.00348425190896
0.00235012313351
0.00224339496344
24.8497480671
0.00250141392462
0.166470973054
0.00336579815485
22.1607574129
0.464231810998
0.00242876284756
0.00232099089772
0.00218227808364
0.00221606483683

checksumTime
0.0156039560679
0.00186820607632
0.00189852598123
0.00166764110327
0.00188413797878
0.0202718530782
0.00198554783128
0.0018524969928
0.0142271320801
0.00228804606013
0.00158968800679
0.00186547101475
0.00171510502696
0.00209755985998
0.00177559116855
0.00195918604732
0.00194231490605
0.00176663300954
0.0100026580039
0.00254777213559
0.00195721513592
0.00161297502927
0.00187351601198
0.00163618195802
0.00214676000178
0.00194459105842
0.0018011261709
0.00230819592252
0.00184109504335
0.00211210991256
0.00174186984077
0.00219459901564
0.00297283986583
0.00216757599264
0.00197166297585
0.00184930698015
0.00874019507319




layer number :  37
144.292743219
0.111212525982

jsonTime
2.76979781501
0.0487878290005
0.0051619510632
0.00490899803117
0.00414136913605
5.48159104213
0.0672913650051
0.00874959281646
0.260603394127
0.0172386860941
0.00417380104773
0.00424422486685
0.0124596308451
0.00506086600944
0.00528177805245
0.00468577910215
0.00427028280683
0.00423710886389
0.00483655696735
0.389815350994
0.00519123091362
0.00418476806954
0.00470174709335
0.0123990981374
0.00444531789981
0.00443051801994
0.00407995097339
2.23965848098
0.012887641089
0.0800310729537
0.0137016610242
3.03109825007
0.12975213211
0.00524089089595
0.00439643906429
0.00504979095422
0.00442354287952

layerTime
24.0368544769
0.0250429820735
0.00239527900703
0.00198511988856
0.00200765603222
51.649612474
0.419533082051
0.00448563112877
2.01549886796
0.0138993749861
0.00231690099463
0.00204411312006
0.00387667608447
0.00200479081832
0.00205058907159
0.00205765198916
0.002006463008
0.00203640107065
0.00223443191499
3.78080565715
0.00222260295413
0.0021215879824
0.0020491159521
0.0036142799072
0.00189067213796
0.00201152288355
0.00186012196355
24.7950259568
0.00433128490113
0.158043900039
0.00324460794218
22.052703175
0.387810013955
0.00220289709978
0.00219750683755
0.00199582311325
0.00208053807728

checksumTime
0.00212977291085
0.00213938695379
0.00192833598703
0.00188564299606
0.00175091181882
0.0184045229107
0.00416780007072
0.00418592686765
0.00233821989968
0.00196287897415
0.00210763304494
0.00181209808215
0.00220065703616
0.00191907398403
0.00198195991106
0.00189419509843
0.00164769915864
0.00988374906592
0.00194930494763
0.00206003896892
0.00177471898496
0.00194048206322
0.00170301087201
0.00197563203983
0.00185913802125
0.00162617303431
0.00163065316156
0.00223204912618
0.00217474508099
0.00233292998746
0.00209219194949
0.00236577284522
0.0022108941339
0.00179969496094
0.00185004808009
0.00198367494158
0.00883286492899




layer number :  37
147.026853485
0.0919682790991

jsonTime
2.6765377738
0.0404574419372
0.00531685701571
0.0120784551837
0.00436001108028
5.88186038518
0.0937643700745
0.0255895559676
0.254919697065
0.0182362988126
0.00414347392507
0.0128142510075
0.00424281717278
0.00430888216943
0.00465432996862
0.0122834171634
0.00443381397054
0.00424172100611
0.00404119398445
0.439032362076
0.00523366988637
0.0124271998648
0.00438928208314
0.00429547089152
0.00421865191311
0.00399481295608
0.00457175518386
3.01262421696
0.00532566686161
0.0798094049096
0.00625537591986
3.5881855851
0.132742553949
0.0129716631491
0.00453479983844
0.00488253496587
0.00408016215079

layerTime
24.4934723221
0.0206670870539
0.00204990501516
0.00508543779142
0.00201277900487
50.8832490249
0.442942501977
0.0160067901015
2.33432775899
0.0141178132035
0.00202209106646
0.00220230105333
0.00210145884193
0.00188097590581
0.00192422303371
0.00319968978874
0.0019173361361
0.00188079895452
0.00181106105447
4.07163063786
0.00217931717634
0.00393046415411
0.00195711990818
0.00204558204859
0.00224191206507
0.00208140420727
0.00180936185643
25.241275666
0.00183848501183
0.189261764055
0.00211576302536
22.244086982
0.397976851091
0.00492730783299
0.00191375310533
0.00207837903872
0.00185970379971

checksumTime
0.00211914302781
0.00213675899431
0.00201481487602
0.00202790903859
0.00181880686432
0.0170768650714
0.004165452905
0.0141872789245
0.00217487406917
0.00192263792269
0.00190035998821
0.00163667486049
0.00195932900533
0.0016695340164
0.00163609790616
0.00198404211551
0.00192957487889
0.00170314800926
0.00193999800831
0.00217614206485
0.0019006349612
0.00212955893949
0.00212211208418
0.00207293801941
0.00190047593787
0.00193521077745
0.00155954901129
0.00216350215487
0.00192600605078
0.00214974908158
0.00185523997061
0.0208573439158
0.00212347088382
0.00176226417534
0.00170803000219
0.00177201791666
0.00903012114577




layer number :  37
146.923256781
0.0882957701106

jsonTime
3.12259322801
0.0600963809993
0.00529518187977
0.00425043795258
0.0045839981176
6.17691768007
0.0681107109413
0.00524792796932
0.166068096878
0.0278514169622
0.0047264629975
0.00418709497899
0.00431788619608
0.0128205940127
0.00533512607217
0.00424991478212
0.0049286049325
0.00406836997718
0.00448442809284
0.424978069961
0.00507630500942
0.00428774394095
0.00449567683972
0.00411862204783
0.0123427088838
0.00454603694379
0.00403283583
2.62585845287
0.00470775691792
0.109827356879
0.0284824420232
3.69585065101
0.130060645984
0.00875159609132
0.00848491606303
0.00860506109893
0.00824227905832

layerTime
24.03287819
0.00413547479548
0.00212634517811
0.00205420493148
0.002009550808
51.443364928
0.216743347934
0.00232060113922
1.75828379206
0.0123949369881
0.00212722294964
0.00210234709084
0.00187172181904
0.00322557101026
0.00204725400545
0.0020073170308
0.00213122204877
0.00209707091562
0.00213605398312
3.78713560896
0.00230373907834
0.00246870797127
0.00201947102323
0.00180964102037
0.00345804006793
0.00182629399933
0.00183417508379
25.0384336109
0.00183937512338
0.217828931985
0.0068380550947
22.7425121651
0.594552455936
0.00423534400761
0.00452928803861
0.00450273789465
0.00426797498949

checksumTime
0.0146053300705
0.00192648312077
0.0018763160333
0.00203361897729
0.00185972708277
0.0120436029974
0.00218169903383
0.00204754900187
0.00258010206744
0.00209849397652
0.00171178299934
0.00178991886787
0.00159192504361
0.00212270999327
0.00173612707295
0.00209060218185
0.00181907601655
0.0018631669227
0.0102491991129
0.00276510696858
0.00198707194068
0.00198665913194
0.00199578003958
0.00156425405294
0.00190950394608
0.001632375177
0.00166747206822
0.00218129809946
0.00177882704884
0.00416975398548
0.00410621589981
0.00220817094669
0.00558903906494
0.00413182284683
0.00372083089314
0.0037893189583
0.0164426781703




layer number :  37
145.804166604
0.0944725829177

jsonTime
2.78929631296
0.0597230079584
0.00514821102843
0.012651175959
0.00445033819415
6.18369871099
0.0675635191146
0.0051084079314
0.193905189168
0.0179296641145
0.0128438710235
0.0048814851325
0.00459585292265
0.00476839113981
0.0056392760016
0.00421219994314
0.00454246718436
0.0046679188963
0.00402069301344
0.439172895858
0.00506637385115
0.0122909399215
0.00455659790896
0.00425578607246
0.00445857294835
0.00418227002956
0.00402245204896
2.78129399405
0.00472001801245
0.0796162961051
0.0120923160575
3.68697267189
0.116952562006
0.0087497481145
0.00839173491113
0.0087078360375
0.00823246198706

layerTime
23.5073950901
0.00506991916336
0.00207922700793
0.00500348513015
0.002086188877
51.1831741999
0.175759866834
0.002245554002
1.16265637102
0.0144300709944
0.00410655001178
0.00229523796588
0.00237054214813
0.00212375982665
0.00210792198777
0.00212379684672
0.00225857482292
0.00201491010375
0.00206565391272
3.82639818895
0.00226354808547
0.00367749901488
0.00219301809557
0.00217918492854
0.00187519518659
0.00204353104346
0.00192768895067
24.8926018069
0.00200998992659
0.35533611686
0.0046682828106
23.1452628081
0.631953770062
0.00446104397997
0.00448938715272
0.00446213106625
0.00420394400135

checksumTime
0.00216531590559
0.0018858818803
0.00176204997115
0.00193116185255
0.00205323612317
0.0197742669843
0.0211177840829
0.00199240702204
0.00385262584314
0.00207133195363
0.0019847098738
0.00191848701797
0.00213764584623
0.0019375521224
0.00191591307521
0.0100177510176
0.00198359414935
0.00185326393694
0.00177467614412
0.0023164912127
0.00197730702348
0.00220692600124
0.00210578902625
0.0019011979457
0.00158810592256
0.00179969286546
0.00162950204685
0.0020870140288
0.00204213103279
0.0043837421108
0.00387016311288
0.00207743002102
0.00683288881555
0.00407929602079
0.0040020449087
0.00378091493621
0.0184748780448




