layer number :  6
31.4239022089
0.0383610217832

jsonTime
0.00948117300868
3.15831053699
0.0409602380823
0.0104405200109
0.00836501596496
0.206720751012

layerTime
0.00434304308146
25.2393782979
0.0212301949505
0.00422019511461
0.00418208516203
2.63201241312

checksumTime
0.00377999199554
0.0171685039531
0.00401224195957
0.00437488290481
0.00394951389171
0.0109878119547




layer number :  6
30.9736372728
0.0324289319105

jsonTime
0.0297731920145
2.70870899386
0.0593406001572
0.00490473001264
0.00428407685831
0.179990172153

layerTime
0.00791256199591
25.41658997
0.00335466489196
0.00197998085059
0.00169242615812
2.48242443288

checksumTime
0.00426676310599
0.0174721849617
0.00192124512978
0.00178383314051
0.00174921983853
0.0111938959453




layer number :  6
30.3302803671
0.0331757350359

jsonTime
0.0294619349297
2.81181059498
0.0398732437752
0.00532707385719
0.0042351980228
0.196623879019

layerTime
0.00774332112633
24.9599071611
0.0208943460602
0.00191161106341
0.00196556001902
2.17983879289

checksumTime
0.00444835494272
0.0137324749958
0.00207339413464
0.00186913693324
0.00191876501776
0.011838133214




layer number :  6
30.853809176
0.033905970864

jsonTime
0.00813207100146
3.11561025702
0.0404108441435
0.00567842600867
0.0119653518777
0.190317510162

layerTime
0.00420725694858
24.6841960221
0.0204397470225
0.00204444490373
0.00489833811298
2.70684091677

checksumTime
0.0038767659571
0.00233536981978
0.00199836096726
0.00175147713162
0.00211246986873
0.011306664208




layer number :  6
31.2553299798
0.0341268049087

jsonTime
0.00798466196284
2.68518542289
0.0684987921268
0.00512191210873
0.00459859403782
0.184885672992

layerTime
0.00426729908213
25.7517773679
0.0111746469047
0.00213865982369
0.00207382999361
2.46801308985

checksumTime
0.00384986400604
0.00217722007073
0.00221782596782
0.00200581806712
0.00183274107985
0.0116703070235




layer number :  6
30.9034410331
0.0492741190828

jsonTime
0.00837627495639
3.10593703715
0.0391395781189
0.00506833405234
0.0122062268201
0.191434346838

layerTime
0.00454247393645
24.5271500619
0.0354546068702
0.00201516994275
0.00491385208443
2.87813821109

checksumTime
0.00378114101477
0.00206607091241
0.00199585198425
0.00183595018461
0.0020531041082
0.0261635619681




layer number :  6
31.063850288
0.0352527159266

jsonTime
0.00859160604887
2.73207049305
0.0696354699321
0.0054165169131
0.0049998650793
0.174840001157

layerTime
0.00422361702658
25.4907725221
0.0184108540416
0.00237159593962
0.00214094202965
2.48889716202

checksumTime
0.00367379398085
0.00242811092176
0.00237519410439
0.00181061401963
0.00212286482565
0.0112933439668




layer number :  6
30.7449961661
0.0369197360706

jsonTime
0.00840690592304
2.94701161492
0.0403801451903
0.00902307708748
0.0235619200394
0.224395113997

layerTime
0.00435382709838
25.0754231932
0.021916070953
0.00409588590264
0.0097213559784
2.31108704

checksumTime
0.00355030596256
0.00214182585478
0.00421831291169
0.00373525894247
0.00397851900198
0.00924502708949




layer number :  6
30.752754529
0.0400014049374

jsonTime
0.00807974091731
3.07918395079
0.0600095738191
0.00547543913126
0.00486345612444
0.187514662975

layerTime
0.00443914416246
24.8271753672
0.00916508212686
0.00209968187846
0.00210264697671
2.48328256607

checksumTime
0.00385928503238
0.0167921050452
0.00217873090878
0.00181082100607
0.00192257598974
0.0111195188947




layer number :  6
29.9862696601
0.0367965169717

jsonTime
0.00784173584543
2.71222223295
0.0402520850766
0.00522023695521
0.004352258984
0.184293393046

layerTime
0.00477667711675
24.700080181
0.020752822049
0.00197324901819
0.00188707304187
2.24073806708

checksumTime
0.00394812994637
0.00221640407108
0.00206759595312
0.00176260690205
0.00189194898121
0.0112157890107




