layer number :  27
127.796824685
0.0704322101083

jsonTime
0.00862678512931
3.36065059481
0.0609266329557
0.0119354110211
0.0266051320359
0.257938178955
0.00469134817831
3.13898450998
0.00645555998199
0.00484933517873
0.0141184229869
0.0125649299007
0.00454894709401
0.00444751908071
3.76743975095
1.14832579205
0.00827433983795
0.0251269671135
0.00854685995728
0.00925675989129
1.65617666021
0.00499310111627
1.76577043999
0.00513954693452
0.00556273316033
0.00448644999415
0.0040830061771

layerTime
0.00428313482553
24.44064044
0.00699803302996
0.00462032901123
0.0104419379495
0.997911615064
0.00209382595494
29.7994453642
0.00198717298917
0.001931109
0.0153291781899
0.00489042000845
0.00209841807373
0.00226020696573
30.607668319
0.00459138886072
0.00443571619689
0.00799449603073
0.00430452800356
0.00423352816142
11.807716056
0.0020921328105
14.557857004
0.0101710520685
0.00208743498661
0.00216198619455
0.00227724597789

checksumTime
0.00403786520474
0.00210097013041
0.00393190700561
0.0037298949901
0.00422800495289
0.00216531893238
0.002138055861
0.00210014404729
0.00205445382744
0.00165907084011
0.00196145591326
0.0022197549697
0.00209599686787
0.00192984100431
0.00228517805226
0.00429838616401
0.00390313682146
0.00409344001673
0.00387243297882
0.00393573381007
0.00218542385846
0.00195364118554
0.00220727990381
0.00400521093979
0.00182652985677
0.00176664278843
0.00880550197326




layer number :  27
124.852485433
0.067216433119

jsonTime
0.0286778220907
2.83043212607
0.0406039161608
0.00612931000069
0.0050442519132
0.176754519809
0.00461541395634
2.82771352702
0.00615932792425
0.00478673120961
0.0137806329876
0.00441763806157
0.0130975858774
0.00446066819131
4.09974546893
0.00472432002425
0.00420099007897
0.00431142002344
0.012431937037
0.00427914690226
1.48619326088
0.00507763680071
1.71777532902
0.00538571784273
0.00481394701637
0.016125026159
0.00455857999623

layerTime
0.00785806402564
23.956554004
0.0204113149084
0.00221823900938
0.00211445009336
0.883260224015
0.00211746990681
29.7760530829
0.00225353706628
0.00232508196495
0.0152239841409
0.00185866607353
0.00516662700102
0.00245448295027
30.593371385
0.00222174497321
0.00209647300653
0.00201864400879
0.00382030499168
0.00209391093813
11.3137777601
0.00216942001134
14.772358641
0.00236486201175
0.00215913192369
0.0026147980243
0.00205406406894

checksumTime
0.00435722596012
0.00200589280576
0.00202422402799
0.00173086696304
0.00179238710552
0.00211206218228
0.00193894607946
0.00224350113422
0.00208794581704
0.00175170483999
0.00195591291413
0.00172744900919
0.0023043109104
0.00191214005463
0.00209156190977
0.00188092608005
0.00181212695315
0.00161496084183
0.00185313611291
0.00187978916802
0.00212369300425
0.00176634010859
0.00230142800137
0.0019816220738
0.00190001097508
0.00189372291788
0.0113210738637




layer number :  27
126.018895755
0.0723987270612

jsonTime
0.00832241820171
3.17043962283
0.0627900199033
0.0108877879102
0.00868132500909
0.225154474145
0.0046046320349
2.83509470685
0.00499818986282
0.0047942660749
0.0142038599588
0.00430469121784
0.0123159389477
0.00432926393114
4.36446321802
0.00499632908031
0.00476125814021
0.00445053586736
0.0123992001172
0.00473505095579
1.42618345283
0.00520066404715
1.68475704896
0.00550482282415
0.00412266002968
0.013119057985
0.00434291805141

layerTime
0.0042875779327
24.1358397631
0.0395504201297
0.00384821905755
0.00363260298036
0.973091352964
0.00230863387696
30.0029372501
0.00221615005285
0.00209201988764
0.0148941290099
0.00191042292863
0.00469436403364
0.00233194604516
30.4682436839
0.00201194197871
0.00205343496054
0.00183690804988
0.00358090596274
0.00216609798372
11.366853412
0.00255981390364
14.9166221891
0.00190793001093
0.00190765503794
0.00266080792062
0.0023049719166

checksumTime
0.00385903706774
0.00387108698487
0.0035557190422
0.00349756795913
0.00340434396639
0.0020268720109
0.0020309491083
0.0021626020316
0.0020103759598
0.0017667170614
0.00189694296569
0.00164211797528
0.00181637099013
0.00196854001842
0.00212398706935
0.00196209689602
0.00163795100525
0.00160983297974
0.00195436505601
0.00188942602836
0.00203806813806
0.00210717995651
0.0021214610897
0.00176564301364
0.00161957298405
0.00192885613069
0.00811600196175




layer number :  27
123.453343168
0.072084259009

jsonTime
0.0296012079343
2.79271043907
0.0596529550385
0.0143146109767
0.00538454088382
0.124016278889
0.00509832496755
2.83387188497
0.00569582893513
0.00481039984152
0.022110984195
0.00480941589922
0.00401880498976
0.00404553697444
3.56559239607
0.00510623818263
0.012732394971
0.00450659310445
0.00402932800353
0.00519130704924
1.47445784207
0.0051324958913
1.850912567
0.0132015510462
0.00432834401727
0.0045831380412
0.00527081405744

layerTime
0.00737619609572
23.7851767719
0.00260157999583
0.00529685500078
0.00217631505802
0.932039682055
0.00214613601565
29.73475032
0.00215118099004
0.00197759317234
0.0199868457858
0.00217070011422
0.00180351291783
0.00208681612276
29.960303989
0.00199247593991
0.00411671306938
0.00215338403359
0.00178382801823
0.0020619451534
11.5592517569
0.00245016207919
14.405650924
0.00421464582905
0.00213115802035
0.00220172991976
0.00182719388977

checksumTime
0.00428898097016
0.00229293201119
0.00202221004292
0.00210866099223
0.00190795911476
0.00212517008185
0.00199994887225
0.00214874115773
0.00203027413227
0.00157988979481
0.00222158711404
0.00182348303497
0.001678182045
0.00194551981986
0.00225451192819
0.00189612689428
0.00193183892407
0.00179988588206
0.00174249894917
0.00175771489739
0.00225516408682
0.00183727801777
0.00223873509094
0.00187251414172
0.00177740282379
0.00176300504245
0.00880645005964




layer number :  27
123.630803597
0.072233223822

jsonTime
0.0293526710011
2.76292412588
0.0598588942084
0.0136943068355
0.00531161390245
0.138708878076
0.00596885895357
3.34088007198
0.00540178501979
0.00497885700315
0.0215618510265
0.00471979286522
0.00425368011929
0.00417493702844
4.09644690203
0.00480079394765
0.0127705328632
0.00510231498629
0.00441710301675
0.00414512585849
1.49969848082
0.0132730659097
1.65323312907
0.00494267209433
0.00422987784259
0.00450292183086
0.00446841493249

layerTime
0.00781242409721
23.7669181132
0.0042059707921
0.00514342519455
0.00215236120857
0.813133090036
0.00291326199658
29.5219535399
0.00224432605319
0.00188416801393
0.0199755840003
0.00214311503805
0.00189331104048
0.00199853698723
29.7267975591
0.00246441899799
0.00318739400245
0.00208193296567
0.00182369491085
0.00181303313002
10.6365704602
0.00416474696249
15.2386878419
0.00193437212147
0.00192323513329
0.00189086515456
0.0018912749365

checksumTime
0.00383666297421
0.00227324478328
0.0019668971654
0.00221741991118
0.00180774880573
0.00263544498011
0.00238232407719
0.00222415104508
0.00195321394131
0.00156367896125
0.00202903710306
0.00188892288134
0.00153212086298
0.00173550006002
0.00223189289682
0.00180531619117
0.0022017180454
0.00173404812813
0.00170229608193
0.00173997296952
0.00224674795754
0.00181952002458
0.00217728200369
0.00171530293301
0.00200727605261
0.00184689299203
0.0100159191061




layer number :  27
125.5986653
0.0743493321352

jsonTime
0.0275504679885
2.78039518511
0.0480447241571
0.00607816292904
0.00582820805721
0.232918746071
0.00471039302647
2.72883513384
0.00567010999657
0.00479444605298
0.0218772441149
0.00449090194888
0.00425330502912
0.00411639502272
3.42781627597
0.00538468710147
0.0124226948246
0.00503569096327
0.00403345609084
0.00446240906604
2.40929899295
0.0131912308279
1.76524096401
0.00512564787641
0.0051793330349
0.00474262307398
0.00416031503119

layerTime
0.00933193508536
24.2124452509
0.00636078603566
0.00214741309173
0.00189762702212
1.31934850896
0.00210794503801
29.7799115882
0.00221275305375
0.00192976999097
0.0198461778928
0.00205034390092
0.00178352580406
0.00219659903087
30.487710173
0.00206910585985
0.00402622204274
0.00221600802615
0.00209632399492
0.00179992499761
10.798240802
0.00414356216788
15.2411565611
0.0021358600352
0.00199943687767
0.0021910269279
0.00183152710088

checksumTime
0.00450686691329
0.00201666890644
0.00221359985881
0.00172019493766
0.00168494693935
0.00221536494792
0.00166419311427
0.00216785492375
0.0020293649286
0.00173326185904
0.00213809218258
0.00178204709664
0.00171937304549
0.00178413907997
0.00216463487595
0.0018429402262
0.00213359505869
0.00185545394197
0.00195728894323
0.00173015100881
0.00223113805987
0.00180257181637
0.00211110711098
0.00196100305766
0.00185148790479
0.00199323799461
0.00868751294911




layer number :  27
125.57243407
0.0704753119498

jsonTime
0.00809781113639
3.02839185111
0.0491279840935
0.00636894698255
0.00527658499777
0.183346928097
0.0125055420212
3.03282665904
0.00549130211584
0.00480067403987
0.0223845019937
0.00473230797797
0.00472364504822
0.00451925117522
3.50948736118
0.00494848820381
0.0123842828907
0.00461812317371
0.00417362200096
0.00519140390679
2.33171531186
0.00517557002604
1.7355097509
0.013679035008
0.00456399703398
0.00468207988888
0.00424107792787

layerTime
0.00449862983078
24.5507162889
0.024604487
0.00222638295963
0.00204170192592
0.879146805964
0.00416989414953
29.752756546
0.00205259281211
0.00253680208698
0.0195367760025
0.00224880618043
0.00220866501331
0.00224951189011
30.363590691
0.00221859291196
0.00442414404824
0.00203237403184
0.00200338708237
0.00192769616842
10.6919471091
0.00197278009728
15.073179388
0.00455842888914
0.00224090507254
0.00201437505893
0.00192569405772

checksumTime
0.0238562910818
0.00230386597104
0.00223304098472
0.0021434200462
0.00198654411361
0.00201200786978
0.00216581881978
0.00215954100713
0.00167629099451
0.00199378700927
0.00213541090488
0.00189248682
0.00194736989215
0.00212394096889
0.0024178607855
0.0019662110135
0.0022394049447
0.00186366587877
0.00162013294175
0.00179453496821
0.00209321291186
0.00191882904619
0.00221676612273
0.0021456850227
0.00180098298006
0.00175599008799
0.00780735304579




layer number :  27
125.80679152
0.0697250219528

jsonTime
0.00825058901682
2.79377030116
0.0595992431045
0.00612074998207
0.00500380992889
0.257943386212
0.00490787089802
2.73100663396
0.00630572182126
0.00501341605559
0.0141077281442
0.00426945299841
0.00481909187511
0.0132067447994
4.06730030105
0.0049669938162
0.00453809811734
0.0039898911491
0.00419651321135
0.0134231378324
1.77653543511
0.0054199360311
1.68958351016
0.00515246810392
0.00469539710321
0.00484263407998
0.0128854468931

layerTime
0.00427306490019
23.7336969068
0.00899581587873
0.00198049494065
0.00198499904945
1.08189409692
0.00234838295728
29.857011029
0.00244680116884
0.00198750407435
0.0148867210373
0.0021521220915
0.00226095900871
0.00446288799867
30.858822057
0.00217675301246
0.00212717801332
0.00207956787199
0.00186747382395
0.00362688605674
11.2973897089
0.00207968009636
15.2619874789
0.00230899988674
0.00186498789117
0.00194456195459
0.00247467099689

checksumTime
0.0040510490071
0.00227537099272
0.00202833814546
0.00168607197702
0.0019080019556
0.00240877503529
0.00200587906875
0.00230500614271
0.00206529884599
0.00177998584695
0.00193847389892
0.00186441792175
0.00199858820997
0.00218314211816
0.00210149399936
0.00217589503154
0.00166321685538
0.00177298393101
0.00161378015764
0.0020189799834
0.00235808291472
0.00178109388798
0.00215058890171
0.00168377999216
0.00158695504069
0.00178071507253
0.00912898406386




layer number :  27
125.908890232
0.0829993949737

jsonTime
0.00873177219182
3.14316127705
0.0502949832007
0.00601589283906
0.0052308619488
0.209353778046
0.00469501595944
3.22306999611
0.00541776209138
0.00469511095434
0.0226724348031
0.00455221789889
0.00411611888558
0.00390483019873
3.67017455399
0.00467049097642
0.0129053099081
0.00476031913422
0.00441246200353
0.00458250008523
1.96304640896
0.013049014844
1.72479796899
0.00486474297941
0.00444406690076
0.00535589805804
0.00415454502217

layerTime
0.00429944880307
23.9504057099
0.0185885718092
0.00221898010932
0.00239390693605
1.09245097288
0.00184684293345
29.278985244
0.0022243289277
0.0019698550459
0.0199785220902
0.00203731399961
0.00182292307727
0.00182756688446
31.3074241949
0.00217164121568
0.00282245199196
0.00211053784005
0.0019280759152
0.00204703607596
11.0434196561
0.0039735881146
14.8895802451
0.00192203908227
0.0022300190758
0.00222127907909
0.00191175285727

checksumTime
0.00358872907236
0.00235868897289
0.00223679817282
0.00181722501293
0.00207121204585
0.00210824212991
0.00183679698966
0.00220179092139
0.00181427202187
0.00168697512709
0.00219928403385
0.00184977916069
0.00162032083608
0.00163356610574
0.00210877996869
0.00221646390855
0.00213098502718
0.0019095800817
0.00163165596314
0.00189035991207
0.00211694906466
0.00216527585872
0.00234516500495
0.00159786897711
0.00190058490261
0.00181613699533
0.00936999311671




layer number :  27
124.813978867
0.0673366030678

jsonTime
0.00792675907724
2.83599645086
0.0679586268961
0.00667456397787
0.00507933902554
0.187536288984
0.0123649081215
3.03096322296
0.00529503193684
0.00471872114576
0.0216730840039
0.00450980197638
0.0041100520175
0.00410357490182
3.94837224809
0.005577103002
0.0123010089155
0.00469794985838
0.00426682201214
0.00503928493708
1.47109748796
0.00465083192103
1.80286647286
0.0130495280027
0.00502157397568
0.00494418200105
0.00480039604008

layerTime
0.0236626469996
23.80085739
0.00666989199817
0.00215199985541
0.0019553899765
0.891880488023
0.00427991896868
29.734203065
0.00216701813042
0.00214640889317
0.0198958399706
0.00234215310775
0.00206705997698
0.00200582109392
30.4786985479
0.0022187649738
0.00392985902727
0.0022809561342
0.0021608909592
0.00208225590177
11.3883130229
0.00215323502198
14.802422557
0.00400909408927
0.00209201104008
0.0023348571267
0.00221523013897

checksumTime
0.00908259302378
0.00213975808583
0.0022551571019
0.00195976509713
0.00165802892298
0.00212777405977
0.0021825840231
0.00200936989859
0.00214165588841
0.00183393806219
0.00234530586749
0.00186156993732
0.00170335709117
0.0017904730048
0.00228005694225
0.00183772109449
0.00203485810198
0.00208994396962
0.00172497401945
0.00159961613826
0.00235241511837
0.00194533914328
0.0021807719022
0.00191723299213
0.00171254598536
0.00201227283105
0.00910240295343




