layer number :  22
93.3949346531
0.063750556903

jsonTime
0.00827928096987
3.38729121303
0.0483626679052
0.0053386092186
0.00462528201751
0.00407738797367
1.81638273387
0.00668001011945
0.010774548864
0.0266514720861
0.00908960495144
0.00932108401321
0.00947997695766
0.00951663590968
0.0248003550805
0.00838340213522
0.00833876081742
2.509922178
0.251434838865
0.0163647150621
0.00471017207019
0.00412720884196

layerTime
0.00413382006809
32.899282492
0.0249827329535
0.00215945579112
0.0019322829321
0.00186743098311
21.2600699782
0.00204036990181
0.00427541905083
0.00840893900022
0.00420320103876
0.00434824894182
0.00415315409191
0.00439724395983
0.0063182679005
0.00445108488202
0.00421063206159
28.0942600111
2.73129575001
0.00418180786073
0.00203692098148
0.00200673309155

checksumTime
0.00356754101813
0.00212849793024
0.00226943800226
0.00199308106676
0.00166219519451
0.00165998097509
0.00215489184484
0.00237790308893
0.00406968593597
0.00414377707057
0.00397261488251
0.00371509813704
0.00390910101123
0.00366629404016
0.00397864496335
0.00420383410528
0.0036434030626
0.00221217097715
0.00214553601108
0.00214434112422
0.00191613798961
0.00904633407481




layer number :  22
92.4373128091
0.0638553940225

jsonTime
0.0301005339716
2.41874601203
0.0641406278592
0.010688964976
0.00835298397578
0.00829296116717
2.11629429692
0.0105055090971
0.0107998359017
0.00856436509639
0.0252914549783
0.00920545915142
0.00948289199732
0.00940099102445
0.00811304221861
0.0254027789924
0.00851180381142
2.45525693311
0.241358436178
0.569830091903
0.0088089380879
0.00922945002094

layerTime
0.00769482296892
31.9025120339
0.06698555802
0.00475384900346
0.00445160502568
0.00447434093803
21.464913853
0.00448229489848
0.0046448870562
0.00422091386281
0.00850304705091
0.00455797882751
0.00421563186683
0.00439850706607
0.00438584992662
0.00613679294474
0.00451462203637
28.2482071759
2.41467067483
0.0157648811582
0.00466797291301
0.00416728015989

checksumTime
0.00437817699276
0.0190511201508
0.00409003300592
0.00392918102443
0.0037208609283
0.00396331911907
0.00341625697911
0.00380517612211
0.00407518586144
0.00351600907743
0.00463183992542
0.00370027520694
0.00389817403629
0.00390931079164
0.00376802193932
0.00419578119181
0.00400308496319
0.0020866279956
0.002121796133
0.00393873080611
0.00383354001679
0.0180083299056




layer number :  22
92.793703038
0.0698338029906

jsonTime
0.0285936379805
3.25478995498
0.0408115480095
0.00588507717475
0.00435293186456
0.00429209391586
1.71689884411
0.0547055329662
0.00573932006955
0.00450949789956
0.012393934885
0.00491815409623
0.00501577695832
0.00491144391708
0.00402369489893
0.0120396921411
0.00432369299233
2.23857371509
0.304944147123
0.00759515003301
0.00465006404556
0.00424606888555

layerTime
0.00741844600998
32.299613734
0.0199420130812
0.00244347285479
0.00210878602229
0.00198197597638
22.1051832109
0.00226126099005
0.00210913806222
0.00193793093786
0.00403931899928
0.00214629108086
0.00209074700251
0.00196010712534
0.00179321295582
0.00328961480409
0.00194265507162
28.386557736
2.07024943782
0.00245861895382
0.0019383400213
0.00200149812736

checksumTime
0.00404465594329
0.0171755619813
0.00202733185142
0.00190715515055
0.00163267110474
0.0016629958991
0.00206633913331
0.00230459892191
0.00181460403837
0.00173093006015
0.00194400199689
0.00202384288423
0.00180783309042
0.00187960104086
0.00181737402454
0.00165171804838
0.00173961487599
0.00438991002738
0.00215342105366
0.00199692603201
0.00172185502015
0.00882318499498




layer number :  22
91.8768398128
0.0621720920317

jsonTime
0.00802041008137
2.93416138901
0.040819961112
0.0130139810499
0.00449445913546
0.00433382205665
1.80177292787
0.0052479179576
0.00528532802127
0.00463576614857
0.00458005699329
0.0127444369718
0.00506053492427
0.00953316711821
0.00788690592162
0.00796467601322
0.0248516050633
2.49404389993
0.22795647895
0.0181925650686
0.0081957729999
0.00809082505293

layerTime
0.00408537383191
32.276241577
0.0206587330904
0.00500226486474
0.00225192005746
0.0020802069921
21.1825262511
0.00198806589469
0.00223873788491
0.00198268983513
0.00197335495614
0.00355726690032
0.00238111708313
0.00463569606654
0.00427624210715
0.00439212704077
0.00616207695566
28.1986064359
2.3336976089
0.0153740900569
0.00457430607639
0.00438882294111

checksumTime
0.00343835097738
0.00226026796736
0.00198032590561
0.00228617200628
0.00191678083502
0.00175875006244
0.00205728504807
0.00188318011351
0.00168418604881
0.00173858413473
0.001659800997
0.00189603120089
0.00355714582838
0.00387462694198
0.00364240794443
0.00372919486836
0.00404840614647
0.00219128211029
0.00435334001668
0.00418159086257
0.00377743202262
0.0211057038978




layer number :  22
92.811539023
0.110907644965

jsonTime
0.00796523201279
2.79488141881
0.040491372114
0.00542762991972
0.0124037819915
0.00448498711921
2.39933410799
0.00566103099845
0.0052505438216
0.00475032394752
0.00424767192453
0.00454373308457
0.0133500120137
0.00502522895113
0.00410677609034
0.00407215999439
0.0038183031138
2.17538261693
0.242700567935
0.00756570394151
0.003845351981
0.00379983102903

layerTime
0.00431186892092
33.3744985221
0.0202674879692
0.00194766093045
0.00483148591593
0.0021863039583
21.458118727
0.00191804184578
0.00193734606728
0.00211237207986
0.00170146813616
0.00191552494653
0.00372510799207
0.00176313822158
0.00190043100156
0.00211831298657
0.00194186693989
28.451202468
1.5304224242
0.00222243904136
0.00197667209432
0.0020805739332

checksumTime
0.003628017148
0.00221464689821
0.00195588404313
0.00200401316397
0.00212720991112
0.00182834500447
0.0216758791357
0.00172506016679
0.00151355005801
0.00185286090709
0.00162334390916
0.00195370498113
0.00193424196914
0.00179291679524
0.00151853193529
0.00188679504208
0.00164510100149
0.00212659500539
0.00222947192378
0.00191357498989
0.00180875393562
0.00976546807215




layer number :  22
92.7507629918
0.0654135269579

jsonTime
0.00851135700941
3.284299894
0.0406158359256
0.0265329980757
0.00815737596713
0.00799110694788
1.91447855998
0.0101735948119
0.0112826391123
0.00866771489382
0.0257747201249
0.00941408192739
0.00964935799129
0.00911097205244
0.0083253281191
0.00824471702799
0.02608155692
2.41755627398
0.30047297501
0.00784976501018
0.00465135881677
0.00422040908597

layerTime
0.00430518900976
32.620391157
0.0201330410782
0.0102271989454
0.00455869501457
0.00457480596378
21.2273111502
0.00471311807632
0.00484353280626
0.00446757208556
0.00795621005818
0.00450384104624
0.00446724495851
0.00432180892676
0.00416043400764
0.00403522909619
0.00636380608194
28.209616241
2.28969598119
0.00241608917713
0.00200536614284
0.00226849503815

checksumTime
0.00367852393538
0.00238893111236
0.00211304891855
0.00414871703833
0.00416265800595
0.00393004994839
0.00437402003445
0.00399101199582
0.00416155415587
0.00389183685184
0.00420540501364
0.00379591691308
0.00374208111316
0.00414200988598
0.00360078993253
0.0037428389769
0.00422037485987
0.00447896495461
0.00218299380504
0.00204012496397
0.00214059487917
0.00868924986571




layer number :  22
93.516829117
0.0634000280406

jsonTime
0.029335543979
3.18662049901
0.0621915219817
0.0082564719487
0.00706600211561
0.00646851980127
1.85288471496
0.00573067204095
0.00536195887253
0.0044352831319
0.0125969098881
0.00537082599476
0.00492536602542
0.0045589141082
0.00446576508693
0.012329720892
0.00436092796735
2.09481176897
0.243635162944
0.00765889207833
0.00427145208232
0.00406604702584

layerTime
0.00752703100443
33.201471841
0.0465184510686
0.00365078309551
0.00328921992332
0.00372223602608
21.9875809909
0.00207029911689
0.00227592000738
0.00205460307188
0.0038531110622
0.00194241595455
0.00186978606507
0.00200069486164
0.00203807791695
0.00292945699766
0.001897838898
28.109751215
2.41278804303
0.00230460707098
0.00188493984751
0.00202587014064

checksumTime
0.00413365010172
0.0208958350122
0.00337571790442
0.00329499389045
0.00307242712006
0.00351706519723
0.00215933495201
0.00183339696378
0.001736945007
0.00158171891235
0.00208121701144
0.00176335498691
0.0017333899159
0.00175066408701
0.00175469811074
0.00185417104512
0.0016828221269
0.00200187601149
0.00186237995513
0.00199120794423
0.00175267294981
0.00894000986591




layer number :  22
93.2540640971
0.0642803849187

jsonTime
0.0291838129051
3.04400064005
0.0413948609494
0.00530640501529
0.00438889116049
0.00406755390577
1.78946500178
0.0103136999533
0.0107726398855
0.00862943101674
0.0253536419477
0.00943722901866
0.00957275717519
0.00948464591056
0.00814057211392
0.0252235729713
0.00847321702167
2.48272300605
0.236751296092
0.00863228691742
0.00442969892174
0.00419655605219

layerTime
0.00721318507567
33.232060252
0.0203195360955
0.00220314110629
0.00192639487796
0.00185900693759
21.441869057
0.00487111299299
0.00462774001062
0.00482436013408
0.00842250906862
0.00437871715985
0.00422188499942
0.00436946004629
0.0045251660049
0.00618636701256
0.00481403199956
28.118665253
2.43379778904
0.00228466303088
0.00233071111143
0.00210074312054

checksumTime
0.00421258388087
0.0171241341159
0.00185538688675
0.0018975827843
0.00173696316779
0.00170777016319
0.0043428230565
0.00407762615941
0.00393867795356
0.00377593794838
0.0042436318472
0.00399961485527
0.00368738500401
0.00404660892673
0.00402677897364
0.00477445498109
0.00388433691114
0.00205696490593
0.00220186286606
0.00180794205517
0.00200434890576
0.00879175099544




layer number :  22
92.5416256972
0.0665144650266

jsonTime
0.0290595181286
3.04752931301
0.345867240103
0.0108378781006
0.00796518288553
0.00817412603647
1.99715215596
0.0113479208667
0.0106657848228
0.00923206307925
0.0253319649491
0.00926636718214
0.00980956014246
0.00987516483292
0.0083060269244
0.0254053419922
0.0081255719997
2.4757216
0.215973767918
0.00800941791385
0.00523394183256
0.00418800790794

layerTime
0.00745547492988
32.7514227401
0.0568541169632
0.00439918693155
0.0042106481269
0.00422491482459
21.469492387
0.00438183313236
0.00442665698938
0.00454895198345
0.00828898395412
0.00423971796408
0.00412871385925
0.00424054521136
0.004047075985
0.00586204905994
0.00422352785245
27.8647656098
1.88983688108
0.00228020502254
0.00204706913792
0.0018643590156

checksumTime
0.00380307505839
0.00446300790645
0.00403376785107
0.00406371313147
0.00389167992398
0.00385583308525
0.00354319205508
0.00391890807077
0.00430506910197
0.00422506197356
0.00416613696143
0.00387478689663
0.00370910111815
0.00353819993325
0.00385916698724
0.00404319306836
0.00355742918327
0.00201589101925
0.00212658406235
0.00193246314302
0.00181619892828
0.00830854615197




layer number :  22
93.4333034991
0.0662122671492

jsonTime
0.0293343199883
3.14489362994
0.0404268808197
0.00537055009045
0.00417949701659
0.00410286500119
2.24899704708
0.00592420599423
0.00567744206637
0.00433027604595
0.0122713968158
0.00473628006876
0.00539298797958
0.00478731305338
0.00384574010968
0.0122100051958
0.0046640089713
2.20462217485
0.228484391933
0.00799471908249
0.00418937392533
0.00415672012605

layerTime
0.00736277899705
34.0108064769
0.0205932431854
0.00188704603352
0.00193809601478
0.00208969810046
21.704475343
0.00242826389149
0.00211374810897
0.00215607299469
0.00417434307747
0.00194064481184
0.00210695201531
0.00207014684565
0.00192891387269
0.00309340981767
0.00191678409465
27.380613256
2.14910393418
0.00240575289354
0.00221010902897
0.00193103193305

checksumTime
0.00419011409394
0.016559407115
0.00202474487014
0.00176123995334
0.00177841284312
0.00179074890912
0.00207649101503
0.00187377701513
0.00157288089395
0.00182700506411
0.00194657105021
0.00200550816953
0.00196282495745
0.00166407297365
0.00166784599423
0.0019158530049
0.00206268206239
0.00211654906161
0.00194923183881
0.00186363118701
0.00193065893836
0.0089176800102




