layer number :  12
95.2007583978
0.0819989219308

jsonTime
2.12755310605
0.00491954595782
0.00571692292579
1.52791831293
0.0137736639008
6.06484191492
0.00571642303839
0.01265120483
0.521076584933
0.0132928891107
0.00495966593735
0.00549136311747

layerTime
15.126405111
0.00220748898573
0.00188672007062
16.5975423821
0.00414384412579
49.100036866
0.00198191404343
0.0048763200175
3.93045905302
0.00298408488743
0.00206041010097
0.00206849188544

checksumTime
0.00224687904119
0.00210188492201
0.00181606900878
0.00239436607808
0.00183901493438
0.0023755710572
0.00161526794545
0.00190532812849
0.00207372196019
0.00180750712752
0.0021092328243
0.00907673197798




layer number :  12
96.2107669029
0.0576114410069

jsonTime
2.18188728602
0.00460533099249
0.00546791311353
1.50942536583
0.0127648808993
5.66364176897
0.00593582494184
0.0124113338534
0.483523508068
0.0124631479848
0.00498831481673
0.00497153797187

layerTime
15.8898664981
0.00231432984583
0.00214581890032
16.8782713891
0.00414538313635
49.069470749
0.00221573910676
0.00471272715367
4.35233153799
0.00417980598286
0.00222481810488
0.00215283106081

checksumTime
0.00483931903727
0.00214235903695
0.0019489901606
0.00231058499776
0.00213825795799
0.00222593802027
0.00209663202986
0.00209121289663
0.00219254405238
0.00234722904861
0.00186657998711
0.00908828387037




layer number :  12
96.6188590068
0.0437989879865

jsonTime
2.12405938492
0.00500727701001
0.0132675799541
1.46240987
0.00504319602624
5.66861996287
0.0178190851584
0.0044505558908
0.499207775109
0.00492218090221
0.0047022330109
0.0124638671987

layerTime
16.0818878531
0.00221032998525
0.00380503502674
16.5829458439
0.00218501291238
49.8437788312
0.0082287658006
0.00197274400853
4.18464203901
0.00207566097379
0.00201934413053
0.00341649190523

checksumTime
0.00228614592925
0.00191111303866
0.00182984606363
0.00221590604633
0.00182866211981
0.00201508286409
0.00204296619631
0.00180508499034
0.00215301197022
0.00201009400189
0.0019018438179
0.0100027138833




layer number :  12
97.161004503
0.0455322330818

jsonTime
1.99215675681
0.00512711680494
0.00533878803253
1.46329227299
0.418866111198
5.90176686808
0.00538472412154
0.00527992099524
0.516453610035
0.0125569971278
0.0045612489339
0.00434679607861

layerTime
15.4718730561
0.00235368916765
0.00190261006355
17.0439528599
0.00452711479738
50.1376246559
0.00226466194727
0.00200253492221
4.07157952385
0.00405115587637
0.00201547518373
0.00192306190729

checksumTime
0.00217863405123
0.00198429985903
0.00187597796321
0.00205692299642
0.0039063130971
0.00211847899482
0.00179503206164
0.00177083304152
0.00215682201087
0.00230929907411
0.00184325291775
0.00861062901095




layer number :  12
95.364576967
0.0411152890883

jsonTime
2.04714715504
0.00759334303439
0.00867740507238
1.57384037296
0.00488760182634
5.8438360549
0.00580155197531
0.00421196292154
0.546560540097
0.00472103408538
0.00454971101135
0.00508990208618

layerTime
15.312749502
0.00400581094436
0.00391077599488
16.652365569
0.002273832215
49.2517693532
0.00214745500125
0.001821402926
3.98229500698
0.00224454700947
0.00219002715312
0.00186202698387

checksumTime
0.0036055650562
0.0034840980079
0.00319885602221
0.00205945596099
0.00195865891874
0.0118842809461
0.00165037205443
0.0017265630886
0.00265353592113
0.00180335482582
0.00182945793495
0.00915794679895




layer number :  12
98.4379698369
0.0460469298996

jsonTime
2.25779363187
0.00467193615623
0.00530488113873
1.62980257487
0.0128874271177
5.85794719099
0.00577740580775
0.0125138352159
0.500832030084
0.0152721360791
0.00445532309823
0.00409040693194

layerTime
16.2699833661
0.00231327093206
0.00220633088611
16.6015603561
0.00430917390622
50.7265734382
0.00216010818258
0.00473384093493
4.42379111494
0.0023103589192
0.00205471389927
0.00211840705015

checksumTime
0.00473246187903
0.00212810491212
0.00191002711654
0.00222166790627
0.00212424900383
0.0023001160007
0.00186993880197
0.00235771597363
0.00233307597227
0.00198119599372
0.0017370081041
0.0088608788792




layer number :  12
95.987850762
0.0429704471026

jsonTime
1.99418503698
0.00500135403126
0.00559238693677
1.46917422581
0.00473359506577
5.40493619908
0.0179342259653
0.00440255505964
0.502696202835
0.00537583814003
0.00432272395119
0.0121869831346

layerTime
15.5711335649
0.00250714202411
0.00199712906033
17.252795866
0.00201864889823
49.205964525
0.00820907694288
0.00241287983954
4.42541962513
0.00201649684459
0.00225194706582
0.00333754299209

checksumTime
0.00210449588485
0.0019229860045
0.00203553214669
0.00213946402073
0.00204471405596
0.00222372706048
0.00205713603646
0.00182313215919
0.00221010786481
0.00214960216545
0.00194098986685
0.00983367185108




layer number :  12
96.1086539901
0.0403811109718

jsonTime
2.086083245
0.00506311794743
0.00655395700596
1.54119608714
0.00519174104556
5.56225825497
0.00612047384493
0.00444859988056
0.506980403094
0.0129797398113
0.00441843410954
0.00431766198017

layerTime
15.54844337
0.00217409804463
0.00196584896185
16.7782067219
0.00230946089141
49.8405876481
0.00210349122062
0.00182983512059
4.10295602796
0.00415046606213
0.00222738995217
0.00191315193661

checksumTime
0.00228867703117
0.00208653509617
0.00175977195613
0.00218593096361
0.00221590208821
0.00219358899631
0.00217646895908
0.00198594387621
0.00196204008535
0.00212424993515
0.00192691106349
0.00920465914533




layer number :  12
96.3639542239
0.0444470630027

jsonTime
2.0688023218
0.00566170900129
0.00508915493265
1.45041998988
0.00542620802298
5.48816910898
0.00599471409805
0.00444999686442
0.503977298969
0.0126325788442
0.00459918286651
0.00426323991269

layerTime
16.2554025701
0.0020825159736
0.00196491112001
16.885917712
0.00237577292137
49.7505968718
0.00221579195932
0.00204677903093
3.800562141
0.00401443708688
0.00221503200009
0.00206570490263

checksumTime
0.0023263450712
0.00179038196802
0.00176656595431
0.01731664408
0.00187670113519
0.00221415911801
0.00177442701533
0.00183649896644
0.00229729013517
0.00233620707877
0.00206910818815
0.00916550098918




layer number :  12
97.039671615
0.050416382961

jsonTime
2.07383511891
0.0128437939566
0.00529123214073
1.54081162787
0.0126607529819
5.60997497011
0.00896564009599
0.0221290320624
0.582152238814
0.0124081650283
0.00458751898259
0.00413940404542

layerTime
15.559148537
0.0044594630599
0.00209343992174
16.7371954171
0.0042967540212
50.167942656
0.00370390200987
0.00876271305606
4.56647307216
0.00410362612456
0.00201480300166
0.00185047695413

checksumTime
0.00217034504749
0.00189556088299
0.0017658660654
0.00222586793825
0.00179743696935
0.00408076494932
0.00343638192862
0.00383450300433
0.00217037880793
0.0022612370085
0.00199366197921
0.00813354202546




