layer number :  11
213.507571825
0.0415876440238

jsonTime
1.65880600992
0.00476271100342
0.254562433111
1.46232320811
5.29376254696
0.00902383588254
0.0424855009187
0.00857812003233
13.045886945
0.0111190069001
0.00740497396328

layerTime
16.1486066659
0.00216955202632
2.70423947088
19.205047667
52.625768855
0.00440350314602
0.0223265499808
0.00426959805191
100.875793601
0.00883093406446
0.0020668588113

checksumTime
0.00206005107611
0.00201216293499
0.00217904592864
0.00433162902482
0.0146898620296
0.00396148394793
0.00392109109089
0.00365672702901
0.0128185530193
0.00199990812689
0.0101623290684




layer number :  11
217.509314936
0.0436681001447

jsonTime
1.6604707248
0.00472102500498
0.26528517413
1.71884138882
4.29285543901
0.0128105247859
0.0192565750331
0.0045806390699
13.0910862349
0.0108028829563
0.00726886000484

layerTime
16.8342103751
0.00220024213195
2.78440841706
19.1368440711
54.6189760689
0.00549639714882
0.0210815391038
0.00195447402075
102.897879654
0.00909977313131
0.00235045305453

checksumTime
0.0203418119345
0.00198937486857
0.00216605095193
0.00221223407425
0.00222045113333
0.00203132792376
0.00201427284628
0.0018454559613
0.0144031799864
0.00180507195182
0.0103774019517




layer number :  11
212.845740735
0.0450142179616

jsonTime
1.60510887392
0.00488699320704
0.255601506215
1.80371732498
4.49514005613
0.00477837189101
0.0271398948971
0.00552926398814
12.742554083
0.0106673650444
0.00724552688189

layerTime
15.4477887959
0.00204431498423
3.04112847894
19.05457541
52.2033463239
0.0022216620855
0.0257550119422
0.00191500014625
101.997042375
0.00910320295952
0.00217151897959

checksumTime
0.00216874899343
0.00187160680071
0.00398300797679
0.00213633500971
0.00197068997659
0.00199346011505
0.00217811297625
0.00194391491823
0.0206366078928
0.00208326103166
0.00856403703801




layer number :  11
214.393061605
0.0473419530317

jsonTime
1.62949352805
0.00881358282641
0.336369381985
1.67748161196
3.97997755487
0.00904977601022
0.0555314859375
0.0262060128152
13.2862742699
0.0222226551268
0.0181197389029

layerTime
16.6743016499
0.0044881850481
2.51199039211
19.2534634741
54.1733329301
0.00459401286207
0.0108932962175
0.0108486290555
100.537295595
0.0222670289222
0.016009391984

checksumTime
0.00429902109317
0.00414431001991
0.00277797295712
0.00207521393895
0.0132810270879
0.00412798300385
0.00405080197379
0.00422032806091
0.0143994339742
0.00404091505334
0.0173596730456




layer number :  11
215.634201505
0.0451575350016

jsonTime
1.62109637796
0.00473477994092
0.251861009048
1.36986688012
4.50486834301
0.0259456881322
0.0417511730921
0.00822434201837
13.323690942
0.0192573401146
0.0130762611516

layerTime
15.84610562
0.00204519787803
2.73467535898
19.057200948
54.6200152549
0.0139524368569
0.0133584567811
0.00446028308943
101.999523146
0.0149177818093
0.00402887188829

checksumTime
0.00233596214093
0.00163675611839
0.00215725484304
0.00206448906101
0.0144621948712
0.0164467401337
0.00400090799667
0.00396096007898
0.0270362440497
0.00357001996599
0.0149306501262




layer number :  11
212.470507373
0.0430103461258

jsonTime
1.64017820801
0.00522844796069
0.254729434848
1.46194002801
4.65110893198
0.00480647594668
0.0188750720117
0.00437513901852
13.3907182401
0.021933699958
0.0143274439033

layerTime
15.8535022589
0.00199902406894
2.55981445196
19.359479876
54.021123742
0.0022931729909
0.0206555079203
0.00204694503918
99.0516432151
0.0229033760261
0.00464697415009

checksumTime
0.00207466911525
0.00188378803432
0.00216558203101
0.0042858151719
0.00219576992095
0.00196298002265
0.0016113370657
0.00174102187157
0.0194904878736
0.00418080110103
0.0156290589366




layer number :  11
216.07716966
0.050209732959

jsonTime
1.59922620677
0.0055634281598
0.264983004192
1.84292625496
4.428142271
0.00478274584748
0.0189298810437
0.00856830598786
13.385081667
0.020967238117
0.0148665830493

layerTime
16.1071625461
0.00217387196608
2.9763518828
19.070741625
53.6019959531
0.00227468600497
0.0220578869339
0.00434485194273
102.54101407
0.0136425809469
0.00466161593795

checksumTime
0.00208464288153
0.00192423188128
0.00442520412616
0.00212306296453
0.0021427499596
0.0019727780018
0.00414568907581
0.00387505302206
0.0271186698228
0.00457493797876
0.0302220920566




layer number :  11
218.278026073
0.0451140720397

jsonTime
1.62102432898
0.00929444283247
0.329873576993
1.47418008791
3.97772264783
0.00571081903763
0.0221037350129
0.0253033929039
13.863195515
0.0226526041515
0.0152873890474

layerTime
17.1819285129
0.00397148518823
2.83707111399
18.9053508609
53.9330338601
0.00213568494655
0.0189629991073
0.0110739581287
103.882707871
0.0219597988762
0.00482419179752

checksumTime
0.00450191413984
0.00377859082073
0.00283185020089
0.00231451517902
0.00210716202855
0.00199782196432
0.0038370389957
0.00414277683012
0.0145964699332
0.00409884913824
0.0176056080963




layer number :  11
212.427101176
0.0449079321697

jsonTime
1.64173019794
0.00905456906185
0.341847651871
1.81190526509
4.273223361
0.00923463492654
0.0415040999651
0.0254874050152
13.0589933901
0.0323773231357
0.0180934080854

layerTime
15.326100602
0.00436932896264
3.06867606402
18.2764813351
53.552809766
0.00463364599273
0.0222450341098
0.0107880148571
100.746178736
0.00646202289499
0.0156546628568

checksumTime
0.00428107799962
0.00381871499121
0.00699584605172
0.00204189191572
0.0146355030593
0.00399325694889
0.00401842501014
0.0043341179844
0.0167115039658
0.00397899700329
0.0177819239907




layer number :  11
205.471462712
0.047430798877

jsonTime
1.65995276091
0.00523460982367
0.251057215035
1.65592717798
4.59600589005
0.00459955399856
0.0194545330014
0.0124017391354
13.2847582661
0.0222464478575
0.0153559960891

layerTime
14.022307998
0.00224790512584
3.07667359198
18.410774739
50.4927069
0.00203936710022
0.0204905790742
0.00515552586876
97.7749404002
0.0221723329742
0.00494522997178

checksumTime
0.00210271310061
0.00200116704218
0.00791318994015
0.00437195203267
0.00225518387742
0.00181958684698
0.00198317598552
0.00209938292392
0.0150313039776
0.00400253105909
0.0170773549471




