layer number :  21
80.310362939
0.0640165850054

jsonTime
0.00794575782493
3.22619652003
0.0410482180305
0.0137178599834
0.00527060683817
0.284900503932
0.00473528495058
0.00424586492591
0.00432256096974
0.0128176060971
3.46876536799
0.00484029389918
1.97664412321
0.0128390758764
0.00472287414595
0.00471791392192
0.00441072089598
0.00444264803082
0.0137576831039
0.0045478141401
0.00415982399136

layerTime
0.0042410059832
24.740925191
0.0202917559072
0.00529239303432
0.00199987413362
3.20309631899
0.00191980111413
0.00225810497068
0.00182221201248
0.00331027200446
31.016243808
0.00225956994109
12.064656633
0.00445089908317
0.00216822396033
0.00211027706973
0.00198740116321
0.00203401292674
0.0032040879596
0.00201761489734
0.00184822501615

checksumTime
0.00363381509669
0.00212287995964
0.00170392100699
0.00184521311894
0.00166335096583
0.00216207513586
0.00171504891478
0.00183317111805
0.00170435989276
0.00206792494282
0.00215422618203
0.00192092894576
0.00206555705518
0.00197467184626
0.00176710798405
0.0018400750123
0.00170279596932
0.00166553491727
0.00183265400119
0.00199571996927
0.00811278703623




layer number :  21
80.291261296
0.0631283940747

jsonTime
0.0348658971488
3.13500957796
0.0596019499935
0.00649784808047
0.00597443105653
0.295754707884
0.00471976911649
0.00447725504637
0.00415387493558
0.00474150502123
3.32085653697
1.11731820088
1.76578894001
0.0288456229027
0.00463275704533
0.0155611119699
0.00506947888061
0.00434677791782
0.00591471022926
0.0039498959668
0.0123752921354

layerTime
0.0200734268874
24.5752169942
0.00721452082507
0.00210857298225
0.00226943404414
3.18509183917
0.00212178006768
0.00207920605317
0.00204915297218
0.00222757016309
30.4919713452
0.00799989304505
12.0155289911
0.00212135910988
0.00225165602751
0.00229683797807
0.00220248708501
0.00203515705653
0.00211043981835
0.00204701698385
0.00318531505764

checksumTime
0.00422817398794
0.00210608402267
0.00204052007757
0.00194218591787
0.00206103594974
0.00218181381933
0.00181483989581
0.00179514591582
0.00217157998122
0.00160089484416
0.00214981706813
0.00412482884713
0.00215461896732
0.00209683389403
0.00177985499613
0.00186927616596
0.00203975802287
0.00158011284657
0.00160827417858
0.00157226482406
0.00886488892138




layer number :  21
78.0886085851
0.0683353589848

jsonTime
0.00831636111252
3.04277212103
0.0404999977909
0.0142858719919
0.00522470194846
0.294882277027
0.00497281108983
0.00415087700821
0.00427777203731
0.0123086660169
3.18200321379
0.00457729492337
1.48610238195
0.0126806830522
0.00493906182237
0.00489211804233
0.00464335596189
0.00435754889622
0.00536762899719
0.0129412750248
0.00418484490365

layerTime
0.00430463883094
24.3249420151
0.0203494902235
0.00504727708176
0.00213846797124
3.34827535693
0.00225816504098
0.00213625608012
0.00190244987607
0.00355101795867
30.271841245
0.0020074439235
11.801903862
0.00396387488581
0.00215124408714
0.00203412002884
0.00216864794493
0.00186907406896
0.00195000204258
0.0031996560283
0.00219853199087

checksumTime
0.00394899398088
0.00221667205915
0.00201088283211
0.00214600004256
0.00193187198602
0.00240378198214
0.0017758088652
0.00171170406975
0.00162764498964
0.00209447718225
0.0022469421383
0.00192581419833
0.00213943887502
0.0018710012082
0.00198887498118
0.00180667592213
0.00183931016363
0.00178256398067
0.00165219185874
0.00204351614229
0.00878646899946




layer number :  21
80.558401945
0.105708058923

jsonTime
0.00855628401041
3.14095008001
0.0404192788992
0.00706392107531
0.00498556508683
0.295173519058
0.00706888316199
0.00767213199288
0.00666424212977
0.00710718007758
3.58727063704
0.0127635989338
1.73401100421
0.0402373350225
0.00819381186739
0.0226280100178
0.00840553408489
0.00779239018448
0.00891544600017
0.00697381887585
0.0217963119503

layerTime
0.00475498382002
25.3291199591
0.0205099820159
0.00215771305375
0.00208045495674
3.41857438488
0.00354909896851
0.00355140306056
0.00370706105605
0.00361786200665
30.7125812699
0.00388329499401
11.8493265698
0.00387981208041
0.00393707002513
0.00661901198328
0.00397619395517
0.0037950698752
0.00369934202172
0.00385698117316
0.00522921001539

checksumTime
0.00405897805467
0.00211641797796
0.00192331289873
0.00162771786563
0.00180189800449
0.00372277200222
0.00323716294952
0.00333962589502
0.00322225689888
0.00307638198137
0.00224057305604
0.00210279389285
0.0021559400484
0.00362277496606
0.00336120696738
0.0035791490227
0.00356014096178
0.00342958094552
0.00317782605998
0.00329543603584
0.0150517460424




layer number :  21
77.8141237409
0.0611911509186

jsonTime
0.00813461001962
3.1299947931
0.0406989341136
0.00608123210259
0.0132436221465
0.274300575024
0.0045976289548
0.00446392199956
0.00421733898111
0.00446628709324
3.24147478607
0.00466299313121
1.45844135503
0.0247906439472
0.00503480690531
0.00484480103478
0.00450459099375
0.0043316569645
0.00506955804303
0.012180180056
0.00442109699361

layerTime
0.00439677410759
24.1702786509
0.0208146928344
0.00199559889734
0.00512462691404
2.94360740297
0.00212650699541
0.00200256099924
0.00189433712512
0.001996306004
30.2156299129
0.001975805033
12.0514024091
0.00393369910307
0.00208615907468
0.00185172399506
0.00200063502416
0.0019421800971
0.00192902283743
0.00313402502798
0.00200634100474

checksumTime
0.00361852184869
0.00204610801302
0.00218975101598
0.00178892095573
0.00213721301407
0.00217031105421
0.00190242403187
0.00186219392344
0.00181402987801
0.00171405589208
0.00211300700903
0.00191193888895
0.00213879696093
0.00195865496062
0.00195740303025
0.00172549579293
0.00189494807273
0.00172379799187
0.00155178201385
0.00206011487171
0.00879025901668




layer number :  21
79.4950528361
0.0591363420244

jsonTime
0.00832325592637
3.27168435394
0.0408108769916
0.00618786201812
0.0134121980518
0.280487946002
0.00469338009134
0.00446983892471
0.00432731606998
0.00422536605038
3.34206197388
0.00442772405222
2.64364300622
0.0125093029346
0.00538916303776
0.00475740013644
0.00420628604479
0.00439062900841
0.00512788398191
0.0120541581418
0.00449507590383

layerTime
0.00456447503529
23.9484178589
0.0203966570552
0.0019358319696
0.00509805511683
3.16600014688
0.00200227485038
0.00212651188485
0.00195697788149
0.00197617197409
30.240622933
0.00211096694693
12.285790226
0.00399709213525
0.00191314588301
0.00224838685244
0.00191929214634
0.00201436714269
0.00203673704527
0.0030345399864
0.00203000498004

checksumTime
0.00387723511085
0.00211851694621
0.002162409015
0.00186201999895
0.00228689098731
0.00210639298894
0.0019111011643
0.00223577814177
0.00181583594531
0.00159714906476
0.00219518505037
0.00196455791593
0.00221401196904
0.00212798290886
0.00179206300527
0.00169391999952
0.00166420382448
0.00181670393795
0.00179092283361
0.00199194601737
0.00918866111897




layer number :  21
78.3605810979
0.0576412728988

jsonTime
0.00869329296984
2.75324300607
0.0598056740128
0.0140772110317
0.00518588093109
0.287869967986
0.00463141291402
0.00403513503261
0.00419543497264
0.0120215478819
3.55357609084
0.0124966930598
1.44984677783
0.0242739790119
0.00472873798572
0.0125959520228
0.00474067497998
0.00435021705925
0.00481315888464
0.00396592798643
0.0122026689351

layerTime
0.00427317805588
23.6740083089
0.00259838392958
0.00510643492453
0.00223261700012
3.16556595801
0.00219295616262
0.00206435704604
0.00187222589739
0.0034121980425
31.090486228
0.00428852299228
12.0352573101
0.00231696711853
0.00189533713274
0.00341299106367
0.00184934586287
0.00175957381725
0.0019092571456
0.00178061798215
0.0033206648659

checksumTime
0.00358804897405
0.00211666314863
0.00165043096058
0.00209300615825
0.00210687587969
0.00220436812378
0.00186188681982
0.00164786609821
0.00164119503461
0.00199561612681
0.00215318403207
0.00200282409787
0.00208711787127
0.00178592093289
0.00155440182425
0.00196172506548
0.00153853208758
0.00164679018781
0.00170823186636
0.00157270114869
0.00945773208514




layer number :  21
79.314826176
0.0746656581759

jsonTime
0.00801292201504
3.172885885
0.0678562840912
0.00703051593155
0.00486675696447
0.328273275169
0.0135902240872
0.00443083094433
0.00430219317786
0.00395253999159
3.47170458012
0.00462872185744
2.60840562382
0.0290216258727
0.00458775297739
0.013098528143
0.00455540698022
0.00509118498303
0.00513352500275
0.00434417184442
0.004361103056

layerTime
0.00427306490019
23.928883604
0.00414448184893
0.00199721008539
0.00214373413473
3.04576132982
0.0035923528485
0.00198769196868
0.00183763192035
0.00184509321116
30.4887170601
0.00225887517445
11.9161762341
0.00221865996718
0.00197370303795
0.00354484096169
0.00194645719603
0.00212932401337
0.00195449893363
0.00183975603431
0.00191281200387

checksumTime
0.00353259104304
0.00222765095532
0.00195532315411
0.00148922484368
0.00199323892593
0.00214560609311
0.00211506010965
0.0017672649119
0.00149447191507
0.00177817279473
0.00201154593378
0.00183413201012
0.00208306801505
0.00197505112737
0.00179751589894
0.00200732890517
0.00163099588826
0.00160916498862
0.00160871911794
0.00171676697209
0.00841362797655




layer number :  21
78.060577546
0.0756536910776

jsonTime
0.00895045418292
3.02805815893
0.0678569108713
0.00693632499315
0.00640632491559
0.275567773962
0.0128309947904
0.00465144217014
0.00439374195412
0.00409105606377
3.27827223297
0.00466270092875
1.48624316091
0.0295613480266
0.00475315493532
0.0125966009218
0.00503763905726
0.00450761895627
0.00528029096313
0.00430807517841
0.00426386902109

layerTime
0.0042902820278
23.8320852818
0.00518674100749
0.00245150690898
0.00233761197887
2.75251215789
0.0036027492024
0.00230208202265
0.00203203596175
0.00183116295375
30.97059614
0.00199826201424
12.074901253
0.00219830800779
0.00206363899633
0.00369284092449
0.0022566949483
0.00194705696777
0.001910794992
0.00186454784125
0.00206672796048

checksumTime
0.00365271000192
0.00224953121506
0.00228633405641
0.00199711415917
0.00206644204445
0.00211366219446
0.00190182682127
0.00204811198637
0.00163563294336
0.00191750912927
0.00216426001862
0.00189069402404
0.00223550293595
0.00207898207009
0.00185926514678
0.00198452197947
0.00175531511195
0.00164154800586
0.00180436298251
0.00167508004233
0.00881868996657




layer number :  21
78.9316555429
0.0682863579132

jsonTime
0.00833142292686
2.76973145013
0.040150817018
0.00634951982647
0.0133562700357
0.3423639799
0.00547788990662
0.00453396094963
0.00414612493478
0.00405100919306
4.00325261196
0.00474002189003
1.45580507
0.0209416109137
0.00770716299303
0.00722758914344
0.0071381800808
0.0192734820303
0.00920904101804
0.0203857149463
0.00791864003986

layerTime
0.00440197903663
24.2915253309
0.0209009519313
0.00218546413817
0.00560822500847
3.26919920603
0.00236306106672
0.00186822493561
0.00193309993483
0.0019595050253
30.4464172269
0.00215447717346
11.9459154459
0.00697063002735
0.00380761595443
0.00384050584398
0.0036477597896
0.00369520485401
0.00365475215949
0.00507182092406
0.00361352181062

checksumTime
0.00352054089308
0.0021552850958
0.00205931812525
0.00180858396925
0.00420175702311
0.00212307297625
0.00214171805419
0.0016319071874
0.001655963948
0.00177699699998
0.00204573501833
0.00211481191218
0.00369176710956
0.00359154609032
0.00338058592752
0.0030462751165
0.00315771112218
0.00306740100496
0.00293438299559
0.00346742011607
0.0152049791068




