layer number :  28
191.959097606
0.113494581077

jsonTime
0.00888878293335
3.24444123893
0.0404440141283
0.00538288988173
0.939832775854
0.00941107305698
0.00846636784263
0.829062225996
0.00460387207568
0.0041993309278
0.00408903905191
5.12484716484
0.0165854450315
0.00806651101448
0.00763300200924
2.88513835287
0.00937323994003
0.00450476817787
0.00443617906421
0.00417771702632
0.00525308796205
0.012986995047
0.0046395289246
1.35229431093
1.43005071301
0.00541627896018
0.0128154880367
0.00452521909028

layerTime
0.00460395403206
33.2050005081
0.0205508507788
0.00208097393624
8.7189357481
0.0042065968737
0.00481629814021
8.57606988307
0.00203046808019
0.00213240203448
0.00185552984476
59.951081794
0.00479555712081
0.00370439514518
0.00392261007801
36.5275879991
0.00242079095915
0.00207832688466
0.00213950313628
0.00188222085126
0.00185584300198
0.00376363005489
0.0019794520922
13.9088946672
14.8054087989
0.00214665615931
0.00251018605195
0.00219029397704

checksumTime
0.00388670805842
0.00226472388022
0.0018750121817
0.00155799416825
0.00393728003837
0.0036110021174
0.00408103782684
0.00279797893018
0.00185954198241
0.00192617601715
0.0016093691811
0.00804724497721
0.00337464385666
0.00362937594764
0.00398580497131
0.00235128891654
0.00178858800791
0.00191689794883
0.0017878129147
0.0016200360842
0.0016718939878
0.00214826501906
0.00191791192628
0.00213497295044
0.00208983104676
0.00198654690757
0.00202379981056
0.008807081962




layer number :  28
193.467485268
0.0704658029135

jsonTime
0.00774090085179
3.15423290781
0.0399556970224
0.00568120018579
0.950237425044
0.0052376461681
0.00450253696181
0.67220284394
0.00510790897533
0.00437588011846
0.0122878681868
5.11726628197
0.00890724593773
0.00463749794289
0.00422885199077
2.699042822
0.0537126439158
0.00468785315752
0.0042113349773
0.0124203790911
0.00470571196638
0.00437571108341
0.00408426090144
1.38504134002
1.60043412307
0.729826347902
0.00848794006743
0.00832342985086

layerTime
0.00433606398292
33.3772955691
0.0211494490504
0.00197760295123
8.95640645688
0.00188912893645
0.00217156717554
8.35165403504
0.00227520195767
0.00205320003442
0.00383545388468
59.579329089
0.00243319687434
0.00190358702093
0.00184459495358
37.2773744662
0.00233493791893
0.00185293587856
0.00186728406698
0.00410958006978
0.00211858307011
0.00194831890985
0.00199175509624
15.079922735
14.104006045
0.00461323512718
0.00501175411046
0.00424289610237

checksumTime
0.00383628718555
0.00216212100349
0.00203455286101
0.00194034492597
0.00209790002555
0.00202296790667
0.00187420588918
0.00215963902883
0.00219249399379
0.00176222785376
0.00224970001727
0.00201311009005
0.00197149510495
0.00168089009821
0.00171115691774
0.00207109795883
0.00192993902601
0.00201608310454
0.00177766778506
0.00195228797384
0.00169253582135
0.00190623709932
0.00185151793994
0.0041994729545
0.00208759400994
0.00401849788614
0.00380064197816
0.0162816809025




layer number :  28
181.678086955
0.0720741329715

jsonTime
0.00806950614788
3.10881462018
0.040416700067
0.00560747692361
1.18801528914
0.0049869210925
0.0050507360138
0.647592803929
0.0124218701385
0.00455685099587
0.00510446890257
5.11076116608
0.00842136191204
0.00444811792113
0.0125739448704
2.81367837405
0.00960394693539
0.0123629779555
0.00466623203829
0.00458407402039
0.00408003595658
0.00428261281922
0.0045944720041
1.42777215596
1.62069600308
0.00525240390562
0.0123332031071
0.00444054207765

layerTime
0.00419260095805
31.3878252788
0.0205317637883
0.00230802595615
8.56071330304
0.00225575082004
0.00197186297737
8.49636439211
0.00426859385334
0.0023369200062
0.00206548999995
55.7668098859
0.00240819202736
0.00202636513859
0.00388917094097
34.0835088561
0.00242140889168
0.00423386110924
0.00224676681682
0.00185995199718
0.0018778659869
0.00190312904306
0.00204067793675
14.2469407751
12.828242643
0.00196093600243
0.00375319598243
0.0022381208837

checksumTime
0.00356158288196
0.00211015413515
0.00217064516619
0.00191100896336
0.00206292793155
0.00182429910637
0.00178980897181
0.0020497739315
0.00215024710633
0.00170022202656
0.00163312698714
0.00210832618177
0.00205890694633
0.00175518007018
0.00179794896394
0.00213688099757
0.00189722306095
0.00197098404169
0.00210646912456
0.00164300692268
0.00164504419081
0.00164721603505
0.00186207005754
0.00423583388329
0.00211291294545
0.00203364808112
0.00209365994669
0.00973330996931




layer number :  28
181.495232878
0.0686965268105

jsonTime
0.0308914510533
3.08932108618
0.0404162269551
0.0140150799416
1.35647702496
0.0141474821139
0.00471889483742
0.659146801103
0.00466398103163
0.00557721708901
0.004833657993
4.94784871908
0.0089863028843
0.00480045005679
0.013414444169
2.64225379587
0.00897613610141
0.0126175370533
0.0046044960618
0.00410178909078
0.00423908117227
0.00442136381753
0.00445828796364
1.42122013099
1.44959664112
0.00496638007462
0.0126934750006
0.00523992301896

layerTime
0.00702134589665
30.5043733809
0.0198846322019
0.00485127908178
8.55632147705
0.00442075007595
0.00219417619519
8.06638542004
0.00229084095918
0.00211535906419
0.00219889101572
54.4368780009
0.00219414196908
0.00211101397872
0.00359364086762
35.831004166
0.00234269606881
0.00432542688213
0.00214336905628
0.00202825898305
0.00187084381469
0.00200576800853
0.00182622298598
14.6025165929
13.5062226821
0.00203841784969
0.0037764729932
0.00191693007946

checksumTime
0.00417308998294
0.0023127249442
0.00196956493892
0.00210442091338
0.00225342391059
0.00190110597759
0.00205974280834
0.00366008398123
0.00205172691494
0.0019206579309
0.00190015998669
0.00209011510015
0.00214534508996
0.00173924886622
0.00203930912539
0.00205344893038
0.00181528087705
0.00203682109714
0.00174955488183
0.00177545286715
0.00183692015707
0.00173678714782
0.00150048197247
0.00213649799116
0.00206221593544
0.00171025609598
0.00176727189682
0.00886512408033




layer number :  28
164.653568104
0.0821795179509

jsonTime
0.0305444779806
3.23301095213
0.0415943779517
0.0138593688607
0.94065693696
0.0130456041079
0.00450220401399
0.647812583949
0.0047694190871
0.00436664000154
0.00411335704848
5.1403469902
0.0095088200178
0.00481847301126
0.0142213620711
2.63274446595
0.00865105795674
0.0126210791059
0.00454671308398
0.0044925219845
0.00429495191202
0.00425470597111
0.720041279914
1.59785928298
1.40106923017
0.00517046288587
0.0124524361454
0.00471369386651

layerTime
0.00771325314417
27.4640873629
0.0203788198996
0.00506468303502
8.83399849897
0.00379661400802
0.00215462804772
7.44630691689
0.00207752990536
0.00201223301701
0.00197513890453
49.365235894
0.00257973000407
0.00234599108808
0.00456977589056
30.6302969761
0.0026108471211
0.00404827995226
0.00207248004153
0.00218563503586
0.00191870704293
0.0019167100545
0.00451605417766
12.5772156811
11.5810668869
0.00218963203952
0.00363302393816
0.00217594415881

checksumTime
0.00432403990999
0.00211880914867
0.00218102312647
0.0021600490436
0.00206302199513
0.00192099693231
0.00198469799943
0.0031407980714
0.00189760606736
0.00188492494635
0.00172599893995
0.00242417794652
0.00220586895011
0.00217405590229
0.00210729101673
0.00223546801135
0.0018295168411
0.00226064492017
0.0021655568853
0.00182236917317
0.00158306094818
0.00168245797977
0.00401711091399
0.00222169281915
0.00212562503293
0.00189675297588
0.0021546240896
0.00902536697686




layer number :  28
159.545453251
0.070115800947

jsonTime
0.0301353579853
3.21311916714
0.0410971241072
0.0137030789629
0.899969881866
0.0130306491628
0.00450436002575
0.717753188219
0.00505611300468
0.00484735798091
0.00416549993679
4.91432044795
0.00938478391618
0.00401702593081
0.0154828978702
2.67546784319
0.00844673789106
0.0133857419714
0.00470635714009
0.00420070393011
0.00407563196495
0.00422132993117
0.00405921903439
1.42755053495
1.43580232584
0.00563058513217
0.0125336050987
0.00459501217119

layerTime
0.00768317095935
27.79610401
0.0203746568877
0.0051197190769
7.65656343498
0.00985704199411
0.00206743390299
7.93368906295
0.00223536393605
0.00201947405003
0.00198186305352
46.282400267
0.00237799598835
0.00206656102091
0.00482662115246
30.1987110949
0.00243661506101
0.00417331396602
0.00200626789592
0.00208401307464
0.00214405800216
0.00194365205243
0.00206150789745
12.311797322
11.648108701
0.00208714790642
0.00356514099985
0.00204141996801

checksumTime
0.00439582602121
0.00213631987572
0.00198610709049
0.00214741099626
0.00206623203121
0.00191879388876
0.00217271898873
0.00321916094981
0.00193059211597
0.00190967693925
0.001732371049
0.0021158370655
0.00184061308391
0.00185468606651
0.00201335479505
0.00212456309237
0.002002350986
0.00204317597672
0.00209261011332
0.00189809687436
0.00183230009861
0.00179551099427
0.0017341801431
0.00232244702056
0.00223326706327
0.00194085203111
0.0018993797712
0.00845124688931




layer number :  28
154.447739089
0.0680316390935

jsonTime
0.00806417199783
2.9760790919
0.0406594679225
0.00552881206386
0.924346318003
0.00560193206184
0.00481142383069
0.675810656045
0.00476795388386
0.00483245705254
0.0121334709693
4.95690261805
0.00844094296917
0.00419653207064
0.00434862193651
2.94035856286
0.00811519892886
0.00457256799564
0.00451445300132
0.012188235065
0.0045527080074
0.00429724808782
0.0041742848698
1.46822571196
1.41560056014
0.00573940691538
0.00436377502047
0.00418821303174

layerTime
0.00472999596968
27.0970485441
0.0206375310663
0.00194218195975
7.58871789696
0.00232088100165
0.00231761299074
6.6707125071
0.00221528206021
0.00193902500905
0.00405960297212
46.239142586
0.00250238599256
0.00197271094657
0.00189121090807
29.0543559662
0.00241890689358
0.00197724206373
0.00184542895295
0.00375860207714
0.00202781311236
0.001952504972
0.00190401705913
11.1572889469
10.9223990589
0.00223284517415
0.00205563101918
0.00195479695685

checksumTime
0.00335808005184
0.00211028498597
0.00201600091532
0.00160106504336
0.00225961697288
0.00199042609893
0.00187601405196
0.00206061895005
0.00198868103325
0.00175674399361
0.00223779096268
0.00228654500097
0.00201265886426
0.00185917713679
0.00168756814674
0.00196080305614
0.00184488110244
0.00195531384088
0.00170265301131
0.00187135185115
0.00183868594468
0.00150734209456
0.00148762599565
0.00204560300335
0.00199283100665
0.00191119988449
0.00168100604787
0.00923609803431




layer number :  28
152.350807805
0.0730023109354

jsonTime
0.00824708305299
3.00914858398
0.040504676057
0.00576260103844
0.921064184047
0.00573903205805
0.00429456681013
0.760708165122
0.0132261789404
0.00472013116814
0.00420479103923
4.88712510606
0.00961550604552
0.00492690806277
0.0135989401024
2.87763216486
0.0102437238675
0.0143169581424
0.0049346331507
0.0045304428786
0.00434901495464
0.00450594304129
0.00530491303653
1.44363652007
1.37995547592
0.00529984990135
0.0124720369931
0.00461297202855

layerTime
0.00418046303093
25.8709186611
0.0204118839465
0.00222615688108
7.50050107087
0.00222713686526
0.00203873612918
6.82920767902
0.00417983392254
0.00227565690875
0.0020838889759
44.9245040889
0.00291615794413
0.00230621686205
0.00446523493156
29.1289489141
0.0031202940736
0.0046211660374
0.00244063790888
0.00224669091403
0.00220775301568
0.00228959904052
0.00218630209565
10.697469142
11.7167821291
0.00215320591815
0.00365567905828
0.00208913814276

checksumTime
0.0036947329063
0.00239112484269
0.0019228940364
0.00179797410965
0.00221143104136
0.00189077318646
0.00196494488046
0.00219235802069
0.00210148096085
0.00186408706941
0.00180664192885
0.00253006792627
0.00194145808928
0.00212716404349
0.00246039312333
0.00249098101631
0.00208827783354
0.00247243186459
0.00205253111199
0.0021725972183
0.00202635582536
0.00170248094946
0.00165385683067
0.00214431597851
0.00202971603721
0.00216449610889
0.00219326186925
0.00863654282875




layer number :  28
152.268966545
0.0705353680532

jsonTime
0.0308719258755
2.84101556893
0.0402117602061
0.0135909039527
0.93907655403
0.0132593980525
0.00740378093906
0.851700175088
0.00526549504139
0.00557648716494
0.00446822913364
4.93105172203
0.00875461194664
0.00447583780624
0.0122764380649
2.72284476995
0.00842932588421
0.0127307849471
0.00528198294342
0.00415637716651
0.0042519478593
0.0041792509146
0.00425133411773
1.57479565195
1.46420565806
0.00558331399225
0.0168349919841
0.00868383399211

layerTime
0.00703543098643
25.5084029119
0.0203999378718
0.00502842990682
7.70335506392
0.00408783811145
0.00446032988839
6.57244899892
0.00226891692728
0.00232487986796
0.00230644783005
45.2154262271
0.00250264303759
0.00187313207425
0.00380745297298
28.512909119
0.00246555102058
0.00422883802094
0.00208418210968
0.00195358786732
0.00206535519101
0.00186848896556
0.00189024605788
11.8225005672
11.149871859
0.00190868484788
0.00746943196282
0.00447836401872

checksumTime
0.00426215305924
0.00225696898997
0.00191371608526
0.00201801513322
0.00222978391685
0.00211439700797
0.00391897396185
0.00337402010337
0.00188957294449
0.00195536902174
0.00212650699541
0.00235671293922
0.0016180111561
0.0015678149648
0.00209433701821
0.00225190911442
0.00189703609794
0.00222672196105
0.00197025784291
0.00198259507306
0.00177326495759
0.0018858530093
0.00177904684097
0.00264652282931
0.00208326708525
0.00177800515667
0.004234530963
0.0177487831097




layer number :  28
152.521765358
0.0728093020152

jsonTime
0.0296980468556
2.929506524
0.0636791998986
0.0243884010706
1.06549717602
0.00492309592664
0.0122831750195
1.18165958184
0.0131639388856
0.00468154181726
0.00414066389203
5.24711331911
0.00901966495439
0.00512200198136
0.0183896799572
2.9461989759
0.00832694303244
0.0127540610265
0.00449032709002
0.00418540486135
0.00427903304808
0.00410124985501
0.00427329610102
1.43184549385
1.41911545582
0.00546745397151
0.0132858578581
0.00462787202559

layerTime
0.00804299698211
25.9185972339
0.0392512909602
0.00948453205638
7.16085237497
0.00206330791116
0.00379088497721
6.82344363001
0.00476140296087
0.00205505313352
0.00188011210412
45.0993154198
0.00275050709024
0.00238180090673
0.00523060397245
28.263227602
0.00229569501244
0.00390046508983
0.00215713493526
0.00191197893582
0.00201026815921
0.00188960693777
0.00202925386839
10.7916886981
11.7362606542
0.00219440599903
0.00403236411512
0.00233879988082

checksumTime
0.00408229208551
0.00359402014874
0.00345628499053
0.00342249497771
0.00217986805364
0.00177740398794
0.00197398313321
0.0020290161483
0.00228742416948
0.00181799498387
0.00158873898908
0.0023589420598
0.0020657160785
0.00207082810812
0.00224941805936
0.00213882909156
0.00208538584411
0.0022696708329
0.00186865916476
0.00155174499378
0.00155734899454
0.00151228811592
0.00160851608962
0.00200187508017
0.00216690893285
0.00190146104433
0.00206573097967
0.0114962311927




