layer number :  18
156.461041631
0.0799161829054

jsonTime
0.00780968205072
3.15794542106
0.0403473079205
0.00567286810838
0.889054370811
0.00488733989187
0.0044995220378
0.645768044982
0.00469057797454
0.00436580390669
0.0122063797899
5.03388262191
0.0086109819822
0.00425219209865
0.012292978121
2.82866298012
0.0167594498489
0.0250371680595

layerTime
0.00441184290685
31.7364878561
0.0205391559284
0.0020085258875
9.14683068404
0.00210062600672
0.00220448896289
8.32841984392
0.00215682899579
0.00183690804988
0.00407210621051
57.9187278422
0.00254434417002
0.00201146490872
0.00387723790482
36.4223242039
0.0052104589995
0.00820061098784

checksumTime
0.00385035900399
0.00221258797683
0.00198241905309
0.00194905209355
0.00239146314561
0.0017716169823
0.00169790210202
0.00236784503795
0.00216196710244
0.00179573008791
0.00212295888923
0.00206866185181
0.00199148291722
0.00172208598815
0.00216188188642
0.00406686519273
0.00414471910335
0.0182889178395




layer number :  18
160.034176479
0.0598820720334

jsonTime
0.00788779603317
2.79776216904
0.447155628121
0.0105202270206
1.025493155
0.0128788291477
0.00474626198411
0.624014124041
0.00471603986807
0.00439735804684
0.00410554301925
5.07202817407
0.0166942519136
0.00612336397171
0.00422842078842
3.2203969541
0.00834602699615
0.00413901708089

layerTime
0.00432679988444
32.603838786
0.0671079179738
0.00480495486408
8.94683096698
0.00408840784803
0.00238782190718
8.36165150092
0.00218777917325
0.00193746993318
0.00205949903466
58.987013625
0.00387688307092
0.00231888890266
0.00222348002717
37.62656296
0.0023105898872
0.00216297502629

checksumTime
0.00356427417137
0.0213841248769
0.00430648797192
0.00385670200922
0.00223436602391
0.00224112416618
0.00183773692697
0.00280164717697
0.00191771285608
0.00174798606895
0.00178454793058
0.00204698601738
0.00215987605043
0.00165333412588
0.00181538402103
0.00225388305262
0.00156888901256
0.00994876795448




layer number :  18
157.95143729
0.0576530939434

jsonTime
0.00821584416553
3.20925238193
0.0403368780389
0.00609777704813
0.903850222006
0.00490020285361
0.00472359498963
0.677751248935
0.0046581889037
0.00456376001239
0.012489140965
5.02298432891
0.00904195988551
0.0044039580971
0.0128858899698
2.8330141739
0.00841595907696
0.0193054920528

layerTime
0.00417582993396
32.3240258421
0.0204448879231
0.0019564749673
9.15576841612
0.00224927999079
0.00194942089729
8.36805183999
0.00220113107935
0.0021188990213
0.00402858108282
57.832989627
0.00224863109179
0.00194902298972
0.00401962408796
37.310032174
0.00253353011794
0.00876853102818

checksumTime
0.00362559896894
0.00226905895397
0.002015335951
0.00185640202835
0.0021124209743
0.00192899815738
0.0018826990854
0.00213076011278
0.00195698300377
0.00175039796159
0.00191484391689
0.00212554517202
0.00163533887826
0.0019151319284
0.00215743598528
0.00212833099067
0.002064403845
0.0200215179939




layer number :  18
162.103785424
0.057820542017

jsonTime
0.0084102100227
3.05655839993
0.0812705149874
0.0113468670752
1.04673549393
0.0100399209186
0.00827869516797
0.838270450011
0.00907525187358
0.0079524340108
0.00835441309027
5.47065248783
0.00845726602711
0.00493732094765
0.00418276619166
2.81425417098
0.0156717980281
0.00687737506814

layerTime
0.00400367192924
33.4522321671
0.0670606689528
0.00446634693071
9.84139311803
0.00451579713263
0.0043399548158
8.20962927886
0.00460835895501
0.00420448696241
0.00428112107329
59.1704550912
0.00225846515968
0.00198440719396
0.00202073086984
37.767997697
0.00427127699368
0.00377206294797

checksumTime
0.00359803601168
0.00426237098873
0.00864520296454
0.00392423709854
0.00416525593027
0.0040626549162
0.00389627716504
0.00489682215266
0.00402817502618
0.00392866600305
0.00394602399319
0.00222416082397
0.00187726086006
0.00183626380749
0.00172712397762
0.00413002609275
0.00336442794651
0.0148690280039




layer number :  18
160.208378756
0.0530857651029

jsonTime
0.00905210501514
2.80377049907
0.0640568700619
0.0274775680155
1.00168660702
0.0133102869149
0.00457654497586
0.67163526197
0.00481609394774
0.00444051716477
0.00434064096771
5.08396067889
0.0171498639975
0.00465964502655
0.00399523205124
2.85855841893
0.00843153102323
0.00429198681377

layerTime
0.0040896309074
32.819126325
0.059422947932
0.0104412860237
9.22187966201
0.00404899008572
0.00186962308362
8.35533877485
0.00208273413591
0.00203027389944
0.00208808807656
59.816532288
0.00395199982449
0.00226607406512
0.00212323083542
37.1996424731
0.00225010607392
0.00195801514201

checksumTime
0.00377590209246
0.00425960798748
0.0038707498461
0.00426852796227
0.00219122413546
0.00204176898114
0.00159591296688
0.00303168105893
0.00188389490359
0.00199189502746
0.00181913701817
0.00214944314212
0.00223715603352
0.0019675779622
0.00167699204758
0.00209210487083
0.00202462309971
0.00948752090335




layer number :  18
151.07891917
0.118264560122

jsonTime
0.00823371391743
3.0946365709
0.0648427798878
0.0101106888615
1.62544193002
0.00496698799543
0.00419812393375
0.730386592913
0.00930977798998
0.00772238988429
0.022339734016
5.23690709309
0.00821576011367
0.00411277101375
0.00467614317313
2.55853219517
0.019501671195
0.00817172112875

layerTime
0.00450358795933
31.6487987831
0.0670124101453
0.00444412301295
8.95751172607
0.00247709988616
0.00197643600404
7.85092897504
0.00463259220123
0.00359550490975
0.00712860305794
54.7837833469
0.0022087728139
0.00201523001306
0.00189124397002
34.0857714049
0.015783516923
0.00468239886686

checksumTime
0.00390908611007
0.0215026710648
0.00378733500838
0.00372907402925
0.00230399495922
0.0019708040636
0.00164332310669
0.00414876593277
0.00402712798677
0.00354333803989
0.00364069500938
0.00219978298992
0.0018587349914
0.00165167800151
0.0016715398524
0.00471809692681
0.00370651995763
0.0167731901165




layer number :  18
141.801855946
0.0510465619154

jsonTime
0.00789547385648
2.83161431109
0.0593039430678
0.00578705104999
0.904221683042
0.0057413931936
0.00460207881406
0.685356176924
0.0124176950194
0.00487634493038
0.00457424297929
5.04583235108
0.00832523591816
0.00445471610874
0.0126254558563
2.61402937281
0.0300633700099
0.00785061507486

layerTime
0.00420582899824
29.283695193
0.00376659096219
0.00238859606907
7.29946304904
0.00241713295691
0.00258983112872
7.94855933823
0.00417659594677
0.00200547813438
0.00224829092622
52.6368240928
0.00258825020865
0.00203795288689
0.00378015520982
32.2288981092
0.0116340110544
0.0037704850547

checksumTime
0.00349319400266
0.00230992701836
0.00203694985248
0.00199630390853
0.00238911085762
0.00212139706127
0.00187812792137
0.00217004283331
0.00206053908914
0.00189707102254
0.00187412300147
0.00210218806751
0.00209535681643
0.00195998512208
0.0021028839983
0.00363139295951
0.00367777678184
0.0146341929212




layer number :  18
135.638398353
0.055712233996

jsonTime
0.00810940703377
3.06332287518
0.0481690450106
0.00567149906419
0.934522826923
0.00491841393523
0.00431657698937
0.624026565813
0.00510356295854
0.00469502201304
0.00475347600877
5.09592556418
0.0095467758365
0.0045966329053
0.00474249618128
2.85983131989
0.0090371479746
0.00448057497852

layerTime
0.00443261303008
28.341343374
0.0252300270367
0.00220488593914
7.8624211282
0.00227331416681
0.00182875408791
6.8834856872
0.00222540413961
0.00222408096306
0.00232533016242
48.9302462758
0.00277703907341
0.00231379503384
0.00229434482753
30.752656064
0.00230786390603
0.00200095702894

checksumTime
0.00397607288323
0.0141703898553
0.00216597598046
0.00215348601341
0.00316607789136
0.00191541691311
0.00182651099749
0.00330477184616
0.00210456596687
0.00189627590589
0.00203366484493
0.00234324811026
0.0019676850643
0.00184856494889
0.00205165008083
0.00225106417201
0.00173936900683
0.00955184409395




layer number :  18
129.158549009
0.0558317529503

jsonTime
0.00812100386247
3.0831299671
0.0535497060046
0.0138397780247
0.907581857871
0.0136749590747
0.00450669694692
0.622684355127
0.00489515997469
0.00459006405436
0.00423580594361
4.81955921208
0.0163008659147
0.00433575618081
0.00863185501657
3.01460010302
0.00913643999957
0.00518059614114

layerTime
0.00463963509537
27.1003128849
0.0204606461339
0.00534283998422
7.66234085103
0.00394228892401
0.00195527612232
6.69175690901
0.00235079717822
0.0019032668788
0.00208397791721
45.571468398
0.00389901711605
0.00352715584449
0.00425902195275
29.3675387509
0.00249014794827
0.00229173502885

checksumTime
0.00387731590308
0.00211303704418
0.00174857093953
0.00185103504919
0.0019932219293
0.00207155011594
0.00182477780618
0.00290399091318
0.00183409592137
0.00161689310335
0.00172023405321
0.00218980293721
0.00188335892744
0.00415490008891
0.00361989601515
0.00236559403129
0.00179796200246
0.0101629018318




layer number :  18
127.789428665
0.113617273048

jsonTime
0.00861217081547
2.88387259585
0.0403167488985
0.00553999096155
1.01418981398
0.00554144592024
0.00462947390042
0.654399150051
0.00545388902538
0.00455591804348
0.0133339520544
5.27899527294
0.00910219294019
0.00471668899991
0.00495086982846
2.61644139211
0.0102986649144
0.00576735008508

layerTime
0.00463823019527
26.2658704431
0.0205606441014
0.00210552988574
7.09530073614
0.00226603494957
0.00223641307093
6.56218391098
0.0023253459949
0.00223315600306
0.00422476488166
46.2923005761
0.00263210805133
0.0024402581621
0.00229613808915
28.7860072488
0.00292003690265
0.00238110683858

checksumTime
0.0038873469457
0.00208621006459
0.00197403505445
0.00188044295646
0.00244561699219
0.00212794821709
0.00196461891755
0.00226288894191
0.00204630102962
0.00201876088977
0.00211356813088
0.00239645596594
0.00185421388596
0.00199081702158
0.00211374298669
0.00253834319301
0.00219969707541
0.0101100881584




