layer number :  15
71.5964752219
0.048902458977

jsonTime
2.17031318089
0.00929121300578
3.37047706917
0.0293128238991
0.200348224025
0.561026473064
0.0132731311023
0.00521288206801
0.0044859808404
0.00514641101472
0.00534847099334
0.0123502379283
0.00455615203828
0.00448316708207
0.00420505693182

layerTime
22.136320156
0.00441312603652
33.371043894
0.0125446289312
1.84151666495
7.70036261505
0.00416203401983
0.00203974614851
0.00196670205332
0.00202021608129
0.00194337102585
0.00301621691324
0.00204693991691
0.00195066793822
0.00183177809231

checksumTime
0.00434942403808
0.00381138687953
0.0042264140211
0.0174437190872
0.00434592599049
0.00220306590199
0.0021215158049
0.00164454197511
0.00172396097332
0.00166529393755
0.00164015009068
0.00188658107072
0.00190242798999
0.00170263601467
0.00816090288572




layer number :  15
71.15279457
0.0549206258729

jsonTime
1.98482119991
0.00498766102828
2.87851800304
0.0099380670581
0.199682535138
0.457897264976
0.00512962299399
0.00502297398634
0.00480416207574
0.00503944489174
0.00569233507849
0.0125528040808
0.00447074114345
0.0042450549081
0.00410538492724

layerTime
21.940081578
0.00221580290236
33.9059916269
0.00404651393183
1.75819909084
7.81322986609
0.00217893789522
0.00224073696882
0.00185844884254
0.00193431111984
0.00204190309159
0.00337794795632
0.00204298808239
0.0021440689452
0.00204202602617

checksumTime
0.00217365310527
0.00186277204193
0.0185559319798
0.00346663501114
0.0135313030332
0.00308783305809
0.00201153894886
0.00172050413676
0.00172339915298
0.00156475277618
0.00158438691869
0.00180047587492
0.0018198909238
0.00174640817568
0.00873301597312




layer number :  15
72.2784550041
0.0512534989975

jsonTime
2.13177069789
0.00837596016936
3.36445919983
0.00610548909754
0.172146019991
0.484583175974
0.013427781174
0.00525185489096
0.0048076279927
0.00499775493518
0.00545030110516
0.00425255391747
0.0124988749158
0.00437914812937
0.00429232185706

layerTime
22.948442609
0.00388203398325
33.6802514479
0.00227489089593
1.50698893494
7.76994671789
0.00398149201646
0.00212785112672
0.00200836895965
0.00198860093951
0.00193003891036
0.00179140595719
0.00953292008489
0.00223657791503
0.0020239141304

checksumTime
0.00384378992021
0.00348807801493
0.0199283510447
0.00185524113476
0.00463415402919
0.00217855302617
0.00219388096593
0.00191728491336
0.00186540209688
0.00163500499912
0.00159573112614
0.00153644708917
0.00194026785903
0.00218278216198
0.00833791797049




layer number :  15
71.706108304
0.0529377730563

jsonTime
1.97001957707
0.0092465931084
3.41927618301
0.0285507962108
0.201053833123
0.489749960136
0.0131726879627
0.0053334729746
0.00448352098465
0.00486262794584
0.00538195995614
0.0122968319338
0.00422971881926
0.00448572379537
0.00451347604394

layerTime
22.3922858769
0.0042720020283
33.766841484
0.0100140569266
1.85015012999
7.37424280681
0.00405068392865
0.00212285388261
0.00197381200269
0.00198846706189
0.00187673000619
0.00305637996644
0.00211269012652
0.00180626218207
0.00192958582193

checksumTime
0.00404200190678
0.00392610696144
0.0155331778806
0.0040892988909
0.00345902191475
0.00218139821663
0.00203071604483
0.00164832407609
0.0018089141231
0.00168560189195
0.00149832502939
0.00174523820169
0.00201424607076
0.001746437978
0.00859599909745




layer number :  15
71.908982333
0.0499491000082

jsonTime
1.95366053097
0.00916275801137
3.23970923806
0.0104234418832
0.189960441086
0.44081807998
0.00603807391599
0.00567395007238
0.00444539193995
0.0131540310103
0.00573339685798
0.003961103037
0.00405963789672
0.00406170589849
0.0121244550683

layerTime
22.6801454991
0.00443486194126
33.7741345349
0.00434316205792
1.799798558
7.61614627903
0.00202377513051
0.00195011799224
0.00208752695471
0.00291214999743
0.00215413118713
0.00190961686894
0.00183804100379
0.00201085000299
0.00296599511057

checksumTime
0.00409603188746
0.00402310211211
0.0156302901451
0.00357093289495
0.00236541708
0.00220089196227
0.0018614907749
0.0017289321404
0.00176641601138
0.00206915405579
0.00172850792296
0.00189482816495
0.00155036710203
0.00166378193535
0.00922704697587




layer number :  15
72.487332053
0.0508111480158

jsonTime
2.00111759314
0.0344652570784
3.12590113003
0.00603080797009
0.197838342981
0.451487041079
0.0105882370844
0.027837366797
0.0101880750153
0.00974468584172
0.0105580831878
0.00851541687734
0.0256120178383
0.00864655920304
0.00841532903723

layerTime
22.673089016
0.0162407190073
34.2172836519
0.00212268088944
1.66889052396
7.808251963
0.00447513093241
0.00744954310358
0.00451406510547
0.00419556512497
0.00433606281877
0.0042386080604
0.00578951812349
0.0041815568693
0.00448400503956

checksumTime
0.00413384381682
0.00397338299081
0.00203607510775
0.00170587212779
0.00232022698037
0.00438513397239
0.00395229808055
0.00417585391551
0.00406067306176
0.00386796984822
0.0039171341341
0.00400262908079
0.004050321877
0.0039603379555
0.0177151761018




layer number :  15
71.966585967
0.0789852389134

jsonTime
2.00420735287
0.0101871320512
3.25751331192
0.0281721639913
0.197691786103
0.429185894085
0.0130380559713
0.00522829522379
0.00484583294019
0.00488455384038
0.00544042489491
0.00414599105716
0.0120906049851
0.00437788409181
0.00426124106161

layerTime
22.5926956281
0.00453973910771
33.651037687
0.0101166351233
1.93207794894
7.6330870979
0.00403337390162
0.00212861178443
0.00199435697868
0.00206373399124
0.00199967389926
0.00200297310948
0.00317715806887
0.00202167895623
0.00221661780961

checksumTime
0.00425283494405
0.00382353900932
0.0156827969477
0.00405831891112
0.0022711509373
0.00204655714333
0.0019505219534
0.00208860822022
0.0015616370365
0.00169865321368
0.00188997900113
0.00153625383973
0.00197779596783
0.00177502306178
0.00879776314832




layer number :  15
72.994907863
0.0960562049877

jsonTime
2.101841775
0.00476801022887
2.97079528403
0.331728366902
0.182594188955
0.44320513797
0.0262019459624
0.0100171701051
0.0093858151231
0.00936228805222
0.0109074879438
0.0085366028361
0.024737970205
0.00863482896239
0.00812628492713

layerTime
23.108172799
0.00240155099891
33.8070771999
0.00480216089636
1.88226031186
7.83196128416
0.00801694695838
0.00442755385302
0.00456283288077
0.00433401600458
0.00475830491632
0.00420753797516
0.00604837480932
0.00471945805475
0.00435179914348

checksumTime
0.00222188187763
0.00210588891059
0.00210616714321
0.0022949911654
0.00213502207771
0.00432500592433
0.00423214398324
0.00356365600601
0.00393973407336
0.00400414806791
0.00405896315351
0.00395322497934
0.0042096641846
0.00413567991927
0.0166278188117




layer number :  15
72.359049272
0.0490752139594

jsonTime
2.08847171394
0.00497850915417
2.83106757491
0.00622945302166
0.195605075918
0.442009458086
0.0103230809327
0.0100322598591
0.0090213669464
0.0266676049214
0.0106615510304
0.00814710184932
0.00802076794207
0.00810527894646
0.0250989750493

layerTime
23.5836757231
0.00224238377996
33.3175122761
0.00252276402898
1.84747177712
7.7598171439
0.00444409390911
0.00457069603726
0.00459633185528
0.00683029205538
0.00451782601885
0.00420364714228
0.00441413000226
0.00441495701671
0.00608729198575

checksumTime
0.00457775685936
0.00181083916686
0.00223147496581
0.00288766692393
0.00279123988003
0.00421497714706
0.00365927116945
0.00350187812001
0.00382109009661
0.0040779300034
0.00378084508702
0.00378156895749
0.00356719596311
0.00367332412861
0.0180422628764




layer number :  15
71.9723895441
0.0484058880247

jsonTime
1.99484038004
0.033265346894
3.05262677302
0.0114762750454
0.212641945109
0.508677087957
0.00525365490466
0.0129955729935
0.00469094794244
0.0052292610053
0.00515108089894
0.00392464804463
0.0128705000971
0.0046867930796
0.00397870014422

layerTime
22.225011355
0.00469347089529
34.1074999878
0.00445573800243
1.95900286594
7.65921675507
0.00224423711188
0.00393137894571
0.00238288100809
0.00188121106476
0.00193096604198
0.00191120500676
0.00309285987169
0.0020479359664
0.00194942299277

checksumTime
0.00407691299915
0.00366603420116
0.0155378410127
0.00404414301738
0.0150876590051
0.00221332092769
0.00188514008187
0.00203297892585
0.00184502708726
0.0018850970082
0.00160265993327
0.00191023689695
0.00224552000873
0.00173973897472
0.00897722202353




