layer number :  24
96.486021684
0.0739264059812

jsonTime
2.92778277397
0.0405586208217
0.00533051998354
0.00459505198523
0.00403188588098
0.00403322489001
0.933764387155
0.49288145313
0.00998811819591
0.0100306849927
0.0345208018553
0.0262919131201
0.00996262091212
0.0105947759002
0.00925219804049
0.00935099017806
0.0716396260541
0.00951266195625
0.00855987286195
0.00825981795788
0.00826074788347
4.41125526791
1.12307070103
0.303654340096

layerTime
23.5361994151
0.0204340920318
0.00198754505254
0.00198199087754
0.00203569699079
0.00203115493059
7.65902843093
0.00477424380369
0.00454077799805
0.00495577999391
0.0224772240035
0.00818447791971
0.00439094612375
0.0043098081369
0.00421632407233
0.00440149591304
0.287192526041
0.00440095900558
0.00448234798387
0.00453135208227
0.00438576703891
39.0977320031
11.020318927
4.137608052

checksumTime
0.0021713860333
0.00211578607559
0.00184080796316
0.00173865118995
0.00164532312192
0.00182818900794
0.00245372299105
0.00398975796998
0.00406329892576
0.00391388009302
0.00413714302704
0.00412335596047
0.00400714506395
0.00417203688994
0.00357740581967
0.00378097197972
0.00442522391677
0.00422686710954
0.00409180601127
0.00398049806245
0.00403997511603
0.00216615386307
0.00362836499698
0.0104672699235




layer number :  24
94.8507820519
0.0686029719654

jsonTime
2.71910075611
0.0401568890084
0.00516281090677
0.0123576060869
0.00424115592614
0.00452918000519
1.05213574693
0.00519217201509
0.013624291867
0.0053007749375
0.0164698108565
0.00504429987632
0.00491944607347
0.0130642619915
0.00471288198605
0.00465468387119
0.0666293760296
0.00500033795834
0.0120745350141
0.00445705791935
0.00539862690493
4.83380991989
1.12427039398
0.360091302078

layerTime
23.2073094219
0.0207632179372
0.00190031994134
0.00510232290253
0.00227347505279
0.00186082697473
7.234070868
0.00209745485336
0.00407893909141
0.00229573110119
0.0142953169998
0.00191715802066
0.00211984384805
0.00280118989758
0.00186395109631
0.00211097300053
0.0865712200757
0.00214169314131
0.00314026908018
0.00192185211927
0.00415114290081
39.235884296
10.7965888779
3.74974573893

checksumTime
0.00234031700529
0.00195276015438
0.00163165712729
0.00183437997475
0.00171834998764
0.001624800032
0.00202272715978
0.00187786319293
0.00207285792567
0.00184242404066
0.00194820715114
0.00164624000899
0.0017985671293
0.0018816490192
0.00190125801601
0.00179484998807
0.00184742198326
0.00200378987938
0.0019828279037
0.00190960010514
0.00365780713037
0.00223821308464
0.0181195840705
0.00937260291539




layer number :  24
94.8308947701
0.0706599981058

jsonTime
2.80259177787
0.0494381668977
0.00527234794572
0.00481482013129
0.00403018482029
0.004236479057
0.913662885083
0.00530618010089
0.00510064186528
0.00496675795875
0.0164895639755
0.0135677841026
0.00549541204236
0.00548859592527
0.00530544109643
0.00456273602322
0.0668282599654
0.00516204000451
0.00408911588602
0.00414347206242
0.00398109620437
4.77598889894
1.113601638
0.318887226051

layerTime
23.0498044852
0.025012233993
0.0033545170445
0.00190393393859
0.00176929007284
0.00192725588568
7.38301444286
0.00211356999353
0.00194843113422
0.0019129998982
0.0143954649102
0.00378592894413
0.00211955606937
0.00208450714126
0.00212374585681
0.0019255769439
0.0995936219115
0.00232215388678
0.00180411199108
0.00182533799671
0.00183235690929
39.5567690891
10.710967052
3.67405637889

checksumTime
0.00218650791794
0.00235153920949
0.00143148284405
0.00169986509718
0.00170522299595
0.00174448406324
0.00258040498011
0.00167002202943
0.00182250305079
0.00158406607807
0.00196216907352
0.00206167786382
0.00180592900142
0.00180946686305
0.00175608112477
0.00167084904388
0.0136952621397
0.00185750308447
0.00174732203595
0.00164740090258
0.00167523999698
0.00216784700751
0.00306492391974
0.0113619260956




layer number :  24
95.9254207949
0.0702802408487

jsonTime
2.89328944194
0.0406650940422
0.0055032260716
0.0127195320092
0.00478464993648
0.00474361586384
0.898297043983
0.00497151212767
0.0132368260529
0.00497490796261
0.0164060308598
0.00966844987124
0.00972008798271
0.0268475709017
0.0100442948751
0.00913624698296
0.0728087869938
0.00996939791366
0.0251335189678
0.00938448403031
0.00819998513907
4.77164165303
1.13365590898
0.301333854906

layerTime
23.7262525142
0.019986131927
0.00201837602071
0.00501117692329
0.00226833997294
0.00214325799607
7.70613086713
0.00209176889621
0.0041644598823
0.0022622931283
0.0157821071334
0.00440836302005
0.00450749392621
0.00595017615706
0.00437358999625
0.00460079195909
0.251382221002
0.00454310909845
0.00626763701439
0.0046862969175
0.00431243889034
39.2237268379
10.8016907379
3.66885564313

checksumTime
0.00236484594643
0.00210312195122
0.00192218297161
0.0019129330758
0.00200391211547
0.0019345600158
0.00215711188503
0.00219360203482
0.0020888580475
0.0016955609899
0.00426464201882
0.00371601106599
0.00366375711747
0.0041040959768
0.00399939110503
0.00372499111108
0.00379477790557
0.00400904403068
0.00421183998697
0.00399805395864
0.00388523004949
0.00231168209575
0.00225305906497
0.0105866158847




layer number :  24
95.151582889
0.0685519219842

jsonTime
2.89417394903
0.0418673970271
0.0140585410409
0.00468323705718
0.0050138309598
0.0046065589413
0.864081425825
0.00527639198117
0.00479715294205
0.00479112705216
0.0165770610329
0.0128601118922
0.00546810380183
0.00576915801503
0.00515776709653
0.00444446108304
0.0756395938806
0.0100472569466
0.00861747004092
0.00849364302121
0.00852084904909
4.29752001492
1.11026808317
0.32223247597

layerTime
23.7288572318
0.019721768098
0.00515413493849
0.00249987607822
0.0021344050765
0.00213066511787
7.65733556403
0.0023505911231
0.00214435905218
0.00205109501258
0.014281159034
0.00388547498733
0.00187007919885
0.00197558198124
0.00208383798599
0.00203752494417
0.21038578311
0.00456488505006
0.00433605187573
0.00416485010646
0.00428112479858
39.122718608
10.724942646
3.75456051505

checksumTime
0.00248514604755
0.0019420159515
0.00197663088329
0.00185663090087
0.00199668202549
0.00189258903265
0.00252317404374
0.00188085995615
0.00157227599993
0.00179515592754
0.00164604699239
0.00213317712769
0.00172111298889
0.00197315681726
0.00155560299754
0.00200899410993
0.00441638892516
0.00405462202616
0.00388033292256
0.00392258702777
0.00364685012028
0.00218357797712
0.00279601593502
0.00996729196049




layer number :  24
95.7059748471
0.0649884620216

jsonTime
2.83326958586
0.0411327139009
0.0134479179978
0.00492745311931
0.00480231898837
0.00479726702906
0.921885313001
0.0137378692161
0.00532134599052
0.00504464213736
0.0171582798939
0.00508545897901
0.0132690421306
0.00483782798983
0.00436762394384
0.00437384215184
0.0667025549337
0.0129320488777
0.00444931001402
0.00469597103074
0.00424047582783
4.1189007801
1.26971207117
0.308819841826

layerTime
23.7171011202
0.0206632949412
0.00596277182922
0.00236594700254
0.00227431906387
0.00227466411889
7.50820986298
0.00416257395409
0.00213101087138
0.0021129748784
0.0143910220359
0.00187037093565
0.00323939486407
0.00200476194732
0.0018493430689
0.00217061094008
0.0870910719968
0.00313388300128
0.00196480820887
0.00184027897194
0.00182777317241
39.4754322558
11.0985588199
3.93254936114

checksumTime
0.00210332800634
0.00183911714703
0.00238134199753
0.00201252102852
0.00200341083109
0.00213199597783
0.00205838587135
0.00210930104367
0.00189013197087
0.00193700613454
0.00194402504712
0.00178766297176
0.00176462903619
0.00160982715897
0.00157860084437
0.00158688891679
0.00218712515198
0.00201509497128
0.0020149378106
0.00160650815815
0.00169175793417
0.00221314304508
0.00209439313039
0.011142747011




layer number :  24
94.039843024
0.0682662669569

jsonTime
2.8472750748
0.0597866829485
0.00571425701492
0.0123788749333
0.00539556797594
0.00473068794236
0.917863702867
0.00525478599593
0.0129410522059
0.00600990699604
0.0171011290513
0.00485422788188
0.0050322948955
0.0129727639724
0.00504485610873
0.00468003586866
0.0665819179267
0.0128102079034
0.0122976449784
0.00429794099182
0.00393315893598
4.20871624397
1.1471682319
0.317064430099

layerTime
23.218714128
0.0027065188624
0.00189517484978
0.00504654808901
0.00214807293378
0.00205771601759
7.38693558401
0.00224317284301
0.00396284693852
0.00248189596459
0.0142067659181
0.00195839698426
0.00191360502504
0.00302736600861
0.00191483204253
0.00186660303734
0.0870658161584
0.00216728192754
0.00304057286121
0.0022385539487
0.00191552191973
39.119443543
10.679435346
3.65814994089

checksumTime
0.00224581919611
0.00194085715339
0.00156946806237
0.00192817603238
0.00188612006605
0.00184837612323
0.00216036709026
0.00177288497798
0.0021910390351
0.00174664799124
0.00192817603238
0.00163028715178
0.00164476898499
0.00196538795717
0.00169617403299
0.00182423600927
0.00192443397827
0.00191545020789
0.00205040210858
0.00182164111175
0.00176742696203
0.00217831018381
0.0119920859579
0.00979025894776




layer number :  24
95.25446358
0.0621481968556

jsonTime
2.97711718897
0.0486786270048
0.00540009699762
0.00417415611446
0.00418701209128
0.00477110897191
0.916405951837
0.00496173510328
0.00517710810527
0.00507777393796
0.0163535929751
0.00485063809901
0.0135582629591
0.00527623388916
0.00463723600842
0.00537779391743
0.0665735839866
0.0129861519672
0.00429480103776
0.00501258391887
0.00386202707887
4.09898599307
1.10514972988
0.310523367021

layerTime
23.6767482611
0.0254264839459
0.00207205605693
0.00212710304186
0.00190094602294
0.00194750516675
7.90191415208
0.002123988932
0.00194969400764
0.00222229701467
0.0144598709885
0.00186446099542
0.00376280699857
0.00221805809997
0.00191289512441
0.00202849507332
0.105891645886
0.00320530799218
0.00219351192936
0.00209232512861
0.00214530900121
39.1299775329
10.8043517889
3.80644798488

checksumTime
0.00231025298126
0.0023657809943
0.00186421279795
0.00189782795496
0.00165418186225
0.0017131799832
0.00318860192783
0.00187320099212
0.00188326090574
0.00165499513969
0.00174764590338
0.00187820801511
0.0022168320138
0.0019904288929
0.00180834997445
0.00174964708276
0.00205927412026
0.00203060801141
0.00192235503346
0.00184939685278
0.0018584060017
0.00215986208059
0.00215120008215
0.0103524071164




layer number :  24
95.8205367269
0.0705146209802

jsonTime
2.78391086799
0.0403527130838
0.0053274591919
0.0123079009354
0.00448127510026
0.00420642294921
1.17649206915
0.00524923903868
0.0129792869557
0.00531699717976
0.0164099039976
0.00526759494096
0.00557474396192
0.0135091159027
0.0051700421609
0.00474414392374
0.0669459470082
0.010408236878
0.0260877239052
0.00852110981941
0.00813832692802
4.71682462702
1.28210281814
0.313355060993

layerTime
23.289823649
0.0206959929783
0.00217488990165
0.00481947208755
0.00205756607465
0.00213745888323
7.66382217989
0.00220076786354
0.00427888007835
0.00227219588123
0.0147035389673
0.00225221202709
0.00196703290567
0.0031423731707
0.00221004290506
0.00213466002606
0.218311395962
0.00450985506177
0.00639132899232
0.00420455704443
0.00406950595789
39.3029854149
10.8815427618
3.67572571989

checksumTime
0.00225488492288
0.00203971494921
0.00200833007693
0.00199010781944
0.00196934398264
0.00196546199732
0.00207175407559
0.0020333561115
0.00217286683619
0.00179858901538
0.00191112002358
0.00176079710945
0.00184038607404
0.00230775587261
0.00175802502781
0.00177544192411
0.00414879014716
0.00402621505782
0.0047616311349
0.00387770007364
0.00396565417759
0.00252129300497
0.0117160221562
0.0295397159643




layer number :  24
95.6418435089
0.0688717989251

jsonTime
2.89394430001
0.0488707879558
0.00542774912901
0.00455744797364
0.00460315612145
0.00473015382886
0.916832585121
0.00492940796539
0.00513543980196
0.00480939703993
0.0164589378983
0.013559703948
0.00517334509641
0.00562695320696
0.00450102798641
0.00437353202142
0.0663329891395
0.0049268330913
0.00404343707487
0.00391796394251
0.0041101470124
4.59291469189
1.16334965895
0.310934223933

layerTime
23.1385864641
0.0250007540453
0.00221675494686
0.00221203709953
0.00202819495462
0.00199049920775
7.34805307584
0.00192001601681
0.00193948601373
0.00223959796131
0.0143990460783
0.00388681306504
0.00199739192612
0.00206372677349
0.00233582989313
0.0018116440624
0.09606402996
0.00183144793846
0.00184741290286
0.00195838999934
0.00196969998069
39.393319557
11.31143339
4.03797354386

checksumTime
0.00208213203587
0.00233818683773
0.00173497898504
0.00196464289911
0.00190557306632
0.00201594782993
0.00286015309393
0.00198629614897
0.00174357695505
0.00177773018368
0.00181228201836
0.00187814584933
0.00166576495394
0.00161946914159
0.00180628011003
0.00172729184851
0.015896582976
0.00165691389702
0.00168448803015
0.00147216813639
0.00166544108652
0.0021145499777
0.00321672018617
0.0194401240442




