layer number :  21
104.952373855
0.068839806132

jsonTime
2.132186834
0.00500596407801
0.55182620394
0.0634052590467
0.00520715094171
0.00423465296626
0.00427413196303
0.0122717118356
3.82401971216
0.0647607259452
0.357149779797
0.0094433859922
0.00812519900501
1.03105536103
0.00469246204011
0.00489394087344
0.00438780500554
0.00563012808561
0.0537880440243
0.0252305169124
0.00947416620329

layerTime
23.153357998
0.00202378886752
8.19858008204
0.0557550408412
0.00191345904022
0.00191754894331
0.00209400709718
0.00367043307051
54.504505266
0.059879580047
2.74204548611
0.00451262202114
0.00479078898206
7.50200245506
0.00218226900324
0.00204299506731
0.00959280203097
0.00251832301728
0.347278218018
0.00671398988925
0.0042294037994

checksumTime
0.00222342298366
0.00188530306332
0.00268784305081
0.00211892207153
0.00198577111587
0.00161075103097
0.00185267697088
0.00206026993692
0.00442723999731
0.00390075705945
0.00425595790148
0.00402461504564
0.0039157110732
0.0167567059398
0.00203660596162
0.00176817295142
0.00370260793716
0.00200167903677
0.00422444799915
0.00434895697981
0.0173282651231




layer number :  21
102.551599146
0.0985750649124

jsonTime
2.04149221908
0.00918189203367
0.669223051984
0.0630607039202
0.00447803619318
0.00463271699846
0.00443389895372
0.0126441321336
3.36657021497
0.0613561610226
0.265682349913
0.00865956186317
0.0082053928636
0.943889107089
0.00438296399079
0.00474849180318
0.00427015195601
0.0131183441263
0.0735135038849
0.0250698251184
0.00846601999365

layerTime
22.1443154439
0.00431511597708
8.04267075006
0.0656437771395
0.00203689886257
0.00221245898865
0.00189597718418
0.00344155100174
54.2296906388
0.00624582194723
2.55445366795
0.00419890414923
0.00459682708606
7.46467187605
0.00235226098448
0.00222397316247
0.00183054083027
0.00247412198223
0.230641076108
0.00687296199612
0.00436793989502

checksumTime
0.00439442694187
0.00376991508529
0.0023974860087
0.00199631578289
0.00206866697408
0.00164623302408
0.00189424585551
0.00202158303
0.0021804140415
0.00191824417561
0.00437786406837
0.00396675802767
0.00399033795111
0.00206723599695
0.00216005602852
0.00185432704166
0.00171052105725
0.00230727205053
0.00417823786847
0.00404540891759
0.0177517500706




layer number :  21
105.023200441
0.0676385350525

jsonTime
2.04415336601
0.0126078280155
0.511864813045
0.0629203680437
0.0123047910165
0.00447811698541
0.0045310400892
0.00514684896916
3.82585230796
0.0479780531023
0.255611124914
0.00476068188436
0.00476135010831
0.81041349005
0.00939426803961
0.00960164307617
0.00838840613142
0.00867556687444
0.140106617939
0.00842524296604
0.00821587187238

layerTime
23.1450576731
0.00460148300044
8.25887560192
0.0656781247817
0.00390182901174
0.00207510101609
0.00211854605004
0.00206671911292
55.0439463779
0.0300727910362
2.84231299488
0.00225662114099
0.0019713959191
7.33413954894
0.00417822995223
0.0045098378323
0.00476219085976
0.00442002993077
0.293253257172
0.00438124802895
0.00438559614122

checksumTime
0.00221757986583
0.00215636496432
0.00233045313507
0.00208721403033
0.00210675410926
0.00164032890461
0.00169291486964
0.00175932003185
0.00214232993312
0.0161155550741
0.0022520001512
0.00204125186428
0.00175466202199
0.0131844920106
0.00392420799471
0.00388165307231
0.00411963113584
0.00432722805999
0.00401892000809
0.004096345976
0.016596061876




layer number :  21
102.53083553
0.0630826170091

jsonTime
1.91553538898
0.0059471570421
0.535310526146
0.0629347679205
0.00464007584378
0.00433199084364
0.00415514083579
0.00408056005836
3.29595572897
0.0847841890063
0.329054687871
0.00917511503212
0.00828494690359
0.94214534387
0.00460188603029
0.00455711502582
0.00425526103936
0.00486495299265
0.0807483152021
0.00843430915847
0.00818089186214

layerTime
21.915473938
0.00224605202675
8.32302480401
0.0657211251091
0.0097299371846
0.00226424704306
0.00203783903271
0.00211800588295
54.1740149478
0.056927904021
2.73299062112
0.00463579990901
0.0044952139724
7.48914839118
0.0021705229301
0.00219412101433
0.00189903005958
0.00202543591149
0.268571939785
0.00452079088427
0.00421946495771

checksumTime
0.0018992589321
0.00180164491758
0.00220684497617
0.00212933798321
0.00368982297368
0.00191491912119
0.00171537511051
0.00162560609169
0.0042361409869
0.00405098916963
0.00429755798541
0.00391368707642
0.00399009906687
0.00230911490507
0.00193457608111
0.00171722494997
0.00162396789528
0.00160874100402
0.00450843805447
0.00392446410842
0.0185069281142




layer number :  21
103.26240738
0.0673378021456

jsonTime
1.92650077003
0.00488123600371
0.556213616161
0.174294443103
0.00435492093675
0.00508772907779
0.00428883405402
0.0124482798856
3.47243697708
0.0603747479618
0.302715333179
0.00853295717388
0.00822012592107
0.94176212512
0.00930015300401
0.00960465986282
0.00833803904243
0.0281591019593
0.0897087538615
0.0231480360962
0.00790573190898

layerTime
22.0351527189
0.00254935002886
8.25408397685
0.0555344319437
0.00224154000171
0.00217261002399
0.00212426297367
0.00353932706639
54.5998290649
0.0184747988824
2.86737209
0.00426302501
0.00439788703807
7.27406624099
0.00450799404643
0.00413937703706
0.00404498190619
0.00445367000066
0.302226999076
0.00723976898007
0.00434813601896

checksumTime
0.00209919107147
0.0019906538073
0.00249142199755
0.00179169606417
0.00194015097804
0.00187757285312
0.00188415218145
0.00219929288141
0.00219189515337
0.00390041596256
0.0041757398285
0.00393349397928
0.00429254188202
0.00418696203269
0.00401708600111
0.00404030503705
0.003640410956
0.00384262111038
0.00385727197863
0.00372417201288
0.016145307105




layer number :  21
104.120648726
0.102156610927

jsonTime
1.98876196099
0.010073163081
0.676192878047
0.0627441210672
0.00456652208231
0.00403753784485
0.00427395710722
0.0124859998468
3.80198490201
0.0603850260377
0.247254791902
0.00476632895879
0.00439298688434
0.933461443987
0.00862131803297
0.00890468200669
0.0084031377919
0.0321004209109
0.0914117889479
0.0257576250006
0.00911251502112

layerTime
23.2857728559
0.00465660006739
8.04112043185
0.0555812979583
0.00189240602776
0.0022317271214
0.00213138503022
0.00364413415082
54.043362539
0.00591637589969
2.83763668011
0.00227451208048
0.0019608780276
7.28764030803
0.0046975070145
0.00431399885565
0.00405682204291
0.0174921019934
0.303558090935
0.00681311520748
0.00435440894216

checksumTime
0.0194210240152
0.00434408290312
0.00238574598916
0.00195897207595
0.00185836199671
0.00197458080947
0.00175047502853
0.00204529496841
0.00234863301739
0.00191503507085
0.00230944994837
0.00215558195487
0.00181908812374
0.00422432785854
0.0041061390657
0.00388338719495
0.00365959410556
0.00395007105544
0.00432225200348
0.00437923590653
0.0210655180272




layer number :  21
103.601825641
0.0639011501335

jsonTime
2.11436920613
0.00509572797455
0.57333939313
0.0691707220394
0.0257124048658
0.00917048496194
0.00794634898193
0.00823368597776
3.88688245998
0.077958012931
0.337149603991
0.00891295797192
0.00834064697847
0.991883243201
0.00458920397796
0.00456174719147
0.00416235299781
0.00403376598842
0.0875729399268
0.00843809894286
0.008270829916

layerTime
22.7702706459
0.00235331989825
8.0355507019
0.167866311036
0.00849816598929
0.00436404603533
0.00426795799285
0.00439368607476
53.4794929239
0.079184680013
2.89117148099
0.00432985904627
0.00430830894038
7.45074120187
0.00231563812122
0.00202901684679
0.00235710502602
0.00193247385323
0.27869043895
0.00419314391911
0.00414345716126

checksumTime
0.00228088418953
0.00190566200763
0.00417132698931
0.00416680797935
0.00421557109803
0.00404935609549
0.00393135100603
0.00388914695941
0.00212019309402
0.00752626801841
0.00471805804409
0.00439359387383
0.00379692902789
0.00319380802102
0.00184230878949
0.00158427096903
0.00196796818636
0.00183818908408
0.00416905013844
0.00392528111115
0.0180522988085




layer number :  21
104.604709173
0.0635190068278

jsonTime
2.13124652486
0.0258507700637
0.663411520887
0.0892582440283
0.0261826850474
0.0083400378935
0.00816346192732
0.00882732402533
4.115608186
0.0691864658147
0.257626333041
0.00461911200546
0.00424109911546
0.68846278917
0.00471875700168
0.00501255691051
0.00426629604772
0.00444306712598
0.0765828739386
0.0235483071301
0.00847442215309

layerTime
23.5904756901
0.00950904004276
8.29237022204
0.147737415973
0.00712055782788
0.00445238710381
0.00434469617903
0.00426623201929
53.812715817
0.0102766579948
2.58312414587
0.00206922693178
0.00191775802523
7.55658326182
0.00221944600344
0.00205067708157
0.00199888902716
0.00190693489276
0.187677956885
0.00436841999181
0.00439170678146

checksumTime
0.00433966889977
0.00399359408766
0.00440601096489
0.00404109503143
0.00434195320122
0.00458781886846
0.00397519790567
0.0037432978861
0.00214544916525
0.00203510210849
0.00240053818561
0.0020026138518
0.00172967487015
0.00333513901569
0.0020388031844
0.0016573658213
0.00196503894404
0.00156224914826
0.00439168303274
0.0039366108831
0.0171029770281




layer number :  21
103.507809869
0.0639183351304

jsonTime
1.95461046905
0.00496710301377
0.567421751097
0.0631048521027
0.00522178388201
0.00455217598937
0.0041419879999
0.0123494879808
3.68281799299
0.060257229954
0.26025558589
0.00462727597915
0.00418111681938
0.72149372194
0.00564733101055
0.00468249991536
0.00425257114694
0.0119102848694
0.0696520300116
0.00900994706899
0.0255135782063

layerTime
22.8953644161
0.00208362005651
8.30657616397
0.0556449149735
0.00223743100651
0.00180384493433
0.00185636198148
0.00369114498608
54.2720385769
0.00582303712144
2.58634238294
0.0023769820109
0.00183210615069
7.52654772811
0.00206643296406
0.00209332513623
0.00190784200095
0.00395504920743
0.216142463963
0.00460891798139
0.00687856692821

checksumTime
0.00213020294905
0.00194448581897
0.00261390791275
0.00207687309012
0.00180147401989
0.00146658602171
0.00185131421313
0.00197037798353
0.00213997904211
0.00194975105114
0.00205401796848
0.00189942517318
0.00163187691942
0.00215656589717
0.00188354216516
0.00203269883059
0.00167940394022
0.00209958385676
0.00393348303623
0.00362737989053
0.0166588278953




layer number :  21
101.728029725
0.072874537902

jsonTime
2.10713824187
0.00469697522931
0.583245300921
0.0689887630288
0.0260997838341
0.00866795401089
0.00800657295622
0.00889707822353
4.04270235705
0.0692956221756
0.262390841031
0.00862387497909
0.00828702002764
0.928052596049
0.00853790389374
0.00893357186578
0.00804058089852
0.00840532896109
0.118423545035
0.00883970386349
0.00824094307609

layerTime
22.6690668771
0.00215496378951
7.88788764109
0.167905247072
0.00781845813617
0.00451388210058
0.00410133600235
0.00434472295456
52.0832099218
0.00898153102025
2.78359781601
0.00433710613288
0.00446348078549
7.26573805697
0.00457414914854
0.00458136899397
0.00442391703837
0.00448011793196
0.329563949024
0.0043806899339
0.00465353298932

checksumTime
0.00241023185663
0.00203960109502
0.00436051888391
0.00414515309967
0.00447114091367
0.00401080586016
0.00387841998599
0.00407284195535
0.00222348398529
0.00215415796265
0.00406695180573
0.00470371404663
0.00380268204026
0.00681474409066
0.00405978597701
0.00398414116353
0.00374822807498
0.00366943702102
0.00422903103754
0.00399499200284
0.0173225840554




