layer number :  6
92.730580196
0.0347750301007

jsonTime
1.72818771284
0.0137111269869
0.00488471006975
0.263348264853
0.014129395131
6.16429339792

layerTime
13.3728955681
0.00482767797075
0.00221791304648
2.13008573209
0.0162427329924
68.9460636631

checksumTime
0.00225512403995
0.00233275885694
0.00195585400797
0.00282884994522
0.00193899101578
0.0217999878805




layer number :  6
91.5402184899
0.0376549081411

jsonTime
1.63824903197
0.00479613104835
0.00418328098021
0.246817071922
0.0131574170664
6.097103287

layerTime
13.396716567
0.00205976003781
0.00209369487129
2.12184258993
0.00678829103708
67.9451903268

checksumTime
0.00229079090059
0.00187867600471
0.00193765712902
0.00196998007596
0.00164108304307
0.011914297007




layer number :  6
91.1186694501
0.0363945141435

jsonTime
1.632017761
0.00586893083528
0.012961515924
0.273759369971
0.0233683199622
6.46261869906

layerTime
12.7793247569
0.00214825710282
0.00469882995822
2.44181817002
0.0150104840286
67.4060047029

checksumTime
0.00222595804371
0.00210925005376
0.00213047699071
0.00212451303378
0.00232261209749
0.0091710339766




layer number :  6
90.3028223279
0.0365533088334

jsonTime
1.59601328615
0.00511557701975
0.00466941599734
0.248647592962
0.0219032668974
6.03712846315

layerTime
12.542407705
0.00249602599069
0.00194768398069
2.60824269801
0.0192465800792
67.1558202289

checksumTime
0.00223585194908
0.00194447790273
0.0019499110058
0.00217198720202
0.00188852683641
0.0106877260841




layer number :  6
90.788957203
0.0348981721327

jsonTime
1.6606784761
0.00494997692294
0.00487497099675
0.254424819024
0.0275081850123
6.50298720389

layerTime
13.285961679
0.0023131261114
0.00196321797557
2.32686050609
0.0173884979449
66.629084771

checksumTime
0.00220359000377
0.00188947492279
0.00189213803969
0.00419721403159
0.00383588997647
0.0193051360548




layer number :  6
90.52364272
0.0367643260397

jsonTime
1.63520614011
0.00586583511904
0.00438904110342
0.23663086514
0.0143430780154
6.06231715204

layerTime
13.1973129059
0.00223750295117
0.00199882709421
2.40214345604
0.0163658231031
66.870042905

checksumTime
0.017810771009
0.00196841987781
0.00168397580273
0.00212702085264
0.00175274186768
0.0110177749302




layer number :  6
90.6348023741
0.0333676340524

jsonTime
1.6318101252
0.0135714469943
0.00471679493785
0.250147892861
0.0133179191034
6.05748449918

layerTime
13.3258513338
0.00460034282878
0.00220767408609
2.46283562598
0.0165283919778
66.7832630079

checksumTime
0.00223069218919
0.00208811205812
0.00184842408635
0.00282695400529
0.00172307388857
0.0225426140241




layer number :  6
89.1066118202
0.0331132560968

jsonTime
1.65713214409
0.00502208480611
0.00494109583087
0.261383756995
0.0134896091186
6.02329960093

layerTime
12.830372469
0.00207591219805
0.0021041680593
2.39881172613
0.0163989299908
65.8355758551

checksumTime
0.00235387100838
0.00207272102125
0.00190662592649
0.00290857884102
0.00199703895487
0.00981959607452




layer number :  6
87.9990810559
0.0595403518528

jsonTime
1.559196983
0.00452036201023
0.00438374886289
0.240797777893
0.0218212790787
5.98804071615

layerTime
12.3921464169
0.00227738893591
0.00221149716526
2.3991155941
0.0196280609816
65.2826154858

checksumTime
0.00225814292207
0.00194520014338
0.00195989198983
0.00237307185307
0.00229649897665
0.00986926699989




layer number :  6
88.4565657
0.0379124351311

jsonTime
1.61861790903
0.00501114781946
0.00442160107195
0.260453041876
0.0201871499885
6.05985481618

layerTime
13.1455230711
0.00201077316888
0.00222175288945
2.31252414919
0.00462898798287
64.9473946099

checksumTime
0.00224236398935
0.00200445996597
0.00179401203059
0.0020678548608
0.00212190696038
0.0238359340001




