layer number :  24
82.779923084
0.064594553085

jsonTime
0.00768414302729
2.1598573511
0.00496870605275
0.00478136306629
3.46188771189
0.00644741998985
0.0042983868625
0.00441294605844
0.00436358898878
0.00419350387529
0.00418633595109
0.0123800160363
0.451454046182
0.0130191079807
0.00441314000636
0.170773883117
0.025690411916
0.00849741999991
0.0102787190117
0.561722435057
0.00484047806822
0.00413397792727
0.00410092202947
0.00427085906267

layerTime
0.00421026791446
22.4394605849
0.00200553517789
0.00207337597385
43.673222021
0.00213468098082
0.00193316512741
0.00200634612702
0.00199391297065
0.00191387510858
0.00199956796132
0.00415977695957
4.21666727192
0.0041884300299
0.00264559802599
1.23652839707
0.00681020505726
0.00479970895685
0.00467811408453
4.084117627
0.00215572491288
0.0018450289499
0.00196180283092
0.00220644590445

checksumTime
0.00382960308343
0.00205811788328
0.00174098392017
0.00193139398471
0.00317668612115
0.00203187507577
0.00161996181123
0.0017044020351
0.00193987996317
0.0017267849762
0.00179807608947
0.00211802590638
0.00214891205542
0.00230428297073
0.00191051885486
0.00432304292917
0.00367679796182
0.00380905601196
0.00402023899369
0.00288405292667
0.00178405805491
0.00164864514954
0.00165260001086
0.00901233498007




layer number :  24
82.667566559
0.0711863338947

jsonTime
0.0293367360719
2.06761366315
0.00482526700944
0.00422271504067
3.26124810497
0.0116440469865
0.0082795440685
0.0250343780499
0.00848453305662
0.00832995097153
0.00832932512276
0.00843539903872
0.457859858172
0.00592226604931
0.0118823249359
0.17465568101
0.0253825280815
0.00890313903801
0.00995518895797
0.537546817912
0.00548756401986
0.00439972593449
0.00441565690562
0.00410035508685

layerTime
0.00703673809767
22.450627211
0.00215377495624
0.00196166080423
44.2235652229
0.00449628196657
0.00449083792046
0.00996249192394
0.00464383699
0.00426627206616
0.004196543945
0.00457469187677
3.70123694697
0.00202445499599
0.00408527604304
1.22653101711
0.00636670994572
0.00437152595259
0.00478250905871
4.12404439901
0.00197854987346
0.00219073495828
0.00192476203665
0.00196228804998

checksumTime
0.00410976679996
0.00203671189956
0.00203467509709
0.00170899811201
0.015810475219
0.00396502087824
0.00401763501577
0.00420218799263
0.00403512502089
0.00404756586067
0.00374802201986
0.0039313910529
0.00212605390698
0.0018562769983
0.00200442387722
0.00429099588655
0.00414303014986
0.00412452290766
0.00395877799019
0.00279757217504
0.00184751208872
0.00196514907293
0.00182584300637
0.0103173749521




layer number :  24
84.0489576878
0.0726575187873

jsonTime
0.00779151404276
1.92655889085
0.0212582279928
0.0073277328629
3.57560848584
0.00609705899842
0.00450334488414
0.00420849211514
0.0124253770337
0.00482906703837
0.00428772508167
0.00412396201864
0.346224691952
0.00571814994328
0.00427503488027
0.201009213924
0.00486373715103
0.0123663910199
0.00529375695623
0.433992839884
0.00464937114157
0.00436995690688
0.00413764687255
0.00409632315859

layerTime
0.00444819102995
22.7849719871
0.00805384898558
0.00373595999554
44.4158567071
0.00201591593213
0.00190346222371
0.00189497484826
0.00492842704989
0.00202746805735
0.00196533906274
0.00175173184834
3.98454401898
0.00212322105654
0.00216108211316
1.6796677059
0.00230072694831
0.00315677188337
0.00187830696814
4.38618733711
0.00213890895247
0.00187393301167
0.00172281591222
0.00172816799022

checksumTime
0.00381006300449
0.00355264986865
0.00315215811133
0.00297711114399
0.00210141902789
0.00158698600717
0.00193909183145
0.00164536200464
0.00200921692885
0.00163669395261
0.0017525749281
0.00182025809772
0.00220630713739
0.00164986099117
0.00182716804557
0.00216650101356
0.00189525797032
0.00224583712406
0.00173820205964
0.00449005886912
0.00180525099859
0.00191743019968
0.00167514802888
0.00995558383875




layer number :  24
84.4612435319
0.0652254659217

jsonTime
0.029826286016
2.09513914282
0.0088231980335
0.00837984494865
3.65070442716
0.00615307502449
0.00443393108435
0.0117386400234
0.00471010804176
0.00387644092552
0.00410420796834
0.00392528506927
0.366581317037
0.00504614319652
0.0127417000476
0.192984376103
0.0125473539811
0.00461631105281
0.00503893499263
0.520795588847
0.00465659890324
0.00448414799757
0.00426509790123
0.00414758501574

layerTime
0.00706634600647
22.95587723
0.00452468497679
0.00450490484945
44.593586596
0.00226358696818
0.00190445198677
0.00458877603523
0.00207990501076
0.00199608295225
0.00178960990161
0.00205004890449
4.35148382583
0.00228291400708
0.0023741859477
1.17514286796
0.00321069499478
0.00194989796728
0.00210186908953
4.23183094803
0.00228817109019
0.00185767794028
0.00220233108848
0.00194872985594

checksumTime
0.00412438716739
0.00441593700089
0.00429892912507
0.00399860204197
0.00216799788177
0.00175026198849
0.00172078493051
0.00234595895745
0.00176746607758
0.00154621410184
0.001715780003
0.00179766817018
0.00210714596324
0.00182577595115
0.00199769693427
0.00202961894684
0.00221511395648
0.00185220409185
0.00161968800239
0.0030339860823
0.00206842692569
0.00197616615333
0.00161882094108
0.00959256710485




layer number :  24
81.5916374149
0.0748281539418

jsonTime
0.0287141059525
2.12644684897
0.00551075185649
0.00453337701038
3.41720253415
0.00653676292859
0.0043331021443
0.00406797206961
0.0042275309097
0.0124794289004
0.00438044802286
0.00437319115736
0.364202981116
0.00532047287561
0.00438137492165
0.138933503069
0.00463999807835
0.00438903598115
0.00565774482675
0.516838460928
0.013151246123
0.00455648102798
0.00462224078365
0.00439189304598

layerTime
0.00779458717443
22.442842477
0.0020219089929
0.00186866289005
42.4744412319
0.00237978808582
0.00220436183736
0.001805431908
0.00186144490726
0.0049406690523
0.00216409889981
0.00200472096913
4.35553182499
0.00212976010516
0.0021789339371
1.21359306597
0.0021495888941
0.00211177417077
0.00192986917682
4.21571088815
0.0037224967964
0.0020026860293
0.00210510799661
0.00194956595078

checksumTime
0.00437190686353
0.0171511971857
0.00215355306864
0.00165584799834
0.00210584304295
0.00176205788739
0.00171093805693
0.00152662512846
0.00180071708746
0.00196330202743
0.00197052303702
0.00163531885482
0.00221781106666
0.00158482999541
0.00162666710094
0.00234673591331
0.00187450298108
0.00190360797569
0.00147215090692
0.00236485293135
0.00201972015202
0.0019610140007
0.00178268016316
0.00852213893086




layer number :  24
82.9246996709
0.0664189208765

jsonTime
0.00774596398696
1.96464785701
0.00503908400424
0.0123039900791
3.43541542511
0.0121540389955
0.00816020299681
0.00807111896574
0.00886875018477
0.0086211389862
0.0132720088586
0.00836461898871
0.46675411216
0.00510665797628
0.00399229116738
0.18601291487
0.00488603813574
0.00418007979169
0.013207106851
0.423201957019
0.00467437901534
0.00455154711381
0.0120911961421
0.00430008792318

layerTime
0.00434786011465
21.95814041
0.00209276587702
0.00449127797037
44.1106219341
0.00462793698534
0.00481159891933
0.00423595495522
0.0043478528969
0.00444643502124
0.00450697308406
0.00500185810961
3.89047667594
0.00240206811577
0.00197698781267
1.71914990596
0.00224911095574
0.00198085303418
0.00310088903643
4.38765800418
0.00213733501732
0.00201394292526
0.00355582498014
0.00215059914626

checksumTime
0.00383749301545
0.00213743397035
0.00191003805958
0.00215579988435
0.0157449650578
0.00416094390675
0.00403043907136
0.00381080200896
0.00390270003118
0.0206753090024
0.00388244702481
0.00391294783913
0.00222238292918
0.00169747485779
0.00197795918211
0.00211362005211
0.00188432005234
0.00176193611696
0.00164479995146
0.00218039285392
0.00213830894791
0.00192626495846
0.00191261293367
0.00867931591347




layer number :  24
81.1107865691
0.107322038151

jsonTime
0.00779115594923
1.89462323487
0.00559048517607
0.00450548296794
3.38625904312
0.00628727907315
0.0124319749884
0.00475168903358
0.00427926587872
0.00398290506564
0.00417068507522
0.0123674748465
0.423366617877
0.0134315181058
0.00449845311232
0.180631004041
0.0250860131346
0.00940878898837
0.0100138930138
0.552015032852
0.00501617207192
0.00422452203929
0.00437246379443
0.00431043584831

layerTime
0.00425283703953
21.0441605491
0.00225628796034
0.00205295812339
43.68361083
0.00231734197587
0.00509529793635
0.00216900696978
0.00196323590353
0.00184597400948
0.00189620582387
0.00325778708793
4.24079850107
0.00401481380686
0.00189036596566
1.2147499898
0.00684834597632
0.00461542699486
0.00425520609133
4.11363027804
0.00235563190654
0.00205688294955
0.00210010819137
0.00211450899951

checksumTime
0.0038168230094
0.00216447096318
0.00180642493069
0.00163463084027
0.00204233895056
0.00170440296642
0.00215369509533
0.00180409708992
0.00166101008654
0.00168651598506
0.00169304013252
0.00214238301851
0.00214431202039
0.00177881401032
0.00188038707711
0.00424041505903
0.0041058298666
0.00393979507498
0.00432262895629
0.00306058302522
0.00180764496326
0.00185011420399
0.00161845097318
0.00889792712405




layer number :  24
81.635808409
0.0817702689674

jsonTime
0.00866033602506
2.0795626191
0.00471527990885
0.00447669718415
3.62021379289
0.00650400901213
0.00422229501419
0.00407630391419
0.00411245506257
0.013136456022
0.0042115370743
0.00424441997893
0.442544297781
0.00492361513898
0.0041074748151
0.132511714008
0.00506593915634
0.00467201508582
0.010078075109
0.612953651929
0.0119286950212
0.00462023308501
0.00408324599266
0.00405219686218

layerTime
0.00436485209502
22.3948318879
0.00245197908953
0.00195818487555
42.5202942982
0.00217798911035
0.00223627896048
0.00209897686727
0.00188610493205
0.00477463612333
0.00185454497114
0.00186554086395
4.21189897507
0.00223598186858
0.00217101001181
1.2035718679
0.00195306795649
0.00215157377534
0.00452577485703
4.10301527614
0.00387236499228
0.00217560608871
0.00201674294658
0.00199298607185

checksumTime
0.00362940295599
0.0171886680182
0.00188925792463
0.00176610704511
0.0021336148493
0.00157660385594
0.00178283220157
0.0019249340985
0.00150221493095
0.00207882188261
0.00181827507913
0.00185414520092
0.0019931839779
0.00197297614068
0.00173922511749
0.00185554102063
0.00201641395688
0.00253443303518
0.00366696109995
0.00211872300133
0.00202227081172
0.0018725648988
0.00153394020163
0.00764375692233




layer number :  24
83.148432442
0.0682125419844

jsonTime
0.00806912803091
1.98079266609
0.00493116094731
0.0127769319806
3.43996609212
0.00699060293846
0.00461649615318
0.00413879612461
0.00414331816137
0.00426518917084
0.00681224581786
0.00420986302197
0.370204752078
0.00590493599884
0.00416262284853
0.193340203026
0.00854863715358
0.00806691800244
0.0273431311361
0.555228448939
0.00559571804479
0.00403267890215
0.0120875569992
0.00420942809433

layerTime
0.00406799605116
21.778558796
0.00233463314362
0.00455243885517
44.7646261679
0.00217522005551
0.00217307382263
0.0019573927857
0.00195842795074
0.00192828895524
0.00218059401959
0.00191785511561
4.32116224011
0.0023722469341
0.00190097419545
1.18906823709
0.00457533588633
0.00443543680012
0.00668758992106
4.21531739412
0.00208166008815
0.00213627703488
0.00363723095506
0.00210071797483

checksumTime
0.00372682488523
0.00214831787162
0.00203749304637
0.00210359599441
0.00229267403483
0.00188524089754
0.00196112506092
0.00185826700181
0.00187391391955
0.00997031503357
0.00200747605413
0.00169753679074
0.00207250798121
0.00206474005245
0.00169578986242
0.00451248884201
0.00366480415687
0.00466756802052
0.00412718998268
0.00217196089216
0.00173135800287
0.0017917570658
0.00224615586922
0.00982080493122




layer number :  24
83.5414112639
0.105414028978

jsonTime
0.00782839092426
2.04570852709
0.00889653805643
0.00850708712824
3.86954223295
0.00676752906293
0.0123346950859
0.00477192201652
0.00412821397185
0.00414059497416
0.00421807193197
0.0121037419885
0.343890485819
0.0129835901316
0.00450715003535
0.167271764949
0.0126883459743
0.00463499990292
0.00500554800965
0.50870665093
0.00469420198351
0.00461120088585
0.00393060711212
0.00424290401861

layerTime
0.00465723406523
22.674341528
0.00453461590223
0.00421160785481
43.755926281
0.00224474398419
0.00486485799775
0.0020467650611
0.00211494299583
0.0020029200241
0.00175198004581
0.00324944010936
4.39423387009
0.00374397891574
0.00225240993313
1.18445845996
0.00342189520597
0.00224719196558
0.00195179088041
4.24358323519
0.00208817096427
0.00206365995109
0.00212671793997
0.0020597379189

checksumTime
0.00366581790149
0.00452721188776
0.00403496902436
0.00375918205827
0.00235596112907
0.0019224868156
0.00205981801264
0.00186254200526
0.00198538298719
0.00194316799752
0.00167118594982
0.00199123704806
0.00233710394241
0.00213666306809
0.00161445396952
0.00213436502963
0.00205212295987
0.00181780708954
0.00169465807267
0.00214912882075
0.00190138421021
0.00160813704133
0.00186451594345
0.00875718705356




