layer number :  23
38.6753066392
0.0809087860398

jsonTime
0.0308989910409
2.7083726381
0.0402096100152
0.00622394517995
0.00518179987557
0.288761489093
0.00476669496857
0.0120296420064
0.216361799045
0.00468549807556
0.316435588989
0.00544758490287
0.00487539288588
0.00530927395448
0.00501815788448
0.016253676964
0.00603576307185
0.00447698589414
0.00465230294503
0.0139115848579
0.00472272117622
0.00457962811925
0.00461540184915

layerTime
0.00784524902701
26.2606844108
0.0204430271406
0.0023450718727
0.00213475595228
3.5473333539
0.00217442517169
0.00395221798681
1.78393400298
0.00258539593779
3.1613612182
0.00251759914681
0.00240867608227
0.00211001094431
0.00201738299802
0.00263157393783
0.00244125188328
0.00210088305175
0.0021964921616
0.00310673215427
0.00230504688807
0.0023107258603
0.00224345200695

checksumTime
0.00397612596862
0.00221943599172
0.00189555785619
0.00178900314495
0.00160841597244
0.00225885608234
0.00179859483615
0.00206603412516
0.00196431390941
0.0021084418986
0.00230250693858
0.0018698819913
0.00196963106282
0.00198596902192
0.00180092616938
0.00217123003677
0.00190560612828
0.00178142590448
0.00192537601106
0.00232663284987
0.00210336991586
0.00207727216184
0.00978736719117




layer number :  23
38.5112615661
0.0657058989163

jsonTime
0.00809056381695
3.03801236604
0.0601676090155
0.00676485896111
0.00527492910624
0.283528439002
0.00477018090896
0.00436093308963
0.219111417886
0.00519200181589
0.331660701893
0.00787349883467
0.00687823491171
0.00754487398081
0.00726640317589
0.0214149891399
0.00947863887995
0.00672106794082
0.00709994509816
0.0064679030329
0.0208371719345
0.00680977199227
0.00705704698339

layerTime
0.00412796018645
26.121597274
0.0154360800516
0.00226969108917
0.00228431005962
3.08852780098
0.00212487298995
0.0020906298887
2.10083525116
0.00254611810669
2.88785520801
0.00387400714681
0.00360785005614
0.00371950305998
0.00333203095943
0.00527804181911
0.00378151517361
0.00358329503797
0.00327063794248
0.00346675608307
0.00492845592089
0.00346544617787
0.0036806720309

checksumTime
0.00358079490252
0.012600397924
0.00204879790545
0.00193575397134
0.00195058481768
0.0021410821937
0.0017464319244
0.00191238312982
0.00245671602897
0.00209111603908
0.00353120011277
0.00338961696252
0.0030361530371
0.00299093383364
0.00293710990809
0.003283332102
0.00328148598783
0.00319802691229
0.00291096698493
0.00292877200991
0.00342868198641
0.00348531780764
0.0147655231413




layer number :  23
39.8568537959
0.0655174739659

jsonTime
0.00783431297168
2.92400777899
0.0603184078354
0.0156426420435
0.00575896096416
0.300197533099
0.438680064864
0.00817866902798
0.282751990017
0.00503435102291
0.341103541898
0.0131112979725
0.00464543700218
0.00518951308914
0.0043767997995
0.00464335200377
0.0146794889588
0.00436334195547
0.00466972310096
0.00406107492745
0.00406336714514
0.00391669198871
0.0122492450755

layerTime
0.00427803606726
26.675036794
0.00918199098669
0.0057025810238
0.00235491315834
3.69807684282
0.00440641120076
0.00442410097457
2.32158168685
0.00241574994288
2.50415957021
0.00377388298512
0.00205425987951
0.00206607789733
0.0018327110447
0.00196294300258
0.00290210195817
0.0022705309093
0.00212742295116
0.00211830297485
0.00193071784452
0.00189996603876
0.00323668587953

checksumTime
0.00399874406867
0.00234910706058
0.00212042103522
0.00231261993758
0.00206473190337
0.00489086611196
0.00371916498989
0.00370558793657
0.00231472705491
0.00225918809883
0.00215697195381
0.00193167198449
0.00184861011803
0.00168561609462
0.00183298904449
0.00157134910114
0.00202672905289
0.00191342108883
0.00173924094997
0.00167978205718
0.00158124207519
0.00155082694255
0.00904322392307




layer number :  23
39.6768983481
0.0633303760551

jsonTime
0.00810684496537
3.1349606982
0.0402299498674
0.00691463798285
0.00484918011352
0.275051707868
0.565548259998
0.0231160130352
0.268994959071
0.00468884292059
0.317895071814
0.013021368999
0.00483202002943
0.00490677612834
0.00497367908247
0.0047462049406
0.0133565210272
0.00430781091563
0.00405924394727
0.00460179406218
0.00405209488235
0.00395148503594
0.0124153180514

layerTime
0.00415424397215
26.5111234649
0.0206707220059
0.00196326081641
0.0019495380111
3.33360971813
0.00399010605179
0.00691336696036
2.04967358499
0.00204507820308
2.86515743914
0.00378556083888
0.00204090494663
0.00204945495352
0.00185769493692
0.00195950013585
0.00304328696802
0.00169065711088
0.0019428471569
0.00175619893707
0.00184626318514
0.00183607102372
0.0029413648881

checksumTime
0.00394940795377
0.00208358606324
0.00188360316679
0.00158882909454
0.00156749296002
0.00211400096305
0.00349287083372
0.00328840711154
0.00215950189158
0.00167570798658
0.00246034702286
0.00208080513403
0.0016441589687
0.00164994690567
0.00173334102146
0.00156677281484
0.00185244507156
0.00180277600884
0.00163607788272
0.00164764001966
0.00162588595413
0.00200738594867
0.00882031209767




layer number :  23
39.2135837201
0.0685633439571

jsonTime
0.0296349809505
3.11511241808
0.0401684450917
0.00592552893795
0.00504812691361
0.291980149923
0.00463570794091
0.0120513029397
0.222447790904
0.00505015696399
0.320800699992
0.00517757004127
0.00465929089114
0.004854822997
0.00462676095776
0.0128260049969
0.00548058911227
0.00460280291736
0.00473236292601
0.0124608199112
0.0044477309566
0.00440613995306
0.00440351013094

layerTime
0.00784731493331
26.447354591
0.0205445059109
0.00212498102337
0.00199511391111
3.79276221711
0.00213871197775
0.00391210289672
2.11676632799
0.00255874497816
2.53632540302
0.00215113302693
0.00223777908832
0.00207861396484
0.00217193597928
0.00320248492062
0.00244134897366
0.00192916509695
0.00206956104375
0.00297796307132
0.00194721203297
0.00197047018446
0.00221016583964

checksumTime
0.00406112708151
0.00237082084641
0.00199218303896
0.00185703719035
0.00172560405917
0.00254224799573
0.00186828011647
0.00208834116347
0.00260963104665
0.00213872105815
0.00248375395313
0.00184716098011
0.00195749709383
0.00196875701658
0.00171813508496
0.00223584496416
0.00186554691754
0.00188754708506
0.00177373597398
0.00187286594883
0.00180933601223
0.00171505985782
0.00964823318645




layer number :  23
41.4371965912
0.0656914929859

jsonTime
0.00812323694117
3.13662233902
0.0393617299851
0.00620141602121
0.0049418869894
0.274435837055
0.00564308906905
0.00471399095841
0.226003156975
0.00460865604691
0.558428933145
0.00563546991907
0.00560433487408
0.00543132401071
0.0050848708488
0.0151174690109
0.00665026693605
0.0048306689132
0.00509131397121
0.00525810709223
0.0138852130622
0.00598468189128
0.00487312488258

layerTime
0.00424671405926
28.3050587671
0.0356676159427
0.00214478606358
0.00196243799292
3.33844369208
0.00249970401637
0.00248077209108
2.09160958999
0.00203099893406
3.14166164189
0.00224036490545
0.00225582602434
0.00233235093765
0.00229465402663
0.00347338081338
0.00237856898457
0.0022122329101
0.0023262090981
0.00227573607117
0.00350905302912
0.00225811707787
0.00241581699811

checksumTime
0.0035991279874
0.00391734996811
0.00218367995694
0.00183094409294
0.00171188381501
0.00267324084416
0.00220706895925
0.00201749498956
0.0020597029943
0.00204782700166
0.00245242915116
0.00213704816997
0.00205675396137
0.00203820317984
0.00214145611972
0.00247803819366
0.00211831205525
0.00196682009846
0.00208992487751
0.00188351981342
0.00244177202694
0.0021796610672
0.00914653413929




layer number :  23
41.635681815
0.0671871639788

jsonTime
0.00872218282893
3.11511771195
0.0598264639266
0.015262333909
0.00552886794321
0.307957774028
0.335398641881
0.00538703193888
0.279086973052
0.00488607515581
0.330270427046
0.0129153379239
0.00476588495076
0.0048108799383
0.00472510419786
0.0047387171071
0.0141328379977
0.00431007007137
0.00403440301307
0.00417757895775
0.0038642201107
0.0040276539512
0.0120765159372

layerTime
0.00422724313103
27.8285178689
0.0090496300254
0.00547393108718
0.00243645021692
3.98448278313
0.00241873203777
0.00221517402679
2.23904075101
0.00267182779498
2.85548018292
0.00379446498118
0.00235898303799
0.00196096417494
0.00207695690915
0.00182442483492
0.00307884812355
0.00214818282984
0.00228804396465
0.00192684191279
0.00203309790231
0.0018631699495
0.00319218914956

checksumTime
0.00393523904495
0.0022978070192
0.0021803881973
0.00236988184042
0.00225350284018
0.00195842096582
0.00200502201915
0.00198376202025
0.00248729088344
0.00198978208937
0.00218113511801
0.00189150008373
0.00206593796611
0.00177610479295
0.00180210499093
0.00165773602203
0.00201325793751
0.00199415301904
0.00185449118726
0.00158177595586
0.00184549903497
0.00156897306442
0.0104616880417




layer number :  23
40.5709642621
0.0709481851663

jsonTime
0.029668292962
3.16480695992
0.0405581011437
0.00707857101224
0.0050712057855
0.298625477822
0.00865417299792
0.0247638309374
0.261270924006
0.00478402082808
0.319725336973
0.00888470606878
0.00472056702711
0.00515661807731
0.00451526395045
0.0127609139308
0.00582668511197
0.00425368500873
0.0041629311163
0.0120462051127
0.0049532239791
0.00420129299164
0.00408257381059

layerTime
0.00764549314044
26.8551045042
0.0202676539775
0.00216370588169
0.00219840416685
3.65254023112
0.00465504010208
0.00833581504412
2.25182932499
0.00200727605261
3.36383565492
0.00215866905637
0.00202898890711
0.00197653193027
0.0019608780276
0.00285988301039
0.00203926605172
0.00230570789427
0.0020771829877
0.00298971286975
0.00204648100771
0.00217904313467
0.00186089705676

checksumTime
0.00427458388731
0.00206347089261
0.00200177193619
0.00181183218956
0.00199453602545
0.00447909394279
0.00383178703487
0.00430886587128
0.00205974513665
0.00202587805688
0.00224349903874
0.0020712739788
0.00193636794575
0.00178249599412
0.00164107605815
0.00213387003168
0.00157393096015
0.00220452691428
0.00183907290921
0.00208275020123
0.00172839988954
0.00187823199667
0.0086874330882




layer number :  23
44.280663613
0.0939470210578

jsonTime
0.00813891598955
2.89423596999
0.664008077001
0.0118576439563
0.026264250977
0.347562653944
0.00537582510151
0.00482453103177
0.251115703955
0.00468815793283
0.322960308054
0.00528138200752
0.00490863085724
0.013263250934
0.00482221296988
0.00455989898182
0.005498690065
0.00404180306941
0.0121572951321
0.00435586390086
0.00444836099632
0.00486041698605
0.00495482585393

layerTime
0.0043301130645
30.863303276
0.0670536528341
0.00478313211352
0.0105299099814
3.82124439115
0.00257283193059
0.00215225992724
1.98532246193
0.0018759209197
2.72090754309
0.00202339398675
0.00201431312598
0.00357356807217
0.00236633303575
0.00204128609039
0.00217743380927
0.00180891482159
0.00289832102135
0.0019832290709
0.00208358094096
0.00186337600462
0.00186333502643

checksumTime
0.00364954397082
0.00246504112147
0.00422655511647
0.00385378696956
0.00431905593723
0.00235996791162
0.00212181196548
0.00189928314649
0.00272660609335
0.00208948203363
0.00203364691697
0.00189399207011
0.00174016691744
0.00196506897919
0.00191181804985
0.00173042993993
0.00164955412038
0.00164792104624
0.00185712892562
0.00188492401503
0.00180770503357
0.00161102809943
0.00871937908232




layer number :  23
45.9460837559
0.0660091580357

jsonTime
0.00873682298698
3.08746130392
0.0408017039299
0.014467949979
0.00547451805323
0.304752122844
0.00897637195885
0.00830129510723
0.317519120174
0.00471734092571
0.353847699007
0.0272941980511
0.0100655569695
0.00995242618956
0.00904314685613
0.0092334789224
0.0284831000026
0.00835683499463
0.00820630602539
0.00813749595545
0.00871546310373
0.0083928660024
0.0240079369396

layerTime
0.00412594410591
32.4152087171
0.0201031330507
0.00501616299152
0.00250629382208
3.98806828703
0.00442861509509
0.0045554889366
2.16203835886
0.00200798502192
2.80602799309
0.00739411194809
0.00465999799781
0.00457292585634
0.00427378900349
0.00423512607813
0.00592108303681
0.00488336407579
0.00423730514012
0.00420352490619
0.00450988905504
0.00457826605998
0.00527018704452

checksumTime
0.00344384089112
0.00230314699002
0.00201452500187
0.00202282611281
0.00210387515835
0.00434389710426
0.00393259688281
0.00421797786839
0.00207598810084
0.00171600398608
0.00476686493494
0.00442668097094
0.00398634094745
0.00373998912983
0.00352679612115
0.00386146293022
0.00378676899709
0.00393337383866
0.00357931293547
0.00395740801468
0.00393472681753
0.00352452904917
0.0154168689623




