layer number :  9
96.0319028052
0.0380604050588

jsonTime
3.12222007802
0.0400828928687
0.00552341784351
0.00434796605259
0.0126517240424
0.268021967961
4.40338480612
0.0211504772305
0.00823510298505

layerTime
30.611605789
0.0207577480469
0.00226637511514
0.00212175189517
0.00494300993159
2.756450115
54.633575429
0.015290819807
0.00463330396451

checksumTime
0.00210082298145
0.0018758950755
0.00191180501133
0.00176851195283
0.00207069003955
0.00297985505313
0.021724125836
0.00405228906311
0.0164023311809




layer number :  9
92.021063359
0.0434149329085

jsonTime
3.07214431791
0.0813795139547
0.0105483131483
0.0084642728325
0.00825644703582
0.322086403845
4.3641403981
0.0227433468681
0.00847129500471

layerTime
29.587455489
0.0672312609386
0.00467183091678
0.00435310602188
0.00418637692928
2.32739993301
52.011912558
0.0130464979447
0.00445159804076

checksumTime
0.00409984611906
0.00839899503626
0.00403075106442
0.00396894803271
0.00394014711492
0.00201937905513
0.00440884404816
0.00393316801637
0.0181154271122




layer number :  9
88.8087270989
0.0200880509801

jsonTime
2.41207880015
0.0488204469439
0.00536295282654
0.00411013700068
0.00428448407911
0.282748030033
4.36118079396
0.00869285897352
0.0122307979036

layerTime
28.299825941
0.0248887150083
0.00233598309569
0.00195533409715
0.00199159490876
2.53999302792
50.743861245
0.00224275910296
0.00463012908585

checksumTime
0.00231123086996
0.00227853120305
0.00167591986246
0.00166659802198
0.00174829503521
0.00223423307762
0.00225662998855
0.00197052396834
0.010437181918




layer number :  9
85.652318808
0.0400017760694

jsonTime
2.85141078313
0.0481434201356
0.00559104303829
0.00500160711817
0.00423526996747
0.294714363059
4.8255852859
0.020564978011
0.0249581360258

layerTime
25.8804186869
0.0252184697893
0.00219566002488
0.00200532795861
0.00215015490539
2.07527478202
49.4757402511
0.0154496801551
0.00979212205857

checksumTime
0.00223221001215
0.00236600404605
0.00198855088092
0.0017236371059
0.00191593100317
0.00439365301281
0.00434454483911
0.00385514181107
0.0192297319882




layer number :  9
83.703988014
0.0389710720628

jsonTime
3.0383879079
0.0487195460591
0.00547709688544
0.00456710904837
0.00430853408761
0.264526320156
4.89795587701
0.0208558950108
0.025037199026

layerTime
26.067689257
0.0253276999574
0.00203608814627
0.00209714006633
0.0018357289955
2.06392208789
47.1267941019
0.0155263699125
0.00981040694751

checksumTime
0.00206778710708
0.00221079797484
0.00192975485697
0.00171401095577
0.00162105588242
0.00231485301629
0.00430206209421
0.00393155100755
0.0183460430708




layer number :  9
83.5032342961
0.0562221959699

jsonTime
3.08219521702
0.0491082479712
0.00532936281525
0.00453720195219
0.00438870489597
0.276038245065
4.96481376304
0.00911374716088
0.0121308469679

layerTime
25.45443384
0.0250943759456
0.00240886211395
0.00200597709045
0.00183468405157
2.55150283081
46.9669643571
0.00260294089094
0.0048064540606

checksumTime
0.0022723430302
0.00224774517119
0.00217872997746
0.00184702803381
0.00170399504714
0.00208326103166
0.00204584887251
0.00173833104782
0.00979084102437




layer number :  9
82.677813319
0.0411832781974

jsonTime
2.99558706116
0.0602321759798
0.00562471314333
0.00545572303236
0.013571721036
0.299355974887
4.17729907902
0.0184497439768
0.00838055391796

layerTime
25.638271366
0.00905403099023
0.00239855493419
0.00211990205571
0.0054776428733
2.30886698002
47.0207974049
0.00528079201467
0.00424000504427

checksumTime
0.00231221085414
0.0020505359862
0.00211626593955
0.0018107900396
0.00228898110799
0.0027441130951
0.0205302550457
0.00386894005351
0.0167727628723




layer number :  9
81.7573687481
0.0383965391666

jsonTime
3.2555644589
0.0484749639872
0.00527021591552
0.00454579899088
0.00420627812855
0.291042305063
4.34893559292
0.00932011404075
0.0122089139186

layerTime
25.0571472039
0.0249389240053
0.00232022907585
0.00184451788664
0.00212659197859
2.01397538208
46.6027976561
0.00228451704606
0.00468934513628

checksumTime
0.00227341102436
0.00220899609849
0.00182643998414
0.00161719601601
0.00173138687387
0.00217129802331
0.00213743490167
0.00194010091946
0.00953400391154




layer number :  9
81.3306893329
0.0384184990544

jsonTime
2.85299995192
0.041240897961
0.00514515698887
0.00439604115672
0.012435732875
0.280789781129
4.8538802769
0.00907169305719
0.00422510900535

layerTime
25.1345254201
0.0201838179491
0.00234071398154
0.00191851705313
0.0050722269807
2.02429315285
46.005669815
0.00235896301456
0.00184339098632

checksumTime
0.00225099595264
0.00191999506205
0.00206715194508
0.00189762795344
0.00211642100476
0.00515937618911
0.00224335095845
0.00198846403509
0.00836183386855




layer number :  9
81.482161049
0.0433579140808

jsonTime
2.82445517601
0.0602783530485
0.00541902915575
0.00473768403754
0.00446079415269
0.297462597024
4.71254434506
0.00945968995802
0.00473759998567

layerTime
24.585581447
0.0197440879419
0.00233226292767
0.00209349999204
0.0020126500167
2.88148301793
45.9891897929
0.00254295393825
0.00221905601211

checksumTime
0.00226910109632
0.00230610184371
0.00183254596777
0.00194698595442
0.00185307790525
0.00232573901303
0.00223470618948
0.00208708690479
0.00955712213181




