layer number :  19
103.680370981
0.059507623082

jsonTime
0.00816691387445
2.15143686393
0.00511023518629
0.559096328914
1.52342532109
4.9703959031
0.127876015147
0.00468232505955
0.00424042297527
0.00766275194474
0.783280513017
0.156009865925
0.00448982184753
0.0040976179298
0.0199567209929
0.173198086908
0.0124959920067
0.00445319199935
0.00410479982384

layerTime
0.00413665408269
16.5234077179
0.00213639182039
6.07379047596
15.7361151399
44.582164709
0.116190607892
0.00235752295703
0.00206013699062
0.00123730301857
7.41769799404
1.17360533495
0.00208215299062
0.00213354220614
0.021503119031
1.36524394597
0.00376662099734
0.00227979384363
0.00196054601111

checksumTime
0.00394271011464
0.00206853193231
0.00203399313614
0.00212498498149
0.00220413110219
0.0142295118421
0.00365360104479
0.00176625698805
0.00182042899542
0.00171606009826
0.0027717249468
0.00219412217848
0.00199129502289
0.001711465884
0.0019337090198
0.00222680601291
0.00201996415854
0.00184589019045
0.00893014413305




layer number :  19
102.952536592
0.0870826099999

jsonTime
0.00839194701985
2.09494336299
0.00478871306404
0.528269595932
1.50650878996
4.64325659489
0.100837535923
0.00867995107546
0.0088998680003
0.0159595739096
0.960265707923
0.149569889996
0.0125003259163
0.00474666501395
0.0197004049551
0.168800255982
0.00451957201585
0.0126746818423
0.00483157997951

layerTime
0.0040775728412
16.4672368141
0.00195820396766
5.86452628113
15.520790606
44.600878471
0.278149066027
0.00469100405462
0.00429979199544
0.0173918339424
7.44912201306
1.17344147805
0.00380001286976
0.00191930495203
0.0216293639969
1.12334412383
0.00241890992038
0.00364520400763
0.00232755905017

checksumTime
0.00373299000785
0.00211345893331
0.0017046390567
0.0023788518738
0.00233607413247
0.0020432730671
0.00452280486934
0.00450492091477
0.00352319912054
0.00404006917961
0.00306147080846
0.00220456416719
0.00200509512797
0.00199623894878
0.00189562421292
0.0023193990346
0.00213994318619
0.00217230711132
0.0112962098792




layer number :  19
103.255097716
0.0566651821136

jsonTime
0.00838024797849
1.92242122302
0.0522217319813
0.656081315828
1.45989957498
4.87884892989
0.108074094867
0.00886857393198
0.0253251360264
0.0162809561007
0.946034335997
0.179124725051
0.0046862300951
0.00441287294962
0.0285946119111
0.162139593856
0.00472416193224
0.00490638287738
0.0122157218866

layerTime
0.00451386789791
16.178625931
0.00400695507415
5.87600980396
15.5357125399
44.7763456842
0.157531988109
0.00449727103114
0.00776836997829
0.0181199260987
7.52315528807
1.38532401598
0.00222089001909
0.0020863271784
0.0206408291124
1.131024573
0.00204818299972
0.00215857406147
0.00375293102115

checksumTime
0.00378328305669
0.0223564298358
0.00346468412317
0.00204473710619
0.0020794630982
0.00202284194529
0.00441952003166
0.00406267493963
0.00394375994802
0.00370153784752
0.00219828402624
0.00220271782018
0.00176698598079
0.00184639287181
0.00209136609919
0.00214095204137
0.00180869316682
0.00189492106438
0.0098866620101




layer number :  19
103.169626721
0.0534962189849

jsonTime
0.00822806195356
1.88260186091
0.00487477402203
0.543131941929
1.47039018688
4.61093543912
0.0818867729977
0.0046845250763
0.00475537893362
0.00786120886914
0.776062811958
0.150096999016
0.00452830898575
0.00429421896115
0.0214924248867
0.165096679004
0.0127086020075
0.00488546700217
0.00425952789374

layerTime
0.00422260793857
16.8250264761
0.00230905087665
5.93863446801
15.5650598062
44.8260803199
0.129077667138
0.0020994618535
0.00196233810857
0.00276900222525
7.67816862487
1.17236247892
0.00209504808299
0.00214987015352
0.0194097731728
1.12327408814
0.00373205705546
0.00208915397525
0.00199953606352

checksumTime
0.0035301821772
0.00240678992122
0.00193210411817
0.0021971850656
0.00213112379424
0.00207661394961
0.00364787294529
0.00190295907669
0.00157864997163
0.00183782796375
0.00254618516192
0.00227382103913
0.00194532983005
0.00189510895871
0.00187681685202
0.00227427482605
0.00205722311512
0.0017861360684
0.00930817401968




layer number :  19
103.844236103
0.110767849954

jsonTime
0.00848802807741
2.10402129102
0.00465572299436
0.530432823813
1.74327299907
4.61277639004
0.0900486130267
0.0046144509688
0.00439116521738
0.00822223396972
0.914482661057
0.150848030811
0.0125822541304
0.00469242315739
0.0196262300014
0.157662590966
0.00621343892999
0.0128206158988
0.00440463284031

layerTime
0.00431110011414
16.3297826028
0.00226161885075
5.99258080311
15.795390707
44.6911090619
0.131008256925
0.0023566109594
0.00211136392318
0.00156363891438
7.77950414503
1.40581389703
0.00350642483681
0.00251281494275
0.0212785098702
1.11476279702
0.00227783806622
0.00395258096978
0.00240517803468

checksumTime
0.0036888869945
0.00218989816494
0.0020019011572
0.00189829198644
0.00227582990192
0.00214230408892
0.00230884505436
0.00231952592731
0.0018661969807
0.00168516300619
0.00294076511636
0.00195479299873
0.00221157097258
0.00204522511922
0.00175208412111
0.00220629991964
0.00176573102362
0.00238710618578
0.00913303415291




layer number :  19
104.304692529
0.0564617989585

jsonTime
0.00787280010991
2.04154796898
0.00507264188491
0.559316362953
1.51714959485
5.05066343583
0.108411357971
0.00466686906293
0.0123055048753
0.00731710507534
0.845000488916
0.155806804076
0.00453950790688
0.00452516204678
0.0291446300689
0.15355401393
0.00491164508276
0.00421882187948
0.0121974390931

layerTime
0.00454047508538
16.289164749
0.00230461917818
6.14400528604
15.3262317241
45.358668545
0.109197007027
0.00196367083117
0.00399353005923
0.00177168194205
7.45149766887
1.40551044699
0.00210895412602
0.00187475304119
0.0206405608915
1.5394476552
0.00206007505767
0.00180900399573
0.0033668379765

checksumTime
0.00416594697163
0.00201282300986
0.00217018299736
0.00272990600206
0.00213308003731
0.00212001008913
0.00210857996717
0.00196272414178
0.00209151394665
0.00182477617636
0.00222247303464
0.00208027404733
0.0019357339479
0.00176070583984
0.00205652206205
0.00212177284993
0.00163662596606
0.00182177405804
0.00914692389779




layer number :  19
104.510898585
0.0602433269378

jsonTime
0.0282434260007
2.00842387811
0.00500269094482
0.546449887101
1.48379085795
5.11936764186
0.0743316300213
0.00444947299547
0.00484729395248
0.00760737992823
0.935560211074
0.150036298204
0.0124811911955
0.00434837816283
0.0192954239901
0.170579998987
0.00529758213088
0.0119703018572
0.00442868308164

layerTime
0.00795662193559
16.534153278
0.00213472195901
6.07124227891
15.4730668811
44.807377001
0.120519366115
0.00187077303417
0.00217711809091
0.00129485107027
7.78238762496
1.41553948889
0.00340230599977
0.00215972098522
0.0116651591379
1.55884328205
0.00185103202239
0.00359127810225
0.00217506289482

checksumTime
0.0039072369691
0.00453954702243
0.001902542077
0.00221650395542
0.00203902507201
0.0022713500075
0.00199127895758
0.00157063594088
0.0017479469534
0.00154469395056
0.00279178889468
0.00208633090369
0.00219033984467
0.00192828383297
0.00177103001624
0.00199237582274
0.00163154001348
0.00180702796206
0.00906685809605




layer number :  19
103.387446633
0.0589340890292

jsonTime
0.00817152904347
1.97267292091
0.00483271409757
0.592620561132
1.51410365896
4.5923497919
0.0972571480088
0.0087724160403
0.0251899340656
0.0167221620213
0.963476563804
0.176713061985
0.00532050314359
0.00432944390923
0.0289888340048
0.155310563976
0.00485880998895
0.00439310306683
0.0120586890262

layerTime
0.00404884386808
16.344514857
0.00220231385902
5.91410758183
15.9222966321
44.592563316
0.123742880067
0.00455498206429
0.00810622493736
0.0172459289897
7.57055512699
1.40561834699
0.00219898996875
0.00190534908324
0.0189298919868
1.14209004911
0.0019664238207
0.00207021692768
0.00363731384277

checksumTime
0.00368697708473
0.0021467669867
0.00179233402014
0.00277467304841
0.00208979309537
0.00220797699876
0.00424738391303
0.00396684394218
0.00407401495613
0.0038437161129
0.00228339619935
0.00213715690188
0.00205976795405
0.00158882001415
0.00219294289127
0.00225722510368
0.00190379912965
0.00180693902075
0.00931574311107




layer number :  19
103.676258347
0.0580806429498

jsonTime
0.0280268229544
2.10870350106
0.01317423
0.532245538896
1.534977515
4.87327924999
0.0867768612225
0.00871586194262
0.00865636090748
0.015750485938
0.951759964926
0.14300073497
0.0127867849078
0.00497582112439
0.0218733639922
0.173860905925
0.00456386106089
0.0126165840775
0.0046283910051

layerTime
0.00830015493557
16.3238424421
0.00351352198049
6.07628580392
15.7755302521
44.824784151
0.289529684931
0.00437612412497
0.00434894603677
0.00308891595341
7.61367489002
0.933775002835
0.0036761329975
0.00211704289541
0.0194632990751
1.12331764703
0.00198866194114
0.00367250107229
0.00214147614315

checksumTime
0.00405121897347
0.00229099788703
0.00198871316388
0.00208155601285
0.00226558488794
0.0021923428867
0.00458868197165
0.00393956690095
0.00403561908752
0.00424543814734
0.00302238808945
0.00206999410875
0.00230009504594
0.00171335902996
0.00201724492945
0.00217218394391
0.00191374402493
0.00228360388428
0.00941864587367




layer number :  19
103.770847017
0.0597049179487

jsonTime
0.0301158840302
1.84764608601
0.00501618883573
0.553887703922
1.464010261
4.58004224882
0.086005080957
0.00875108619221
0.00825619278476
0.0160496430472
0.998241849942
0.152358759893
0.0125749178696
0.00479940511286
0.0208744900301
0.168629819993
0.0055268839933
0.0119273900054
0.00444981292821

layerTime
0.00795133505017
16.407267354
0.00217582308687
5.83013369888
15.7683787872
44.861204477
0.147474037949
0.00446707289666
0.00410642614588
0.0176387571264
7.5773218961
1.42565703415
0.00366702210158
0.0021649338305
0.020539117977
1.56720017712
0.00217463308945
0.00380436703563
0.00207564490847

checksumTime
0.0041272030212
0.0167626170442
0.00187558005564
0.00219194800593
0.0024333409965
0.0022231170442
0.00759744201787
0.00405455310829
0.00405509886332
0.00383122591302
0.00289674196392
0.00205134297721
0.00217455299571
0.00199398305267
0.00177595601417
0.00214867480099
0.00188144599088
0.00212964904495
0.0086231851019




