layer number :  10
68.6349277599
0.0384223288856

jsonTime
1.70116994809
0.00491851498373
0.00471280398779
2.19106651191
0.00882005784661
0.0085562239401
0.0087546131108
1.65347609017
0.107920106035
0.00779024814256

layerTime
16.75272377
0.00206384505145
0.00203920598142
26.346278568
0.00423172814772
0.00411371607333
0.00447157793678
19.3990674999
0.298797518946
0.00433425977826

checksumTime
0.00234938296489
0.00192268704996
0.00178748508915
0.0168805690482
0.00382054690272
0.00392164499499
0.00401859288104
0.021249022102
0.00390627491288
0.0195936500095




layer number :  10
67.7096804632
0.0431272650603

jsonTime
1.63691322505
0.0124244890176
0.00461183302104
2.01178565808
0.00469110812992
0.012173361145
0.00487885600887
1.33289770503
0.0727645510342
0.0248850150965

layerTime
16.7611637961
0.00437797699124
0.00211499002762
25.7778289979
0.00229432084598
0.00466477591544
0.00221692794003
19.755059887
0.190216372954
0.00748602789827

checksumTime
0.00210095685907
0.00221325503662
0.00192028889433
0.00235980399884
0.00205606804229
0.00221971306019
0.0019480639603
0.00239515397698
0.00393220805563
0.0181453151163




layer number :  10
68.151404324
0.0413251700811

jsonTime
1.57162555191
0.0220848780591
0.00791110889986
2.34364230488
0.00877377716824
0.0249959339853
0.00893437885679
1.60184300388
0.0742379289586
0.0250991547946

layerTime
16.6238644579
0.00828257808462
0.00385848712176
26.390472186
0.00421448098496
0.00952778384089
0.00450628204271
18.9838998942
0.319047361147
0.00778825115412

checksumTime
0.0034476290457
0.00358959799632
0.00333223794587
0.0163080049679
0.00350642204285
0.00415473710746
0.00400359206833
0.00212482991628
0.00424598599784
0.0191150549799




layer number :  10
66.214955952
0.0441734550986

jsonTime
1.62715946394
0.00930888508447
0.00872735981829
2.51372034894
0.00448823813349
0.00405627209693
0.00412169704214
1.57445032895
0.0848067710176
0.00846690009348

layerTime
16.4575147261
0.00429614493623
0.00424386817031
25.2921555771
0.00210254197009
0.00211871811189
0.00212369579822
18.308318997
0.208337300923
0.00433329609223

checksumTime
0.00455049891025
0.00422831508331
0.00390631100163
0.00195316178724
0.00184690090828
0.00156476395205
0.00177106517367
0.00213812594302
0.00424883794039
0.0178216679487




layer number :  10
66.7959727421
0.0429249850567

jsonTime
1.65527011594
0.00498223002069
0.00482881511562
2.04659797507
0.00494713010266
0.00522168190219
0.00466492911801
1.33768797992
0.121636227006
0.00778404786251

layerTime
15.770417975
0.00223337998614
0.00230208202265
26.085369027
0.00228451099247
0.0017874490004
0.00207743188366
19.3590549021
0.288978796918
0.00420835008845

checksumTime
0.00209342502058
0.00198916182853
0.00194282294251
0.00205764896236
0.00180235598236
0.00159758492373
0.00192532408983
0.0043658730574
0.00383796705864
0.0173707350623




layer number :  10
68.3684068939
0.0407040589489

jsonTime
1.61907991604
0.00582823716104
0.00461711897515
2.16207514401
0.0254748470616
0.00826380797662
0.00889053405263
1.60170024307
0.0725741500501
0.00464896601625

layerTime
16.7875092458
0.00217578304
0.001914445078
26.3966729769
0.00969256204553
0.00480775511824
0.00446442398243
19.4056049809
0.136362706078
0.00192512199283

checksumTime
0.00262574199587
0.0020276508294
0.00168848899193
0.0169625449926
0.00426537194289
0.0174318859354
0.00404700892977
0.00202048500068
0.00222147093154
0.00837716506794




layer number :  10
67.5622216689
0.0401435850654

jsonTime
1.60027664015
0.00893606292084
0.00798036507331
2.48550931597
0.00845750886947
0.0249881069176
0.00964617193677
1.62908304087
0.0728101159912
0.0250485939905

layerTime
16.0478159229
0.00424162996933
0.00420427694917
26.395806548
0.00475565204397
0.00944356201217
0.00461332616396
18.8080016412
0.279593099141
0.00756022101268

checksumTime
0.0213751620613
0.00348709500395
0.00355486106128
0.0168381021358
0.00424210797064
0.00416983710602
0.00388877792284
0.00216182181612
0.00396575499326
0.0178114369046




layer number :  10
68.4839910911
0.043087383965

jsonTime
1.59346312704
0.00983490701765
0.00901573710144
2.50238849013
0.0249114760663
0.00819685915485
0.0086804931052
1.56258650403
0.091951497132
0.00880551501177

layerTime
17.2440846178
0.0209401678294
0.00439504999667
25.5455416639
0.01009535091
0.004563909024
0.00434255599976
19.3687115719
0.340670866892
0.00435563898645

checksumTime
0.00405876617879
0.00957396999002
0.00399584486149
0.0167602500878
0.00443817093037
0.00403478881344
0.00393079407513
0.00431274296716
0.00398002401926
0.0164728830568




layer number :  10
67.9361934799
0.0403415940236

jsonTime
1.67918950389
0.00907529005781
0.00933342101052
2.57811342506
0.00445408979431
0.00422802311368
0.00430791405961
1.45752252499
0.0919430870563
0.00888494495302

layerTime
16.709632898
0.00449243909679
0.00457325601019
26.0919205199
0.00242557912134
0.00200767396018
0.00189913902432
18.8577857402
0.30422760197
0.00448316102847

checksumTime
0.00418015802279
0.00427522487007
0.00364349992014
0.00206755218096
0.00206826487556
0.00180005305447
0.00173036078922
0.0212366308551
0.00368881109171
0.0188570138998




layer number :  10
67.603999686
0.0396339329891

jsonTime
1.61227553198
0.0256047910079
0.00924058700912
2.38002471603
0.00539058097638
0.0121092549525
0.00496126408689
1.47558077006
0.0767033728771
0.0122551410459

layerTime
16.4641484132
0.00952882994898
0.00462719309144
26.050523086
0.00231965794228
0.00478041893803
0.0019582498353
19.26180177
0.106870402116
0.0037777130492

checksumTime
0.00433110585436
0.00395517796278
0.00385316694155
0.0021608681418
0.00188946700655
0.00226689106785
0.00170700903982
0.00698428717442
0.0018075897824
0.00929644005373




