layer number :  18
174.127513294
0.0550057080109

jsonTime
2.34231185098
0.0047441041097
0.00570465810597
3.45224024099
1.01983850496
6.75923710898
0.0946530059446
0.104731275002
0.404853162821
0.00590540794656
0.00447993795387
0.00503605487756
0.346871339018
0.0275682939682
0.00724683795124
0.00470137200318
0.00418963399716
0.00415562512353

layerTime
26.590930497
0.00243145297281
0.00216929800808
49.19843471
9.98828715202
64.63374339
0.288325362839
0.617971053114
4.28472525207
0.00224205106497
0.00204578391276
0.00207348307595
3.78179982281
0.00360463908873
0.00206290394999
0.00207412499003
0.00215750606731
0.00195879396051

checksumTime
0.00208909995854
0.00202295300551
0.00181457889266
0.00407646899112
0.00434765801765
0.0144141081255
0.00425112410448
0.00463361199945
0.00415525306016
0.00177218997851
0.00190165010281
0.00183947011828
0.00196521007456
0.00175554095767
0.00172980618663
0.00183175085112
0.00189439789392
0.00882886000909




layer number :  18
169.6063609
0.0555570819415

jsonTime
2.48209684901
0.00973459100351
0.00899197696708
3.67600547802
0.841582282213
5.91234758706
0.0943881240673
0.109252596041
0.406660519075
0.00528025720268
0.00466248719022
0.0122037630063
0.344462827081
0.012840887066
0.00726895499974
0.00496321101673
0.00381813198328
0.00403253384866

layerTime
25.803439653
0.00412774202414
0.00418258202262
48.4727124739
10.069762121
62.2395744789
0.318575982936
0.617711579893
4.24773642095
0.0021463658195
0.00205929297954
0.00424574478529
3.74352878612
0.00359882810153
0.00230345199816
0.00201755412854
0.00183953205124
0.00204215408303

checksumTime
0.00433269096538
0.00338723091409
0.00354770594276
0.00214200397022
0.00218834890984
0.0152496360242
0.00421022996306
0.00389877008274
0.00420279591344
0.00200062198564
0.00192679301836
0.00194968702272
0.00220589083619
0.00213061482646
0.00189981795847
0.00165901286528
0.00178167014383
0.0081391830463




layer number :  18
174.058248801
0.0572314041201

jsonTime
2.30455369805
0.00598521297798
0.00759886088781
3.4467510751
0.78389059403
5.95223952597
0.0998121839948
0.105348328128
0.409483897034
0.00486121606082
0.00425898400135
0.00486424099654
0.355684411013
0.012493000133
0.00686815404333
0.00483426987194
0.00415814295411
0.00435379496776

layerTime
26.8932580121
0.00224031694233
0.00218076910824
49.132194516
10.1897080219
64.9243083501
0.562875143951
0.629841500893
4.27890687413
0.00214744010009
0.00206267694011
0.00207635690458
3.78194812196
0.00353451794945
0.00257730809972
0.00211102701724
0.00196438306011
0.00204203487374

checksumTime
0.00216548796743
0.00195955508389
0.00183836184442
0.00222183088772
0.00209168717265
0.0190865078475
0.0038388390094
0.0041929599829
0.00401869486086
0.00171144492924
0.00179887609556
0.00175909604877
0.00225353194401
0.00206928187981
0.00201722001657
0.00179915712215
0.00162766198628
0.00894152815454




layer number :  18
172.99859662
0.0536483200267

jsonTime
2.32008777699
0.00586695410311
0.00514339888468
3.44563793601
1.03473505401
6.28338232799
0.109428266995
0.107572020032
0.358812161954
0.00989395496435
0.00887587899342
0.00824506394565
0.413343174849
0.00476915505715
0.00727325794287
0.00528596690856
0.00421126000583
0.00398657796904

layerTime
25.535889897
0.00216514384374
0.00203778315336
49.1348986961
9.99349245313
64.6377311419
0.573937715963
0.593812610023
4.25894919597
0.00467640603893
0.00440959213302
0.00433877902105
3.94375491515
0.00207510893233
0.0104970121756
0.00196993490681
0.00192454690114
0.00207538204268

checksumTime
0.00217400002293
0.00182450516149
0.00165865081362
0.00431519490667
0.00461257598363
0.019073639065
0.0189021800179
0.00368260708638
0.00910460203886
0.00405169487931
0.00371580803767
0.00395233300515
0.00201904587448
0.00164649402723
0.00366952898912
0.00185844511725
0.00182564905845
0.00991002307273




layer number :  18
173.88115389
0.0612626050133

jsonTime
2.46951022092
0.00878677493893
0.0265974870417
3.8634709809
1.00306418096
6.40012225695
0.11618674593
0.104954045033
0.406413279008
0.00801457813941
0.00724378507584
0.00642531993799
0.38329521101
0.0125747059938
0.00739911198616
0.00481959199533
0.00420668907464
0.00395914399996

layerTime
26.5250768091
0.00468147988431
0.0097068559844
48.2062056412
10.005635102
64.780526473
0.560634607915
0.615918587893
4.32348845387
0.00367979682051
0.00364184100181
0.00356960692443
3.83249273384
0.00352412788197
0.00238284282386
0.00192885799333
0.00188944488764
0.00197416101582

checksumTime
0.00409311801195
0.00393571611494
0.00429361499846
0.0044563729316
0.00417433306575
0.0293497890234
0.00416229618713
0.0038448960986
0.0079144469928
0.00292610097677
0.00323984306306
0.0030604521744
0.00209387508221
0.0019915131852
0.00180373317562
0.00154791097157
0.00176797993481
0.0094913970679




layer number :  18
174.105725133
0.0533722019754

jsonTime
2.57420341601
0.00891735008918
0.00962971593253
3.79333711485
0.98001967906
6.45286198286
0.188611590071
0.110609001946
0.330981001025
0.00478228204884
0.00468123797327
0.00429092603736
0.341770260129
0.00911167496815
0.0141376790125
0.0105189899914
0.00861668912694
0.00807384005748

layerTime
26.385254238
0.00438470207155
0.00472015910782
49.2004213051
9.99902408104
64.3035489412
0.5620841661
0.562914325157
3.82204037788
0.00217057601549
0.00224146503024
0.00190096301958
4.20657500695
0.0042327339761
0.0214628931135
0.00425819703378
0.00450948998332
0.00458924798295

checksumTime
0.00431660190225
0.00411253189668
0.00399522809312
0.00403876090422
0.00484650791623
0.018842154881
0.00438353489153
0.00212976499461
0.00389438401908
0.00176958087832
0.00175160495564
0.0020384399686
0.00421936297789
0.00390150304884
0.00743285380304
0.00421145395376
0.00402033096179
0.0192418170627




layer number :  18
173.667442364
0.0567925851792

jsonTime
2.377812861
0.00919357989915
0.0103554381058
3.95466863201
1.00775727187
6.34598069009
0.0435068651568
0.098003127845
0.388719119132
0.329783088062
0.026181178866
0.00836291490123
0.378033649176
0.00454749306664
0.00671833613887
0.0047549570445
0.0045047851745
0.00443466706201

layerTime
25.73205919
0.0045350510627
0.00430390099064
49.0061942909
10.015763961
64.3520845938
0.513475698885
0.550656496082
4.15329851001
0.00458224886097
0.00841507292353
0.004432806978
4.16690296098
0.00200956594199
0.0022164050024
0.00177922891453
0.00190138700418
0.00195129984058

checksumTime
0.0043788230978
0.00436129490845
0.0038979370147
0.00420371000655
0.00420912308618
0.00207824097015
0.0177952691447
0.00422630994581
0.00201389589347
0.00447329017334
0.00425358815119
0.0039278799668
0.00207118387334
0.00184556702152
0.0017107189633
0.00168735790066
0.00186432292685
0.0100438131485




layer number :  18
172.945086379
0.0589050489943

jsonTime
2.29128638213
0.00515105901286
0.00504623004235
3.41486432101
0.831465676194
5.9296263
0.0999347500037
0.101584722986
0.417676591082
0.0130613879301
0.00528934597969
0.00442284997553
0.342251725029
0.00504978792742
0.00700168404728
0.0048735269811
0.00429976102896
0.0126134899911

layerTime
26.4816731471
0.00220785988495
0.00223554694094
49.6105594579
9.98997629294
64.4118096009
0.358991508139
0.613673286047
3.75399673288
0.004276904976
0.00199952116236
0.00180867221206
4.09246383794
0.00220957607962
0.00207543512806
0.00203393306583
0.0020577609539
0.00337515212595

checksumTime
0.00228226790205
0.00217908713967
0.00196834094822
0.00223298300989
0.0044168389868
0.00231894804165
0.00434047495946
0.00437111593783
0.00222125812434
0.00238183490001
0.00235431385227
0.00193941988982
0.00216559809633
0.00195451383479
0.00185777293518
0.00175294093788
0.00178366596811
0.00904992688447




layer number :  18
174.629144112
0.0743272108957

jsonTime
2.49972459115
0.00494559109211
0.00598745909519
3.44515700289
0.975178423803
6.35219175904
0.10285643395
0.101928062038
0.427351007005
0.0092879650183
0.00835766992532
0.00723609793931
0.377906925976
0.00526061700657
0.00692037702538
0.0133563720156
0.00456603104249
0.00422010105103

layerTime
26.120813421
0.00206078891642
0.00227708905004
50.002794232
10.0097590052
64.6215609352
0.582131903153
0.606094521936
4.29325364204
0.00453427108005
0.00385316601023
0.00355231412686
3.84922515089
0.00213957787491
0.00225391099229
0.003337132046
0.00201870803721
0.00199763593264

checksumTime
0.00214460585266
0.00192642002366
0.00170685094781
0.00433548516594
0.00395438284613
0.0222336358856
0.00403656088747
0.00417051906697
0.0113773478661
0.00398210692219
0.00339334714226
0.00310005596839
0.00205733813345
0.00200802809559
0.00161439296789
0.00210473779589
0.00190643407404
0.0109647670761




layer number :  18
173.290615169
0.0534276079852

jsonTime
2.52743714699
0.00890051596798
0.0100644349586
3.82334011514
0.821796656121
6.51922866795
0.104823946021
0.625276524108
0.426188268932
0.00512096006423
0.00466585485265
0.00426567206159
0.342974083964
0.00892709987238
0.0141346529126
0.0266633990686
0.00890176300891
0.00792276393622

layerTime
25.64336782
0.00475356006064
0.00451466091909
48.480884525
9.94682509894
64.3308669291
0.582183955004
0.651466287905
3.99266880006
0.00263289408758
0.00215378613211
0.00200413097627
4.1803316141
0.00452578114346
0.00455380207859
0.00653126602992
0.00450491718948
0.00423685717396

checksumTime
0.00419480004348
0.0039839039091
0.00384694500826
0.00223225285299
0.00408653798513
0.0220195669681
0.00419543287717
0.00389569508843
0.00433725095354
0.00215315399691
0.00166889396496
0.00186649686657
0.00424393406138
0.00399210397154
0.00392897287384
0.00431896187365
0.00400868384168
0.0170152198989




