layer number :  10
7.86231159698
0.0387383787893

jsonTime
0.00861392496154
0.181379952934
0.0122440250125
0.00446324399672
0.30373569997
0.00454061711207
0.0723310050089
0.00468157790601
0.477006142959
0.0129765928723

layerTime
0.0045016349759
1.18576400005
0.00372338900343
0.00225099292584
2.72793352604
0.00202493485995
0.166385393823
0.00230278912932
2.60836335202
0.00426693004556

checksumTime
0.00401546200737
0.00209471094422
0.00209818012081
0.00191685999744
0.00284257996827
0.00184492510743
0.00206022616476
0.00172608485445
0.00219524116255
0.0114811360836




layer number :  10
7.90795903001
0.0440329411067

jsonTime
0.00804218510166
0.174533345038
0.00493620708585
0.00497491308488
0.290864065988
0.00509342807345
0.0745515921153
0.00546687492169
0.432852535043
0.00478066317737

layerTime
0.00461433385499
1.21417536796
0.00200329790823
0.002334354911
2.78007753892
0.00192615785636
0.185649078805
0.00221334095113
2.62018193793
0.00219050887972

checksumTime
0.00359058799222
0.00213427003473
0.0016963200178
0.00185932707973
0.00221804901958
0.00165129709058
0.00209164316766
0.00193024612963
0.0142932608724
0.00923691503704




layer number :  10
8.49368659407
0.042852954939

jsonTime
0.007703847019
0.182562211994
0.00480042793788
0.00435998593457
0.288070610026
0.00463851797394
0.073967294069
0.0048267589882
0.601528825937
0.00456587807275

layerTime
0.00414000614546
1.03467682097
0.00221194489859
0.00188979087397
3.31908653001
0.00208708411083
0.17126487405
0.00197794591077
2.70128760394
0.00222454709001

checksumTime
0.003649441991
0.00225049606524
0.00185996619985
0.00176396500319
0.00228530704044
0.00211797188967
0.00264282990247
0.00199101911858
0.00289431400597
0.0097440329846




layer number :  10
8.61953285499
0.0415481349919

jsonTime
0.0302133751102
0.150807989994
0.00533170392737
0.00421538297087
0.330478538061
0.0047659559641
0.0821362389252
0.0048226560466
0.534542987123
0.0130485959817

layerTime
0.00807948200963
1.25682789995
0.0022256700322
0.00216545187868
2.91066624294
0.00217603705823
0.15289286105
0.00212036189623
3.04408658086
0.00272355298512

checksumTime
0.00464134896174
0.00272565009072
0.00211891811341
0.00193851301447
0.00220170011744
0.00201595388353
0.00203886209056
0.00175652792677
0.00221061916091
0.0102579379454




layer number :  10
8.23872821196
0.0387293100357

jsonTime
0.00823142100126
0.160121194087
0.00489954696968
0.004308847012
0.310927332146
0.0045914191287
0.0789523948915
0.00463188881986
0.479967275867
0.00448494311422

layerTime
0.00457150908187
1.39041511412
0.00219883187674
0.00226680096239
2.98352052085
0.0022661939729
0.166429436998
0.00204210099764
2.55223228922
0.00220900098793

checksumTime
0.00406443281099
0.00235133594833
0.00188992009498
0.00187196093611
0.00205784803256
0.00194554706104
0.00212530209683
0.00201188912615
0.00199289177544
0.00866905599833




layer number :  10
9.00221907115
0.0435517660808

jsonTime
0.0303074959666
0.1540575861
0.00520260515623
0.00410793186165
0.305686510168
0.00514795887284
0.0734544738661
0.00481225084513
0.55996543006
0.0128769350704

layerTime
0.00683665298857
1.40391891496
0.00214684195817
0.00190292508341
2.97976522683
0.00226325611584
0.196687685093
0.00197272305377
3.17250800203
0.00259473896585

checksumTime
0.00423510605469
0.00298526789993
0.00164645304903
0.00184413790703
0.00200645509176
0.00178779102862
0.00244471104816
0.00198235199787
0.00232807197608
0.00899059604853




layer number :  10
8.20060281223
0.0404695931356

jsonTime
0.00822498486377
0.154815030983
0.00455367402174
0.00426690815948
0.313559798989
0.00470063998364
0.0901614129543
0.00451909587719
0.582579112146
0.00451376312412

layerTime
0.00416453112848
1.32176818186
0.00237681600265
0.00204380392097
2.94668706902
0.00220396788791
0.166489777854
0.00189704517834
2.50751432288
0.00236203894019

checksumTime
0.00368456100114
0.00213806703687
0.00195342488587
0.00166412000544
0.00212483410724
0.00192259415053
0.00216704211198
0.00190218281932
0.00225738598965
0.00921623012982




layer number :  10
7.81028063386
0.0391124719754

jsonTime
0.00757561111823
0.19394426397
0.0127491010353
0.00464663282037
0.295756069012
0.00493628391996
0.0821049790829
0.00446615903638
0.624172635144
0.0163204381242

layerTime
0.00435405597091
1.17563530407
0.00356930308044
0.00192301417701
2.42392448708
0.00226619793102
0.156325159827
0.00212038308382
2.71886267397
0.00251072086394

checksumTime
0.00368314306252
0.00215524784289
0.00229860004038
0.00174933485687
0.00269083702005
0.00241245608777
0.0020391610451
0.00212418683805
0.00235459394753
0.00986343296245




layer number :  10
8.55243203696
0.0534886929672

jsonTime
0.0080499839969
0.173453130992
0.00491279014386
0.0047913340386
0.306650165003
0.00545380194671
0.0723180451896
0.0044868150726
0.609176018042
0.00460536312312

layerTime
0.00452196202241
1.25327055692
0.00212291395292
0.00177673297003
2.92219401803
0.00209784787148
0.193088865839
0.00192237691954
2.88886985788
0.0021198738832

checksumTime
0.00364061794244
0.00221997196786
0.00202661496587
0.00159919005819
0.00226109405048
0.00192964798771
0.00221748300828
0.00198934506625
0.00401441100985
0.0093351630494




layer number :  10
8.28237172798
0.0407373139169

jsonTime
0.0296010121237
0.160844583064
0.00478589301929
0.00455836206675
0.306704310933
0.00498411501758
0.0729673649184
0.00476992200129
0.453218183946
0.0125407378655

layerTime
0.00737460004166
1.42781183985
0.00203447998501
0.00193579588085
2.9366853151
0.00233645411208
0.180770195089
0.00225352402776
2.5888544831
0.0043287880253

checksumTime
0.00408024992794
0.00282927206717
0.0018710650038
0.00189323211089
0.00204630079679
0.00178869604133
0.00208919495344
0.00184495095164
0.00219304999337
0.00947867007926




