layer number :  19
121.328368827
0.0559618521947

jsonTime
0.029140291037
3.17760832212
0.0406933960039
0.0134197801817
0.00457889493555
0.00447152112611
0.0043312178459
2.82640649611
0.00549854617566
0.00482492381707
0.013083960861
7.25897662714
0.909222197952
0.0151792699471
0.00571571500041
1.545465698
0.0774737279862
0.00473546702415
0.00424649403431

layerTime
0.00778617616743
24.3391941229
0.0204553650692
0.00522249494679
0.00183283304796
0.00195720884949
0.00205828016624
26.4333925289
0.00204522092827
0.00214968202636
0.00471306708641
39.6855991979
4.15341272205
0.00527008506469
0.00211680494249
10.5107763002
0.0757103650831
0.00223770691082
0.00193282798864

checksumTime
0.00411233189516
0.00225239386782
0.00190825294703
0.00213818205521
0.00205695186742
0.00174043211155
0.00155070284382
0.00234614498913
0.00173937808722
0.00195580208674
0.00200576498173
0.0130791650154
0.00233508995734
0.00230203801766
0.00174974696711
0.00222046580166
0.00213850708678
0.00179759506136
0.0182887588162




layer number :  19
125.340930708
0.0540543801617

jsonTime
0.0291008518543
3.20897231111
0.0591965690255
0.0139286511112
0.00452227005735
0.0042571190279
0.0046774900984
2.52205736889
0.00594977894798
0.00468877819367
0.00517930602655
8.28601505398
0.795970540959
0.0135327230673
0.00502352416515
1.49221932399
0.0822023430374
0.00457662995905
0.0132614800241

layerTime
0.00800322811119
25.13466819
0.00332209793851
0.00513722700998
0.00231103412807
0.00185262598097
0.00196548504755
26.6458190822
0.0026564411819
0.00226561585441
0.00225416198373
41.1335083121
4.53135736799
0.00481180404313
0.00196594791487
11.1164187458
0.0658349879086
0.00215066294186
0.00344349001534

checksumTime
0.0042805778794
0.00223957886919
0.00210507703014
0.00215546484105
0.00204065791331
0.00159485288896
0.00179788097739
0.00230424990878
0.0021143828053
0.00196826201864
0.0018163130153
0.0124863090459
0.0022162029054
0.00208352785558
0.00202184612863
0.00237913313322
0.00214770599268
0.00195991201326
0.0103072349448




layer number :  19
128.270958916
0.0665982018691

jsonTime
0.00771386502311
2.73133931193
0.0609662148636
0.00581913883798
0.00482190493494
0.00471778120846
0.0138648108114
2.73662293004
0.00524869305082
0.0047750629019
0.0052847401239
7.47353156912
0.751993311103
0.00508390902542
0.00489073293284
1.64457908995
0.0852445049677
0.00456829112954
0.0124173250515

layerTime
0.00428978097625
26.352458925
0.00885239313357
0.00217684102245
0.00223805103451
0.00216874084435
0.00537225417793
27.744715845
0.00236375816166
0.00209773308598
0.00242048595101
42.6364912789
4.38578312099
0.0023639339488
0.00201074406505
11.3355250012
0.065838774899
0.00222554686479
0.00310546089895

checksumTime
0.00342927104793
0.00241158111021
0.00198298995383
0.00181763805449
0.00201846193522
0.00186600815505
0.00232708198018
0.0197827108204
0.00195068493485
0.0017438728828
0.00172305293381
0.0144707029685
0.00208687898703
0.00227678008378
0.00173441693187
0.00224429601803
0.00212907092646
0.00165725010447
0.00888963695616




layer number :  19
137.415785046
0.0580242639408

jsonTime
0.00785858603194
2.78134631086
0.0638048849069
0.010885752039
0.0260026950855
0.0082461789716
0.00809229910374
3.04383147205
0.00525148608722
0.00488710799254
0.0128734849859
7.64701484586
1.14366655797
0.0128651501145
0.00513249519281
1.54134158418
0.0795579340775
0.00433919695206
0.00460121082142

layerTime
0.00424280692823
27.9325744901
0.0671510710381
0.00548572908156
0.0106293580029
0.00460136518814
0.00447686086409
29.1250929039
0.00197058403865
0.00192633410916
0.00469590909779
46.9225429271
5.19884118787
0.00438414304517
0.00216466002166
11.486063675
0.0656516531017
0.00228113890626
0.00229826103896

checksumTime
0.00364840612747
0.0218303580768
0.00404181797057
0.0046169818379
0.00431633088738
0.00409131892957
0.00399868702516
0.0021377550438
0.00171423284337
0.00182787398808
0.0018924169708
0.0207996671088
0.00210152496584
0.00214080582373
0.00193722778931
0.00234592380002
0.00229599000886
0.0020485301502
0.0096658221446




layer number :  19
149.766758285
0.0605093711056

jsonTime
0.0296025159769
3.139328941
0.0468557241838
0.00559557997622
0.0046348401811
0.00425489712507
0.004394588992
3.37449036818
0.00561949098483
0.00434276810847
0.0129126568791
7.82879096689
0.755534495926
0.0264851460233
0.00938488217071
1.78819899005
0.0757228191942
0.00526104914024
0.00473911804147

layerTime
0.00755576603115
28.964170089
0.00610590283759
0.00205158698373
0.00199357280508
0.00198813993484
0.00226048193872
30.8765500269
0.00225091306493
0.00185192399658
0.00465230504051
53.6073460691
5.28591247601
0.00950056198053
0.00468313298188
13.664516222
0.0757308967877
0.00227276491933
0.00212099310011

checksumTime
0.00414596009068
0.00207478390075
0.00214886106551
0.00189193594269
0.0016083070077
0.00170106999576
0.00175322103314
0.00216311099939
0.00197252188809
0.00186628196388
0.00219792802818
0.00227149808779
0.00412729009986
0.00452291383408
0.0040661948733
0.00311585795134
0.00220599304885
0.00196467596106
0.00903344480321




layer number :  19
152.699115635
0.0576255840715

jsonTime
0.00747290998697
2.35249259998
0.0412876040209
0.0053030368872
0.00491679389961
0.00457384716719
0.0128626190126
2.774608518
0.00560862990096
0.00457448302768
0.00478717684746
7.40584059805
1.21959055192
0.00513342698105
0.00474008102901
1.45998354186
0.0931805700529
0.00847173086368
0.00812752405182

layerTime
0.00415207515471
31.6245736091
0.0206139520742
0.00200007110834
0.00204373896122
0.00205376395024
0.00497048394755
34.1872278431
0.00215607206337
0.00206886581145
0.00217807316221
51.8724142159
5.16644919408
0.00229667103849
0.00209107506089
13.998089391
0.208268409129
0.00419185007922
0.00417528301477

checksumTime
0.00345387589186
0.00217604497448
0.00186567590572
0.00181444105692
0.00189559697174
0.0017242860049
0.00218348391354
0.0197866510134
0.00188863510266
0.00170762720518
0.00206544483081
0.0133742741309
0.0173925978597
0.0019607860595
0.00186647498049
0.00432597892359
0.00419916398823
0.00383938197047
0.0166033180431




layer number :  19
155.540313076
0.0714597948827

jsonTime
0.00777148618363
3.20061197598
0.324188445928
0.0276905859355
0.00861932593398
0.00819872808643
0.00810599606484
3.13156498689
0.00967156281695
0.00795291783288
0.00954031106085
8.21620474104
1.1658270678
0.018992834026
0.00480060302652
1.57471692702
0.105154465884
0.00841267686337
0.0255501060747

layerTime
0.00422854395583
31.4669043
0.0872333981097
0.0109354199376
0.00441978708841
0.00440007587895
0.00446326099336
33.9454738351
0.00441954704002
0.00446144421585
0.00453825504519
52.3066011448
5.58995035314
0.00251219514757
0.00214162701741
13.876523203
0.180960336002
0.00417749700136
0.00708094285801

checksumTime
0.00364181003533
0.00219363393262
0.00433727796189
0.00424695713446
0.00422823685221
0.00377520499751
0.00358831509948
0.00435348204337
0.00388443912379
0.00375934084877
0.00356753193773
0.0137221182231
0.00215256283991
0.00187067082152
0.00156576512381
0.00434554205276
0.00406042812392
0.00387961603701
0.0189945960883




layer number :  19
156.399238521
0.057969965972

jsonTime
0.00775431515649
3.20926551707
0.648341921158
0.00979033089243
0.00891893007793
0.00826266896911
0.0084463651292
3.17001877399
0.0131366450805
0.00463444809429
0.00516735203564
7.87894480582
1.24467791105
0.00977830705233
0.0259312610142
1.85066601192
0.102059251862
0.00811197282746
0.008448560955

layerTime
0.0041808669921
32.2513894751
0.0672275538091
0.00463391002268
0.00455041695386
0.00408268184401
0.00414449581876
35.1068309539
0.00506906583905
0.00219351402484
0.00200302992016
51.00099391
5.349149619
0.00450329110026
0.00942464591935
13.951669829
0.178582280176
0.00427204719745
0.00441452884115

checksumTime
0.00373550481163
0.0157907519024
0.00845821411349
0.00365115702152
0.00398230808787
0.00377915706486
0.00372427119873
0.00205899402499
0.00201322906651
0.00214731390588
0.0019189871382
0.0344531300943
0.0167986918241
0.00371329393238
0.0042432511691
0.022094499087
0.003915556008
0.00381827098317
0.0175989291165




layer number :  19
156.619694314
0.0584254511632

jsonTime
0.0081710529048
2.86918551195
0.0596528609749
0.0054008460138
0.00450312485918
0.0042184991762
0.00435554096475
3.01262495387
0.00525990594178
0.0122335089836
0.00501945498399
8.47556676902
0.787029091036
0.026590319816
0.00927433697507
1.87317320402
0.0692469100468
0.00830168509856
0.00828277389519

layerTime
0.00420061708428
32.150775905
0.0251620919444
0.00207740208134
0.00187341496348
0.00205383100547
0.0020268491935
34.8806526961
0.00211493996903
0.00462785502896
0.00213335384615
52.7828974118
5.23345209891
0.00977526302449
0.00463288207538
13.941629583
0.168009469984
0.00432652886957
0.00428664311767

checksumTime
0.00360565190203
0.00205659912899
0.00238189101219
0.00205360702239
0.00172325503081
0.00175526482053
0.00179959600791
0.00214274087921
0.00207277713344
0.00192228704691
0.00196049315855
0.0212011600379
0.0042050331831
0.00422675698064
0.00394701305777
0.00325190997683
0.00405701389536
0.00393585115671
0.0164180949796




layer number :  19
156.266234485
0.0565889589489

jsonTime
0.00870748911984
2.82286394807
0.0812200210057
0.0101522880141
0.00874752993695
0.00924844387919
0.00820441101678
3.20122302719
0.0131315481849
0.00465985294431
0.00464184209704
8.16846837709
1.19594251597
0.00949168996885
0.0262363159563
1.794549332
0.076485904865
0.00460498803295
0.00441675493494

layerTime
0.00429923995398
31.818797759
0.0774498290848
0.00443362304941
0.00410986202769
0.0041740720626
0.00408765790053
34.2572259489
0.00488072400913
0.00216863909736
0.00207739090547
53.244422233
5.25019308692
0.00453345803544
0.00928825000301
13.871058559
0.0756904790178
0.00191884394735
0.00211507198401

checksumTime
0.00346439401619
0.0218320728745
0.00428890693001
0.00373142096214
0.00367525708862
0.00357238505967
0.00395266991109
0.00219211098738
0.00205107592046
0.00193429086357
0.00156002794392
0.0239660141524
0.00412280508317
0.00407738401555
0.00404853490181
0.0023075460922
0.00214789109305
0.00159601401538
0.0174471070059




