layer number :  35
118.731119745
0.141982054105

jsonTime
0.0085814120248
3.04872707999
0.040624627145
0.00525805796497
0.00469958386384
0.00432508392259
0.00501513388008
0.00441086897627
0.00422066799365
0.00447536888532
0.00405724998564
5.27194347885
0.00508158816956
0.0629620410036
0.0869818478823
0.00840020691976
0.0252751349472
0.00844012503512
0.00805486110039
0.00808927114122
0.00891125504859
0.00890986202285
0.0256004191469
0.00822558905929
0.0109805171378
0.00799356610514
1.43852285109
0.00566348596476
0.0618933250662
1.01904416294
0.112165748142
0.704723198898
0.00495311594568
0.144969226792
0.00580444000661

layerTime
0.0041736101266
23.485509126
0.0203301298898
0.00220005190931
0.00194781599566
0.00206763716415
0.0100697351154
0.00210774107836
0.0018655480817
0.00188028602861
0.00175112904981
56.6595781671
0.00209756894037
0.0657736610156
0.641051657032
0.00441839406267
0.0110054609831
0.00440812995657
0.00446182698943
0.0042463678401
0.00414259009995
0.00438508600928
0.00589578202926
0.00448375800624
0.00451000197791
0.00423211092129
8.14095675503
0.00216517108493
0.03556526592
9.57897681999
0.357660196023
6.38824053505
0.00205470412038
0.825924779056
0.00232963101007

checksumTime
0.00376704195514
0.00209733494557
0.00167037011124
0.00176970707253
0.00173146510497
0.00181823200546
0.00496200891212
0.00161204091273
0.00171152199619
0.00165984709747
0.00189967895858
0.00208831089549
0.00179422297515
0.00193072902039
0.00400255504064
0.00404603499919
0.00437562307343
0.0039694539737
0.00363589590415
0.00381137500517
0.00352604081854
0.00367736397311
0.00412389286794
0.00407702894881
0.00440346589312
0.0036021459382
0.0023298219312
0.00194475799799
0.00191085203551
0.00299969990738
0.00225044600666
0.0026288209483
0.00209928909317
0.00236885203049
0.0104295578785




layer number :  35
121.046756369
0.0898381061852

jsonTime
0.00877967197448
2.9091163259
0.0408604221884
0.0132668120787
0.00465770391747
0.0060686499346
0.00996764493175
0.00841437792405
0.00815340783447
0.00864500785246
0.00836496497504
6.08750366117
0.00495451595634
0.0629913001321
0.111066021957
0.00930142984726
0.0255779509898
0.00847374903969
0.00821879296564
0.0082796481438
0.00799806695431
0.00827618618496
0.0252191950567
0.0084234890528
0.0117941938806
0.00825227890164
1.41172608198
0.00538106099702
0.061738448916
1.04777556309
0.106124252081
0.810800660169
0.00455070706084
0.138144409051
0.00467662792653

layerTime
0.00444420101121
24.3147619229
0.0202159448527
0.0052160108462
0.00201388797723
0.00418785703368
0.00450073787943
0.00446544704027
0.00417710398324
0.00480672507547
0.00450969394296
56.344007256
0.00209194119088
0.0499804180581
0.60078729596
0.00461536902003
0.0105294289533
0.00448580994271
0.00442679412663
0.0044452638831
0.00444298703223
0.00412716995925
0.00638612103648
0.0045761349611
0.00463675707579
0.00432104314677
8.3745606211
0.00217130081728
0.0355064601172
9.76021174295
0.722000568872
6.16962819383
0.00228967494331
1.29440317093
0.00217516208068

checksumTime
0.00402916502208
0.00212044897489
0.00195789104328
0.0021499611903
0.00193141703494
0.00395747111179
0.00383038306609
0.00369579717517
0.0207728471141
0.00393696012907
0.00393205392174
0.00226679886691
0.00202463380992
0.0163181859534
0.00425693113357
0.00424400204793
0.00440613995306
0.00414417008869
0.00393557385541
0.00389867997728
0.00375094497576
0.00378027791157
0.00406108191237
0.00418355106376
0.00402176100761
0.00424223789014
0.00238011404872
0.00196616211906
0.00193291087635
0.00308774900623
0.00423792400397
0.00253311498091
0.00179222715087
0.00207884307019
0.0096160818357




layer number :  35
119.959184531
0.0937204631045

jsonTime
0.00910253403708
3.17230199301
0.0585016498808
0.0134920668788
0.00478859408759
0.00417554494925
0.00412067607976
0.00403355597518
0.0040779679548
0.00497771496885
0.00394055782817
5.599783757
0.00885934499092
0.0664642860647
0.103836577851
0.00450010597706
0.0124383741058
0.00461729802191
0.00428369501606
0.00421865307726
0.00413103494793
0.00392919196747
0.0123364350293
0.00428532506339
0.00558088999242
0.00414257403463
1.05588866817
0.00531991012394
0.0617939298972
1.18080508499
0.0945021670777
0.791684479918
0.00523762381636
0.137179996818
0.00485401996411

layerTime
0.00430509494618
23.864820045
0.00423960201442
0.00533789605834
0.00222324905917
0.00185140105896
0.00203922903165
0.00204871105962
0.00208936305717
0.00223063095473
0.00220385706052
56.5921608729
0.00400189193897
0.150093700038
0.763323324034
0.00202618492767
0.00502346502617
0.002049457049
0.00206995289773
0.00190241192468
0.00208829203621
0.00194804789498
0.00316799501888
0.00217371899635
0.00191306509078
0.00199222704396
8.00992442784
0.00213721790351
0.0356909199618
10.0627403629
0.483782042051
6.44694869709
0.0021493230015
0.816131351981
0.00236098398454

checksumTime
0.00370117812417
0.00365045899525
0.0020784761291
0.00211243797094
0.00196398887783
0.00190091598779
0.0018380288966
0.00176533404738
0.0100480869878
0.00166128808632
0.00183384609409
0.0165444100276
0.00340041704476
0.00341427698731
0.0020679871086
0.00177305703983
0.00214187288657
0.00219648401253
0.00162510899827
0.00170820998028
0.00177227007225
0.00180721003562
0.00199046498165
0.00205667689443
0.00166570092551
0.00172320893034
0.00238411105238
0.00211114902049
0.00195194222033
0.00295168487355
0.00412929290906
0.00212041311897
0.00187224918045
0.00219117919914
0.0104725868441




layer number :  35
121.620449426
0.0904637188651

jsonTime
0.00793796684593
3.0823827188
0.0423904119525
0.0135947118979
0.00467801303603
0.00435299403034
0.00445439293981
0.00436648610048
0.00511247687973
0.00462052389048
0.00423273700289
5.70997587405
0.00616787793115
0.0630977449473
0.0895210618619
0.0083333181683
0.025123836007
0.00908448500559
0.00804700702429
0.00780152808875
0.00829976098612
0.00778407999314
0.0232885840815
0.00824020104483
0.00997315114364
0.00800508703105
1.39619604591
0.00438509997912
0.0596799489576
1.06102256593
0.108364339918
0.695061568869
0.00630195508711
0.175438245991
0.0056564300321

layerTime
0.00415604002774
24.005820113
0.020573773887
0.00522189517505
0.00225187581964
0.00195848708972
0.00192009285092
0.00184118677862
0.00195729103871
0.00218028808013
0.00208693789318
57.107738944
0.00225292006508
0.0658733199816
0.935674507171
0.00444001983851
0.0106488040183
0.00414226902649
0.00394359184429
0.00408310187049
0.00453800195828
0.00415273010731
0.0057239017915
0.00396108301356
0.00398311298341
0.00408340990543
8.32165670209
0.00216918205842
0.0141591459978
9.85138487397
0.408167175949
6.40320878616
0.00457831495441
1.49604463601
0.00246132304892

checksumTime
0.0040296651423
0.0020322741475
0.00191840413027
0.00199503195472
0.00197918107733
0.0017468649894
0.00168007612228
0.00190188619308
0.00941777904518
0.00204668007791
0.00223614601418
0.0166903559584
0.00187128805555
0.00214145705104
0.00408622180112
0.00392726412974
0.00412371591665
0.00329811405391
0.00339250010438
0.00372365000658
0.00387029605918
0.00380879594013
0.00440600514412
0.00364998984151
0.00337427598424
0.00317290611565
0.00239557679743
0.00195164210163
0.0020408181008
0.00314069306478
0.00236068014055
0.00230281078257
0.00414052000269
0.00230143195949
0.00912588299252




layer number :  35
121.345916278
0.0861998819746

jsonTime
0.00813339580782
2.96794841089
0.0595415891148
0.0139693359379
0.00453023100272
0.00498055992648
0.00417023687623
0.00447569717653
0.00412728800438
0.00455026095733
0.0043353298679
5.64240666805
0.00533013511449
0.0836678869091
0.0860105957836
0.00845161406323
0.0221912011039
0.00770964706317
0.00717027205974
0.00690993200988
0.00666244700551
0.00672726612538
0.0204962790012
0.00675013707951
0.00961982784793
0.00694587198086
1.26901657111
0.00507345004007
0.0722521001007
1.07619600184
0.103866450954
0.810340623837
0.00492882798426
0.150486534927
0.00487044802867

layerTime
0.00417200708762
24.5361456121
0.00450958800502
0.00536959897727
0.00224048597738
0.00204223301262
0.00192312709987
0.00191014492884
0.00193289387971
0.00208697491325
0.00191938201897
56.9644460629
0.00226239580661
0.0455399760976
0.885213459143
0.00405289791524
0.0107631189749
0.00379931204952
0.0034598049242
0.00354988290928
0.00333573087119
0.00325145293027
0.00513877416961
0.0037137249019
0.00369759602472
0.00416666292585
8.35321908304
0.00208958797157
0.00851913890801
9.72949914611
0.429317411967
6.28212823113
0.0022790778894
1.32295627403
0.00212374096736

checksumTime
0.00388795998879
0.00227745692246
0.00195313803852
0.00223543308675
0.00189495994709
0.00173604208976
0.00169364688918
0.00177810806781
0.0100665490609
0.00179709610529
0.00174515414983
0.00234552496113
0.00206663110293
0.00199800007977
0.00334589299746
0.00361007591709
0.00883643189445
0.00357280904427
0.00306734303012
0.00316185806878
0.0030745130498
0.00301270186901
0.00326284393668
0.00337774911895
0.00302680907771
0.00300529995002
0.00244406587444
0.00193553999998
0.0018826040905
0.00320981699042
0.00424940115772
0.00231925700791
0.00191212305799
0.00210810708813
0.00815845094621




layer number :  35
122.462777015
0.0883960959036

jsonTime
0.00843775388785
3.11312445602
0.0605463108514
0.00542199914344
0.0139127168804
0.00468240096234
0.00431338208728
0.00448978506029
0.00435569905676
0.0044927331619
0.0131065249443
5.71899377089
0.00528488005511
0.0637995710131
0.0821201000363
0.00480860192329
0.00425047520548
0.0124699270818
0.00463742902502
0.00436865817755
0.00499348016456
0.00423838803545
0.00421318016015
0.0121423441451
0.00575306592509
0.00412751408294
1.06944793183
0.00482713989913
0.0720809008926
1.06524024298
0.105602845084
0.694204258034
0.00548899290152
0.152755772928
0.0047167041339

layerTime
0.00421340903267
24.844350694
0.00587668712251
0.00223042583093
0.00522027397528
0.00192814203911
0.00202749902382
0.00187740987167
0.00203245901503
0.00200376682915
0.00316602806561
57.680137956
0.00216446490958
0.0658426121809
0.690473512048
0.0018658710178
0.00201201392338
0.00533751002513
0.00213950988837
0.00203372887336
0.00186112779193
0.0020320599433
0.00203180802055
0.00325589394197
0.00223225099035
0.00216581998393
8.15255124005
0.00202608015388
0.0155455379281
10.266487692
0.387920289068
6.45001661987
0.00220221793279
1.32775957999
0.00216045905836

checksumTime
0.00385966594331
0.00220751413144
0.00188832287677
0.00198026513681
0.00218419008888
0.00203730096109
0.0016580899246
0.00166872702539
0.00170607492328
0.00165782705881
0.00207000807859
0.00222608703189
0.00201690988615
0.00223750481382
0.00222440203652
0.00180154992267
0.00195957790129
0.00206938898191
0.00175813701935
0.00186663796194
0.00179000315256
0.00164008885622
0.00160504481755
0.001839278033
0.0019094850868
0.00189755298197
0.00232120906003
0.00196629203856
0.00193614698946
0.00216070702299
0.0022604749538
0.00221312511712
0.00206641713157
0.00218212394975
0.00922123994678




layer number :  35
122.828630733
0.104792601196

jsonTime
0.00830124202184
3.21206128504
0.040517349029
0.00532354507595
0.0045660759788
0.0124718348961
0.00485522998497
0.00527097098529
0.00449398998171
0.00444402103312
0.00537892407738
5.15927278809
0.00525258015841
0.0643308660947
0.103722697822
0.0082938419655
0.00830611889251
0.00846577691846
0.0249850440305
0.00843981397338
0.00906650093384
0.00819401000626
0.00815979391336
0.00834011496045
0.0287350879516
0.00914518884383
1.38636952103
0.0125712880399
0.0620528128929
1.593811434
0.101397756021
0.818510062993
0.00477429409511
0.137105640024
0.00457074912265

layerTime
0.00439002900384
24.5535521421
0.0205891309306
0.00194143387489
0.00205890205689
0.00529613904655
0.00247942004353
0.00238987011835
0.00225865608081
0.00228424207307
0.00202652392909
57.7667863099
0.00239824177697
0.171545314835
0.974419969134
0.00470724306069
0.00439698901027
0.00429449114017
0.0105244370643
0.00441046594642
0.00461065513082
0.00433612498455
0.00419121910818
0.0042727580294
0.00595059501939
0.0042305639945
8.1232619849
0.00442601903342
0.0354653629474
9.90701615089
0.471721623093
6.80575338588
0.00235401699319
0.794653723016
0.00200785393827

checksumTime
0.00373854092322
0.00195716693997
0.00210102205165
0.00179660902359
0.0017343419604
0.00238987011835
0.00215117889456
0.00190702290274
0.00210412382148
0.00204834202304
0.00175258796662
0.00879237498157
0.00176507607102
0.00391715322621
0.00386952189729
0.00406734808348
0.00391362002119
0.00402643391863
0.00368445296772
0.00370604707859
0.00410334882326
0.00376534811221
0.00360159296542
0.0037799179554
0.00414117914625
0.0039994311519
0.00218564388342
0.00195795111358
0.00232931412756
0.00215445295908
0.0042214600835
0.0019925259985
0.00203938991763
0.00204131496139
0.00973696494475




layer number :  35
123.144723353
0.0914839750621

jsonTime
0.00820211297832
2.95979014784
0.0602620681748
0.0182368999813
0.00446254014969
0.00435861386359
0.00447607785463
0.0130716559943
0.00448366091587
0.00422362587415
0.00426650117151
5.41615222907
0.0064822989516
0.0648400969803
0.0834881621413
0.00891461013816
0.00822807499208
0.00821684789844
0.008465196006
0.00856989179738
0.0251271361485
0.00865540001541
0.00845997384749
0.00818188278936
0.0109492749907
0.0251004861202
1.37549286312
0.00469834008254
0.062213961035
1.03826194815
0.106030754978
0.822888507973
0.00485796714202
0.171530728927
0.00482660718262

layerTime
0.00419571110979
24.8277035931
0.00763366697356
0.0025456729345
0.00226352293976
0.00226774299517
0.0021247130353
0.00397519208491
0.00254175812006
0.00226175109856
0.00231538293883
58.233203324
0.0024548729416
0.0758902179077
0.823728019837
0.00444507598877
0.0042511599604
0.0045095840469
0.00452498486266
0.00416509900242
0.00599921587855
0.00456464802846
0.00423046411015
0.00455316808075
0.00420815008692
0.00603222893551
8.24382690201
0.00237696594559
0.0433567010332
10.1200950549
0.732026075013
6.31186040118
0.00229640095495
1.06276508304
0.00219133193605

checksumTime
0.00377419497818
0.00225987494923
0.00177709804848
0.00211528688669
0.00187467806973
0.00215921318159
0.00180648593232
0.00212340499274
0.00184389203787
0.00198018387891
0.00183645891957
0.00246473797597
0.00206352211535
0.00227832305245
0.00441248994321
0.00364090595394
0.00426691118628
0.00385433202609
0.00390496314503
0.00357155199163
0.00404261099175
0.00392064615153
0.00398601405323
0.00392705993727
0.00396777689457
0.00427190493792
0.00237347790971
0.00185141805559
0.0028850408271
0.00225567002781
0.00543753500096
0.00233840383589
0.00184463197365
0.00214779493399
0.00854575098492




layer number :  35
123.402361286
0.118095071055

jsonTime
0.00764584681019
3.09028000198
0.06009287294
0.00540651287884
0.00462949811481
0.00459921499714
0.0173137530219
0.00447551696561
0.00436584698036
0.00422321283258
0.0130024619866
5.69746811292
0.00497995293699
0.0429220900405
0.0866593760438
0.00826302799396
0.00881792209111
0.0232899128459
0.00723339780234
0.00715603190474
0.00724894902669
0.00711631611921
0.00775759806857
0.0223144739866
0.00992524297908
0.00722702406347
1.32739782007
0.00591348391026
0.06209068303
1.06886936305
0.0891889128834
0.856476523913
0.00499797100201
0.156288967002
0.00517588481307

layerTime
0.00447814003564
24.626022002
0.00730409799144
0.00206726207398
0.00234255287796
0.00218069390394
0.00241757999174
0.00229897187091
0.00222032889724
0.00238307705149
0.00338603183627
57.6231507831
0.00210865610279
0.0683671201114
0.652712648967
0.00455902190879
0.00441774586216
0.0092724149581
0.00359881808981
0.00390115310438
0.00383554608561
0.00359415984713
0.0034954471048
0.00517301307991
0.00408985116519
0.00368952285498
8.136928024
0.002194120083
0.0355690619908
10.106595777
0.785502055194
6.75053481502
0.00220982101746
1.54747384111
0.00230145314708

checksumTime
0.00387901905924
0.0022874600254
0.0021173201967
0.00176698784344
0.00178134022281
0.00197137799114
0.00212105805986
0.0020179701969
0.0020201341249
0.00202031410299
0.00204263906926
0.00221688393503
0.00210195989348
0.0178460569587
0.00419355300255
0.00413813907653
0.00400115712546
0.00377927720547
0.00337704108097
0.00355945480987
0.00351178599522
0.00329924793914
0.00340932887048
0.00364399794489
0.00329673988745
0.00344595103525
0.00218668603338
0.00213428284042
0.00211273715831
0.0022288209293
0.00423559988849
0.00236060400493
0.00195066304877
0.00206251698546
0.0101217010524




layer number :  35
121.619979828
0.123090549139

jsonTime
0.00792853091843
3.06885826006
0.0596186341718
0.00525401602499
0.00440023699775
0.012129768962
0.00436019012704
0.00468719494529
0.00442454591393
0.00410340586677
0.00442412705161
5.82338659116
0.0261296958197
0.063227979932
0.0897554419935
0.00840468308888
0.00893715396523
0.0254651559517
0.00838475301862
0.00862132292241
0.00793605204672
0.00800974806771
0.00832776888274
0.0252053411677
0.0108292708173
0.00819487194531
1.42569536506
0.00489364098758
0.0618026019074
1.0037542379
0.0467279080767
0.821544511942
0.00451168883592
0.158415602054
0.00444049783982

layerTime
0.0040862520691
24.4463297289
0.00319010904059
0.00204767310061
0.00184996705502
0.0049566058442
0.00191516987979
0.00220456812531
0.00222167302854
0.001885951031
0.00201009307057
57.2020284568
0.00592710706405
0.0503984971438
0.661215781933
0.00443233898841
0.00442786002532
0.00628665811382
0.00425262004137
0.00429625110701
0.00420157588087
0.00430265185423
0.00424704700708
0.00565495784394
0.00460857502185
0.00431714789011
8.25228958298
0.0022275520023
0.0354715210851
9.76646671095
0.540232429048
6.77128624613
0.00205825199373
0.719017027877
0.00205656909384

checksumTime
0.00379067799076
0.00211755093187
0.00196416280232
0.00190529599786
0.00169403501786
0.0020144530572
0.00210895505734
0.00180586287752
0.00183924217708
0.0016433999408
0.00287573388778
0.00233119516633
0.00228114100173
0.0157057619654
0.00403904193081
0.0037851750385
0.00377248693258
0.00422799703665
0.00423709396273
0.00394070288166
0.00360662909225
0.00394254014827
0.00377747695893
0.00402274518274
0.00434857816435
0.00381297501735
0.00233648298308
0.00191040406935
0.00176030304283
0.00211423099972
0.00390971894376
0.00210804701783
0.00163166713901
0.00210057711229
0.00855213403702




