layer number :  9
0.999388312921
0.0604602689855

jsonTime
0.0156426739413
0.0323560240213
0.0547806979157
0.01787224703
0.0158480630489
0.0312902439618
0.0158107039751
0.0166480389889
0.0148076179903

layerTime
0.0122497050324
0.012537496048
0.488647898077
0.0122533700196
0.0122632290004
0.0123995760223
0.0123112399597
0.0118692340329
0.0122311270097

checksumTime
0.011928841006
0.0121490149759
0.0117194269551
0.0119679549243
0.0119531450327
0.0119587830268
0.0119488299824
0.0117034639698
0.0311342210043




layer number :  9
1.00047798606
0.062146309996

jsonTime
0.0331564040389
0.0157867500093
0.0516372900456
0.0327096660621
0.015881774947
0.0157319719438
0.0154089829884
0.0171991980169
0.0162482439773

layerTime
0.012524803984
0.0122852260247
0.489939238993
0.0123490520054
0.0122619970934
0.0123875379795
0.0125386889558
0.0123050359543
0.0122421010165

checksumTime
0.0120192139875
0.0120369099313
0.0119942739839
0.0119835869409
0.0121256629936
0.0119637080934
0.0121564900037
0.0119862840511
0.0287782390369




layer number :  9
1.00941025396
0.0620209060144

jsonTime
0.015505684074
0.0157719339477
0.0518454280682
0.0169863019837
0.015724116005
0.0155154900858
0.0156508419896
0.0329771429533
0.0150840700371

layerTime
0.0123470179969
0.0123444750207
0.516694851918
0.0122750910232
0.0122624529758
0.0122725350084
0.0122142010368
0.0122121910099
0.0119418649701

checksumTime
0.012028186
0.0119985479396
0.0121056720382
0.0119550620439
0.0120815149276
0.0120058279717
0.0119526250055
0.0117513620062
0.0311441579834




layer number :  9
0.997150658979
0.062191962963

jsonTime
0.0151522610104
0.0315192299895
0.0518466950161
0.0168261770159
0.0314156300155
0.0157650710316
0.0157073499868
0.0168356579961
0.0156371309422

layerTime
0.0122203349601
0.0123670450412
0.48984071298
0.012315246975
0.0123752730433
0.0122636569431
0.012236834038
0.0122671319405
0.0122383980779

checksumTime
0.0119540860178
0.0119779129745
0.011743495008
0.0119972230168
0.0121759419562
0.0119448830374
0.0119852930075
0.0119759070221
0.0296623950126




layer number :  9
0.996142902994
0.0624583760509

jsonTime
0.031958578038
0.0159787499579
0.0519779110327
0.0166795470286
0.0297042629682
0.0155187500641
0.015367162996
0.0164739210159
0.0154243460856

layerTime
0.0124431439908
0.0120532369474
0.489819401992
0.0122526149498
0.012405144982
0.0122779440135
0.0122925449396
0.012322096969
0.0123453990091

checksumTime
0.0119764470728
0.0120187060675
0.0119790049503
0.0118876850465
0.011967509985
0.0120510970009
0.0120353590464
0.0119336609496
0.0298384669004




layer number :  9
0.999515251955
0.0604774400126

jsonTime
0.0329434080049
0.0158663549228
0.0517832130427
0.0328226460842
0.0156440049177
0.0161846739938
0.0176855151076
0.0165939199505
0.0159133250127

layerTime
0.0122785959393
0.0122481880244
0.488228137023
0.012313905987
0.0121791739948
0.0122849160107
0.0122626639204
0.0122965640621
0.0123968520202

checksumTime
0.0120184310945
0.0118679299485
0.0121129399631
0.0119325449923
0.0119365140563
0.0119455149397
0.0119492410449
0.0119396949885
0.0307011828991




layer number :  9
0.997485262924
0.0597145389766

jsonTime
0.0155083920108
0.0154470100533
0.0519583109999
0.0163800879382
0.0152899679961
0.0151584359119
0.0159915999975
0.0289831879782
0.0154902959475

layerTime
0.0123426440405
0.0121949559543
0.512884913944
0.0121940320823
0.0122075719992
0.0121666820487
0.0123020099709
0.0121885780245
0.0121567279566

checksumTime
0.0119789988967
0.0120107340626
0.0119064140599
0.0117840669118
0.0118547281018
0.0119084489997
0.0119206670206
0.0120216490468
0.0308158160187




layer number :  9
0.996985267964
0.0599161029095

jsonTime
0.0154680230189
0.031600782997
0.0521561750211
0.0171986949863
0.0314378939802
0.0160491410643
0.0158099640394
0.0171238930197
0.0155125289457

layerTime
0.0123986969702
0.0121261919849
0.490487191011
0.0123362420127
0.0122658510227
0.0123702830169
0.012326439959
0.012295366032
0.0122529040091

checksumTime
0.0119857970858
0.011955395923
0.0120706079761
0.012004195014
0.0119121769676
0.0119601959595
0.0119076690171
0.0120305779856
0.0295678470284




layer number :  9
0.997374831
0.0620268259663

jsonTime
0.0319267340237
0.0150955279823
0.0524675170891
0.0172766710166
0.0316051230766
0.0157287920592
0.0155656589195
0.016583941062
0.0156905889744

layerTime
0.0123286399757
0.0121562029235
0.489443806931
0.0122582269832
0.0123927328968
0.0122669819975
0.0122886360623
0.0123307099566
0.0122982149478

checksumTime
0.0115435130429
0.0119430630002
0.0119406429585
0.0119611170376
0.0119375010254
0.0119538099971
0.0119744419353
0.0119677070761
0.0297860780265




layer number :  9
1.00290878303
0.0645715759601

jsonTime
0.0327825869899
0.0157420180039
0.0526379189687
0.0328103610082
0.0159235349856
0.0157258670079
0.0163624560228
0.0164781999774
0.015144487028

layerTime
0.012325030053
0.0122302259551
0.489004255971
0.0123436020222
0.0123215150088
0.0122537889984
0.0122312059393
0.0122774500633
0.0125335870543

checksumTime
0.0119480449939
0.0120062320493
0.0119720670627
0.0119841339765
0.012071989011
0.0120354889659
0.0116764820414
0.0117767269257
0.0309754830087




