layer number :  15
220.932517764
0.0742720130365

jsonTime
0.0328556189779
1.50020470901
0.016250299057
0.0320771080442
14.8517474789
0.0559289539233
0.175595387002
0.0184886630159
0.0156749050366
0.0331192830345
0.0164587559411
0.0154947179835
0.0156226969557
0.016329200007
0.0157207410084

layerTime
0.0120429460658
16.0037648509
0.0122104119509
0.0126447119983
184.443657491
0.739792032051
2.50007332605
0.0124740720494
0.012222723919
0.012372783036
0.0122736950871
0.0123139380012
0.012306728051
0.012296490022
0.0123091139831

checksumTime
0.012006702018
0.0122007100144
0.0121057539945
0.0119902950246
0.0135337860556
0.0128838969395
0.0122406709706
0.0119798879605
0.011942934012
0.0120336089749
0.0120105079841
0.0119704389945
0.0120063859504
0.0119499840075
0.0423528150422




layer number :  15
227.863641373
0.0776320470031

jsonTime
0.0154580629896
1.60587331909
0.0164371019928
0.0163309570635
14.530997391
0.0536421609577
0.215724599082
0.0244217780419
0.0148247929756
0.0150364839938
0.01452079101
0.0145817899611
0.0220381279942
0.0151038600598
0.0157723349985

layerTime
0.0121975400252
15.50180049
0.0121861069929
0.0122764119878
192.44243626
0.471718145069
2.42235252098
0.0125223689247
0.0120340890717
0.0120911870617
0.012001288007
0.0119820970576
0.0120174949989
0.012263120967
0.0121806699317

checksumTime
0.0118838849012
0.0125756940106
0.0118510019965
0.0118993649958
0.0139760690508
0.0120563259115
0.0136799489846
0.0115898910444
0.0117350629298
0.0117787319468
0.011832357035
0.0116130909882
0.0119141199393
0.0119382110424
0.0421756330179




layer number :  15
205.012276216
0.0732246129774

jsonTime
0.0143094549421
1.66025101091
0.0151127949357
0.0225248510251
14.51948511
0.0586138180224
0.210943092941
0.0156730080489
0.0147498600418
0.0171217030147
0.0220239888877
0.0147328779567
0.0146284130169
0.0166439469904
0.0158567340113

layerTime
0.0112863400718
14.680795612
0.0120371939847
0.0121318630408
170.097330586
0.787210859009
2.38523856597
0.0122048889752
0.0119334039045
0.0132123789517
0.012104285066
0.0120102140354
0.0119883329608
0.0121698750881
0.0122868719045

checksumTime
0.0112290870165
0.012199784047
0.0123613280011
0.0117525269743
0.0115478700027
0.0124536229996
0.0119200700428
0.0118127149763
0.0117614890914
0.0120632790495
0.011718165013
0.011756915017
0.0155344329542
0.0119518369902
0.0419388860464




layer number :  15
226.915769575
0.277489059954

jsonTime
0.0330515670357
1.59922532004
0.0150180460187
0.0224963619839
14.312507062
0.0700606409227
0.217509965994
0.0156711899908
0.0151203679852
0.0224156179465
0.0151624620194
0.0157866310328
0.0157410779502
0.0156830470078
0.0156304009724

layerTime
0.0124325569486
15.642494472
0.012026450946
0.0122693820158
190.932686858
1.07123111107
2.23590796907
0.0120327170007
0.0118926450377
0.0121661110315
0.0123007269576
0.0127455359325
0.0122855800437
0.0121683160542
0.0121884420514

checksumTime
0.0119572239928
0.0118727380177
0.0117402920732
0.0135114289587
0.0124839810887
0.0119508239441
0.0118014150066
0.0127916659694
0.0116380549734
0.0117721980205
0.0120387600036
0.011741340044
0.0119690879947
0.0119046749314
0.0403957420494




layer number :  15
221.918222272
0.0760452268878

jsonTime
0.0154547160491
1.65258764895
0.015396508039
0.0153424290475
14.916285013
0.0535707219969
0.200145493029
0.0399284330197
0.0149210119853
0.0150560990442
0.0147035459522
0.0145543169929
0.0218866840005
0.0148158449447
0.0153092340333

layerTime
0.012226321036
13.83586913
0.0128371609608
0.0123062569182
187.954880206
0.679944021045
1.99251293298
0.0124160009436
0.0120858940063
0.0120357900159
0.0120105809765
0.0120198630029
0.0121380059281
0.0120199470548
0.0120795099065

checksumTime
0.0120109979762
0.0124745790381
0.011782379006
0.0121855720645
0.0128198979655
0.0119806979783
0.0160073949955
0.0118698719889
0.0117611190071
0.0119059979916
0.011746738106
0.0117295410018
0.0118548070313
0.0132532150019
0.0407174030552




layer number :  15
218.89654709
0.0750352229225

jsonTime
0.0154229459586
1.67704128602
0.0159730380401
0.0224370650249
14.986096959
0.059659112012
0.172950883047
0.0168721749214
0.0146976609249
0.0149429109879
0.0218892680714
0.014716683072
0.0146855710773
0.0179411259014
0.0164535799995

layerTime
0.0123063609935
15.878826623
0.0115995398955
0.0121047589928
182.615669444
0.440578851034
2.44498276594
0.0121087550651
0.012013545027
0.0120726879686
0.0121110419277
0.0133867299883
0.0119852439966
0.0123955640011
0.0122929249192

checksumTime
0.0120294219814
0.0121292390395
0.0116911990335
0.0117179210065
0.0128664990189
0.0118312899722
0.0119491170626
0.0117526060203
0.0117269880138
0.0117515840102
0.0117499959888
0.0127583659487
0.0159758049995
0.0119439041009
0.0427125099814




layer number :  15
225.002360475
0.0764902660158

jsonTime
0.0335037179757
1.62948543299
0.0163102820516
0.0328873730032
15.087033911
0.0672285660403
0.209476917982
0.0158149600029
0.0154235269874
0.0335579100065
0.0165052439552
0.0155178779969
0.0156295979396
0.0156463399762
0.0311392480507

layerTime
0.012465049047
15.157343136
0.0122283219825
0.0127824309748
189.494530146
0.848581062979
1.829371033
0.0120103739901
0.0122160509927
0.0124026970007
0.0122442930005
0.0122433839133
0.0122642499628
0.012437628
0.0123623749241

checksumTime
0.0119709869614
0.0126227519941
0.0119317190256
0.0122844369616
0.0149519089609
0.0119507160271
0.011845031986
0.0116459249984
0.0119443510193
0.0119499410503
0.0119649360422
0.0119308840949
0.0119538460858
0.0119713359745
0.0436378330924




layer number :  15
208.837389726
0.0953492179979

jsonTime
0.0316412209067
1.66755448701
0.0321528030327
0.0174610549584
14.8228965501
0.0571264669998
0.220198831987
0.0230952800484
0.0147407150362
0.0166276020464
0.0156477739802
0.0156505679479
0.0159272520104
0.0324391289614
0.0168372420594

layerTime
0.0123545120005
14.506714004
0.0134641919285
0.0124181830324
173.96133515
0.798797505908
2.116992614
0.0121629179921
0.0123207989382
0.0125125959748
0.0122208970133
0.0122920071008
0.0122575360583
0.0123219040688
0.0122309309663

checksumTime
0.0120556110051
0.0125620800536
0.0120478360914
0.0121308169328
0.0134490900673
0.0141144860536
0.0119129649829
0.0117105559912
0.0122679040069
0.0119867200265
0.0119735329645
0.0119641409256
0.0119447379839
0.0120019098977
0.0387773959665




layer number :  15
188.545813617
0.0847409970593

jsonTime
0.0155310139526
1.67221563205
0.0159659000346
0.0155492930207
13.903142534
0.0677621160867
0.178900460014
0.0246784599731
0.0146639549639
0.014862613054
0.0151303419843
0.0144683030667
0.0144791719504
0.024123716983
0.015270865988

layerTime
0.0122146219946
13.558440984
0.0121472210158
0.0123063999927
155.909832763
0.485708646942
2.14858170005
0.012092879042
0.0123692769557
0.0120843560435
0.0119632780552
0.0120357139967
0.0119811780751
0.0158290800173
0.0120561809745

checksumTime
0.0119685579557
0.0122349290177
0.0117434129352
0.011623649043
0.0120503829094
0.0117976960028
0.0118546939921
0.0117052060086
0.0118142659776
0.0117922129575
0.0117079059128
0.0117603969993
0.0154706949834
0.013267894974
0.0410051500658




layer number :  15
184.541266591
0.0764551090542

jsonTime
0.0153615899617
1.72494475706
0.0152214169502
0.0152263820637
14.6079220179
0.0632393379929
0.180628417991
0.020953961066
0.0145875699818
0.0164784779772
0.0316484380746
0.0157843470806
0.0154580780072
0.0157399629243
0.0158582979348

layerTime
0.0122429869371
13.004171034
0.0122387660667
0.0121761049377
151.72349254
0.532494697953
2.083891129
0.0121872579912
0.0121638799319
0.0123525020899
0.0124791939743
0.0123117829207
0.0123071300332
0.0123730970081
0.0124318769667

checksumTime
0.0119520840235
0.0122478359845
0.0117200679379
0.0121831580764
0.0129863480106
0.011986504076
0.0118009259459
0.0116943609901
0.0119431270286
0.0118955658982
0.0118783239741
0.0121416290058
0.0118846950354
0.0118803010555
0.0373915730743




