layer number :  19
164.524212978
0.0883352119708

jsonTime
0.0316095140297
3.12189724797
0.0216526190052
0.0156196019379
0.951042862958
0.0166481710039
0.0157438500319
0.0160923899384
0.0351606269833
11.402902765
0.0214834790677
0.0149207980139
0.0147426909534
0.0150302608963
0.0147923500044
0.0153794849757
0.0150026510237
0.0152172719827
0.0150148499524

layerTime
0.0124175320379
25.526115163
0.0404098279541
0.0122094580438
7.07563741005
0.0122766960412
0.0122112169629
0.0121990060434
0.012454138021
115.568828606
0.0171668869443
0.0120814429829
0.0120819630101
0.0120453280397
0.0119080340955
0.0120574879693
0.0121343049686
0.0120683930581
0.0122517739655

checksumTime
0.0119749900186
0.012445779983
0.011705481098
0.0117905939696
0.0118434010074
0.0119426889578
0.0119767780416
0.0119119889569
0.0118698320584
0.0165546030039
0.0136035510805
0.0117023179773
0.0117264870787
0.0117144059623
0.0119339249795
0.0117776750121
0.0116858549882
0.0116575700231
0.0369798740139




layer number :  19
172.099595024
0.0898878721055

jsonTime
0.0320898459759
2.74332350306
0.0206695050001
0.0177563030738
1.00318158895
0.0165152020054
0.0155686710496
0.0319856179412
0.0188188189641
11.4099501921
0.0192975490354
0.014711737982
0.0146405029809
0.0163405999774
0.0156192559516
0.0331053119153
0.0161302540218
0.0157401229953
0.0159176780144

layerTime
0.0120711219497
26.312989787
0.0407796819927
0.0123617160134
8.20930890297
0.0122574709821
0.0122310960433
0.0122779640369
0.0124060789822
121.52011069
0.0123206939315
0.0133335490245
0.0141101450427
0.0123083710205
0.0122566040372
0.0165206540842
0.0121890909504
0.0122188900132
0.0122968800133

checksumTime
0.0119390960317
0.01179490902
0.0119521819288
0.0119677199982
0.0120511960704
0.0119570959359
0.0118779289769
0.0118994810618
0.0121262669563
0.0119689380517
0.011726708035
0.0121110719629
0.0129334749654
0.0119605590589
0.0119460580172
0.0119819019455
0.0119173140265
0.011943296995
0.0372367779491




layer number :  19
186.11776861
0.0882851229981

jsonTime
0.0158647069475
3.03088617197
0.0206650469918
0.017738743918
1.006156191
0.0154841960175
0.0147570500849
0.0210843769601
0.0169753500959
10.9004832051
0.0205852460349
0.0158313979628
0.0157361080637
0.0163818029687
0.0157066939864
0.0316545660608
0.0166918700561
0.0156941700261
0.01554592303

layerTime
0.0122286700644
29.497226586
0.0403894339688
0.0123836550629
8.48762867693
0.0120564509416
0.0120299169794
0.0120364220347
0.0121769699035
132.32141922
0.0125384869752
0.0122111319797
0.0122213509167
0.012254080968
0.0122360399691
0.0181181409862
0.0122647579992
0.0122173719574
0.0124848179985

checksumTime
0.0115554709919
0.0120065989904
0.0119396511
0.0119961600285
0.0121453210013
0.0117278150283
0.0118406319525
0.0121023319662
0.0117429069942
0.0165284089744
0.0118041280657
0.011892776005
0.0118953910423
0.0119175730506
0.0119406899903
0.011973642977
0.0119813749334
0.0119039600249
0.0398724590195




layer number :  19
194.941303342
0.0866362339584

jsonTime
0.0331019329606
3.09166556306
0.0304461100604
0.0177485810127
1.01970690198
0.0152597289998
0.0150731790345
0.0220592379337
0.0163778560236
10.986764811
0.0185035860632
0.0154777809512
0.0150482039899
0.0149571769871
0.0156006939942
0.0220787470462
0.0148064059904
0.0146534700179
0.0145568089793

layerTime
0.0125411769841
31.889638728
0.0821701359237
0.0123288880568
9.23722612695
0.0120952420402
0.0120908819372
0.0120871650288
0.0121350239497
137.806739146
0.0124738159357
0.0130007710541
0.0122484801104
0.0120536930626
0.0121935040224
0.0122482900042
0.0119478330016
0.0120633200277
0.0120745650493

checksumTime
0.0119610090042
0.0127527599689
0.0119939800352
0.0120770699577
0.011831772048
0.0120054429863
0.0117444400676
0.011829636991
0.0120620219968
0.0119787129806
0.0131519431015
0.0127416969044
0.0118482159451
0.0117144539254
0.0116566090146
0.0118338189786
0.0119933319511
0.0117875479627
0.0337066770298




layer number :  19
198.858351302
0.0891774230404

jsonTime
0.0332182348939
3.231932619
0.0306109240046
0.0175835319096
1.00170412892
0.0171445740853
0.0158186770277
0.0319142029621
0.0187296229415
11.330992115
0.0236141090281
0.0158872039756
0.0159187219106
0.0166185729904
0.0159308440052
0.0321252809372
0.0173420370556
0.0154389629606
0.0158044430427

layerTime
0.0123584540561
32.793637675
0.0831478219479
0.0123385520419
8.85574652208
0.0121943618869
0.0123233409831
0.0124174120137
0.0125977940625
140.684038012
0.0126292669447
0.0123324370943
0.0122959720902
0.0124704639893
0.0123619360384
0.0179658069974
0.0129077349557
0.0122815989889
0.0122712500161

checksumTime
0.0119592309929
0.0124199680286
0.0119075750699
0.012004142045
0.0121495259227
0.0119469710626
0.0119694180321
0.0120055800071
0.0119664169615
0.0121275970014
0.0118947849842
0.0120047699893
0.0120232489426
0.0120862739859
0.0120163770625
0.0118734689895
0.0120410700329
0.0120365950279
0.0353416849393




layer number :  19
198.83739369
0.0885815119836

jsonTime
0.0333020080579
3.14654707105
0.021883790032
0.0184868080541
1.03554724797
0.0164736639708
0.0158804759849
0.0327196429716
0.0187114150031
11.402162649
0.0269830999896
0.0156881279545
0.0159004079178
0.0166340490105
0.0164725070354
0.0318148809019
0.016473891912
0.0156558080344
0.0157255779486

layerTime
0.0124353449792
32.727026109
0.062722836039
0.012493580929
8.83937358402
0.0122915050015
0.0125625089277
0.0123399780132
0.0124522519764
140.746557358
0.0144908640068
0.0122110160301
0.0122812869959
0.0122314479668
0.0123468119418
0.0182891300647
0.0122398410458
0.0121812790167
0.0122184940847

checksumTime
0.0119637029711
0.0126924299402
0.0121093129274
0.0119992550462
0.0119684450328
0.0120065220399
0.0120011650724
0.0120278570103
0.012008724967
0.0122380399844
0.0118364200462
0.0119930480141
0.0119576300494
0.0119604680222
0.0120043450734
0.0121206890326
0.0119400479598
0.0119791619945
0.0395261069061




layer number :  19
198.681933407
0.0867121519987

jsonTime
0.0328322029673
2.980280936
0.0217129940866
0.0160828680964
0.921083234949
0.0159289919538
0.014659152017
0.0320859029889
0.0196128380485
11.547800809
0.0192266419763
0.014715885045
0.0147490160307
0.0166704889853
0.015774723026
0.0220616440056
0.0150954320561
0.0153901330195
0.014549650019

layerTime
0.0123304029694
31.3748132871
0.0413652890129
0.0123376499396
9.01397015399
0.0120747450273
0.0122170440154
0.0124525270658
0.0123864969937
141.96470353
0.0122968240175
0.0120650379686
0.0121023199754
0.0131374510238
0.012173002935
0.0122367709409
0.0120039050234
0.0120168289868
0.0120424240595

checksumTime
0.0120999040082
0.0127222639276
0.0111209308961
0.0117269250331
0.0118465020787
0.011801532004
0.0122239209013
0.0119944399921
0.0118982949061
0.0119613279821
0.0116330619203
0.0117788610514
0.0117700489936
0.0158852339955
0.0117879500613
0.0117141549708
0.0118012139574
0.0117365509504
0.0379637299338




layer number :  19
195.08259842
0.0871694050729

jsonTime
0.0333398320945
2.86165193201
0.0302689219825
0.0177346749697
0.984580536024
0.0152692749398
0.0146608490031
0.0218939090846
0.0161692530382
10.95175097
0.0266552139074
0.015695168986
0.0157068279805
0.0163704780862
0.0163694019429
0.0313605060801
0.0148015969899
0.0156359479297
0.0156995840371

layerTime
0.0124291069806
31.4311333171
0.0823246019427
0.0123203640105
9.42770046892
0.0120075769955
0.0122681970242
0.0120547729312
0.0121820279164
138.480715564
0.0147678640205
0.0122230410343
0.0123531699646
0.0124617989641
0.0121738980524
0.0181476139696
0.0116433319636
0.0122211410198
0.0122133879922

checksumTime
0.0119562329492
0.012649641023
0.0121380770579
0.01193444198
0.0119369290769
0.0116776260547
0.0117466999218
0.011683573015
0.0118217210984
0.0117814210244
0.0120158260688
0.0119679199997
0.0119256819598
0.0119817430386
0.0119216229068
0.0111912230495
0.0119591710391
0.0120466949884
0.0415108179441




layer number :  19
194.284104566
0.0888856130186

jsonTime
0.0333180369344
3.11296326504
0.0210392889567
0.0161429240834
0.864941275096
0.0153067220235
0.0148192089982
0.0149219750892
0.0161154620582
10.9946322041
0.0191899900092
0.0164125660667
0.0153440790018
0.0189165549818
0.0302701349137
0.0165080409497
0.015634351992
0.015592198004
0.0158376829932

layerTime
0.012434035074
32.370338794
0.0407815331127
0.0122249859851
8.84931356192
0.0120190889575
0.0120406289352
0.0120466209482
0.0121288889786
137.211569033
0.0124506030697
0.0122930369107
0.012230461929
0.0141148050316
0.0175155419856
0.0122091070516
0.0122166399378
0.0122341769747
0.0122178819729

checksumTime
0.0120366809424
0.0121612360235
0.0118692478864
0.0118121849373
0.0119187110104
0.0117471790873
0.0188299859874
0.0117281239945
0.0117707109312
0.0116042379523
0.012036704924
0.0119848970789
0.0129436680581
0.0119554420235
0.0120785360923
0.0119192029815
0.0119253570447
0.0119283660315
0.0318703979719




layer number :  19
198.545002259
0.089094438008

jsonTime
0.0585202239454
2.73214682506
0.0298135069897
0.0178994609741
1.01694525802
0.0167307669763
0.0166453949641
0.0320934860501
0.0189747159602
11.4037204089
0.0184962339699
0.015471677063
0.014683800051
0.0184186830884
0.0165715579642
0.0317963940324
0.0165603889618
0.0157019400503
0.0158091080375

layerTime
0.0124455409823
32.4532818999
0.0810836899327
0.0126652300823
8.77092695702
0.012692919001
0.0121927850414
0.0125177619047
0.0123409060761
141.186406912
0.0124017989729
0.0123014569981
0.0120656419313
0.0123674729839
0.0120887870435
0.0178378199926
0.0122712739976
0.012250003987
0.0122901670402

checksumTime
0.0120451149996
0.0120690030744
0.0119229350239
0.0123269939795
0.0121534289792
0.0120895860018
0.0118949509924
0.0120596790221
0.0115952630294
0.0120110959979
0.0117505550152
0.0117458669702
0.016490073991
0.0119209809927
0.0117274769582
0.011989563005
0.0120281489799
0.0119945049519
0.0359452050179




