layer number :  17
25.26819182
0.132452266989

jsonTime
0.0152479930548
0.0155953729991
0.143730588956
0.0169121989748
0.0214380900143
0.0938048110111
0.0158118219115
0.0155327420216
0.0155274500139
1.45366973698
0.015434143017
0.0383324130671
0.0148239610717
0.254982047016
0.0155635450501
0.015200325055
0.0144938279409

layerTime
0.0122462239815
0.0122321130475
1.18216514902
0.0123246120056
0.0157944529783
0.995145659894
0.0122214130824
0.0123126009712
0.0122432520147
16.9530873139
0.0121650919318
0.276768755983
0.0120777449338
3.15396254696
0.0127238009591
0.0121115170186
0.011839475017

checksumTime
0.0120099369669
0.0119558649603
0.0119582760381
0.0120481880149
0.0119465830503
0.0119364220882
0.011919233948
0.0119599250611
0.0119703779928
0.0128242630744
0.0119013669901
0.0122065029573
0.0121471440652
0.0122899319977
0.0117412089603
0.0117592290044
0.044925234979




layer number :  17
26.111475433
0.0853255459806

jsonTime
0.0153952389956
0.0320497329812
0.12537900696
0.0152903940761
0.0172690779436
0.0705236879876
0.015058028046
0.0214435099624
0.0145758260041
1.21323716303
0.0169084420195
0.038147368934
0.0159147699596
0.295826380956
0.0160255719675
0.0152665019268
0.0149693979183

layerTime
0.0123439000454
0.0123089649715
1.61543896201
0.0120060039917
0.0152795400936
0.711949056014
0.0119806820294
0.012101483997
0.0121175689856
17.865329159
0.0124944099225
0.356131564011
0.0124612930231
3.13524742599
0.0120969340205
0.0120613219915
0.0119873450603

checksumTime
0.011926617939
0.0120044921059
0.0117179149529
0.0117002109764
0.0119163289201
0.0118807749823
0.0117135619512
0.0117033830611
0.0116648629773
0.0121243350441
0.0118451510789
0.0121280200547
0.0120034799911
0.0120768611087
0.011823776993
0.011714255088
0.038672648021




layer number :  17
25.145711179
0.0865671100328

jsonTime
0.0326413009316
0.0160153240431
0.13336351898
0.0153481849702
0.0175274139037
0.0754326990573
0.0151426309021
0.014528164058
0.0216551669873
1.20481206407
0.0223138070432
0.0299628720386
0.0158058680827
0.310916855
0.0160977889318
0.0227691530017
0.0147477320861

layerTime
0.0122378760716
0.0122427149909
1.61017527198
0.0121021020459
0.0153967150254
0.70638542797
0.0120981941
0.0120540179778
0.0121053110342
16.903410362
0.0121567599708
0.332741040969
0.0122694729362
3.13481688092
0.0120332679944
0.0121378280455
0.0120734589873

checksumTime
0.0119607649976
0.0119860949926
0.0117889799876
0.012025670032
0.011702592019
0.0118426090339
0.0117308809422
0.011854346958
0.0117369459476
0.0122227380052
0.0114989699796
0.0120394079713
0.0121780190384
0.0119105121121
0.0120959309861
0.0117261669366
0.042819831986




layer number :  17
25.495244979
0.0850365629885

jsonTime
0.0149347760016
0.0314758119639
0.134468407952
0.0154350080993
0.0214904909953
0.0901176850311
0.0162228710251
0.0156083069742
0.0158157460392
1.47985070501
0.0151272430085
0.0464745439822
0.0149856269127
0.233570602024
0.0152230480453
0.015062476974
0.0145722650923

layerTime
0.0122428099858
0.0123488310492
1.25437150302
0.0122165039647
0.015765020973
1.00018899399
0.0124719860032
0.0122805170249
0.0121925040148
17.143359313
0.0121129259933
0.506234859
0.0121656580595
2.91995944199
0.0119046500186
0.012132495991
0.0120358369313

checksumTime
0.0119589969981
0.0119140120223
0.0118515329668
0.0119542640168
0.0119758229703
0.0120181039674
0.011987140053
0.0118737579323
0.0120607729768
0.0119763909606
0.0119616260054
0.0119279960636
0.0117434059503
0.0118867499987
0.0113700199872
0.01173939195
0.0451571210288




layer number :  17
24.906942202
0.0865847730311

jsonTime
0.0339753009612
0.0157909940463
0.125790189952
0.0154630449833
0.0166191300377
0.0709034219617
0.0148498310009
0.0145761120366
0.0216454499168
1.20605349797
0.0281688258983
0.0310135160107
0.0154190049507
0.300581378979
0.0171283560339
0.0303030139767
0.016434396035

layerTime
0.0123732460197
0.0122710579308
1.61560551403
0.0122429770418
0.0153436609544
0.711406270042
0.0122211120324
0.01204916602
0.0118439199869
16.853155103
0.0125786850695
0.318198172026
0.0121673980029
2.94825434801
0.0122314239852
0.0122817480005
0.0123642900726

checksumTime
0.0119056829717
0.0119429400656
0.0113762259716
0.0123788679484
0.0115810660645
0.0120233329944
0.0117813989054
0.0118103460409
0.0113673850428
0.0121088520391
0.0115433169995
0.0120102789951
0.0119075990515
0.0123788609635
0.0117867089575
0.0117852879921
0.0487007729243




layer number :  17
24.978741064
0.0840354620013

jsonTime
0.0149779820349
0.0313769149361
0.131227996899
0.0153038520366
0.0172692799242
0.0724060580833
0.0146718129981
0.0145950950682
0.0145759569714
1.21364952403
0.0150832480285
0.0378580059623
0.0146413369803
0.252507233992
0.0153584650252
0.015078342054
0.0144620109349

layerTime
0.0122339139925
0.0123455229914
1.60518703901
0.0120667739538
0.0155932090711
0.710209475015
0.0120153849712
0.0120209408924
0.012232544017
16.672919662
0.0123900789768
0.221446816111
0.0120703059947
3.38351292198
0.0120963769732
0.0120081549976
0.0120393220568

checksumTime
0.0119084620383
0.0119515340775
0.0117124069948
0.0117277681129
0.0120626878925
0.0118173710071
0.0117334079696
0.0117842560867
0.0118401499931
0.011950999964
0.0116650220007
0.0117999549257
0.0121540840482
0.0120178729994
0.0117492700228
0.0117498709587
0.0472307229647




layer number :  17
26.534641261
0.0878530569607

jsonTime
0.033588944003
0.016091765021
0.128856890951
0.0153899210272
0.0182347029913
0.0840013410198
0.0152009120211
0.0145744760521
0.0248000950087
1.29797303199
0.0325715959771
0.0450977960136
0.0164728129748
0.296946506016
0.016772345989
0.0299089299515
0.0155966799939

layerTime
0.0122751368908
0.0122406829614
1.42197443196
0.0121211990481
0.0153135979781
0.694246054976
0.0120586419944
0.0120990939904
0.0120785760228
17.962251762
0.0127033380559
0.525802180055
0.0121383980149
3.34956760705
0.012433337979
0.0125495690154
0.0122409730684

checksumTime
0.0120031030383
0.0120261880802
0.0120649969904
0.0119796580402
0.0115724949865
0.0118913250044
0.0117141979281
0.0118224619655
0.0119925519684
0.012181094964
0.0119556189748
0.0119548329385
0.0120881670155
0.0120127699338
0.0120327920886
0.0119418019895
0.03867222392




layer number :  17
26.091697462
0.0852735929657

jsonTime
0.0152496980736
0.031520245946
0.123245034018
0.0152917429805
0.0172935649753
0.0700097269146
0.0150515630376
0.0154233759968
0.0145853810245
1.22144864302
0.0162826649612
0.0378359749448
0.0158751480049
0.276859050966
0.0152427769499
0.0157836400904
0.0146625849884

layerTime
0.0121410728898
0.0123708869796
1.60877390404
0.012073106016
0.0154918850167
0.7175295091
0.0121445589466
0.0120433530537
0.0119456769899
17.824912841
0.0113002280705
0.284336648067
0.0122140359599
3.24034013506
0.012109444011
0.0120911819395
0.0120054910658

checksumTime
0.0119475030806
0.0119669400156
0.011895374977
0.0118508479791
0.011609325069
0.0117526829708
0.0117323379964
0.0117709479528
0.0117331539514
0.0123856110731
0.0118120859843
0.0119033679366
0.0118718440644
0.0119322149549
0.0117842979962
0.0117703099968
0.0505528879585




layer number :  17
26.345620614
0.0885549869854

jsonTime
0.0341346639907
0.0166818640428
0.129949872033
0.0153920110315
0.0215165609261
0.105865202029
0.0166785839247
0.0156894070096
0.031368596945
1.45366320503
0.0223718339112
0.030953219044
0.0146724460647
0.273874797043
0.0156640609493
0.00795035297051
0.0148166390136

layerTime
0.0123883939814
0.0123369100038
1.27991338493
0.0120672800113
0.015672161011
0.994622027967
0.0124186370522
0.0122545809718
0.0122770690359
17.8057921909
0.0122147760121
0.223854264012
0.0122543149628
3.32205954299
0.0389331979677
0.0108028240502
0.0120622769464

checksumTime
0.0120738439728
0.0120084719965
0.0118037170032
0.0119690640131
0.0119787460426
0.0119927329943
0.0119665319799
0.0119580380851
0.0119637199678
0.0124087120639
0.0117735509994
0.0117522609653
0.0120365669718
0.0122429600451
0.000278400024399
0.0116129480302
0.0432490759995




layer number :  17
27.0679650861
0.0886187740834

jsonTime
0.015383798047
0.0315158010926
0.136989394086
0.0155062599806
0.0172023280757
0.0625995749142
0.0148571010213
0.0147043989273
0.0144954670686
1.24218854902
0.0160840869648
0.0608277090359
0.0159041580046
0.282641379046
0.0155190289952
0.0153875899268
0.0151023659855

layerTime
0.012286838959
0.0123228719458
1.48242850101
0.0120179260848
0.0154476889875
0.714259649045
0.0120902489871
0.0120475770673
0.0120699619874
18.2070823699
0.0122367870063
0.530810680939
0.0121767669916
3.65978003806
0.0131844320567
0.0121662830934
0.0123087400571

checksumTime
0.0119954230031
0.0119644389488
0.0118348619435
0.0117416438879
0.0116768890293
0.0117998520145
0.0117600290105
0.0118164089508
0.0119232189609
0.012086302042
0.012283426011
0.0120499010663
0.0119729029248
0.0121392759029
0.012408760027
0.0117472879356
0.0458959300304




