layer number :  18
54.813906301
0.0859761940083

jsonTime
0.0150124630891
2.99580376397
0.0218418570003
0.0163154270267
0.0229043710278
0.251377525972
0.0159368870081
0.0166908330284
0.234271002002
0.0148783520563
0.0146116020624
0.849482693942
0.0172672870103
0.0223651410779
0.0146717149764
0.0147202290827
0.0147277200595
0.0151994769694

layerTime
0.0122699659551
32.235636913
0.0402173330076
0.0124409049749
0.0122168560047
3.98611236399
0.0124610930216
0.0123158999486
2.39679440192
0.0119052509544
0.0119902209844
11.09253117
0.0121764469659
0.0125519159483
0.0118257310241
0.0119880139828
0.0120445479406
0.01225634804

checksumTime
0.0120395399863
0.0121821890352
0.0114470740082
0.0117165650008
0.0121165299788
0.0120646379655
0.0126941930503
0.0119270690484
0.0117226439761
0.011634533992
0.0117084550438
0.0162578279851
0.0117175310152
0.011890453985
0.0117175719934
0.0117602079408
0.01172984601
0.0334191980073




layer number :  18
54.485032092
0.0877980720252

jsonTime
0.0332705529872
2.93737836496
0.0223368239822
0.0191039950587
0.0330614580307
0.298128210939
0.014785310952
0.0145075619221
0.172850247007
0.0276783050504
0.0144959089812
0.979410549044
0.0156186600216
0.0221806360641
0.0147379899863
0.0146091280039
0.0146732090507
0.0154480780475

layerTime
0.0124945450807
31.475997231
0.0585857030237
0.0122969499789
0.0139873940498
4.08304681
0.0120160110528
0.0119564220076
2.00135109306
0.0123937759781
0.0119928460335
11.706043697
0.0120458219899
0.0120331080398
0.0119506180054
0.0119413910434
0.0119723370299
0.011925889994

checksumTime
0.0122819530079
0.012485636049
0.0130817379104
0.011912203976
0.0119819520041
0.0119391180342
0.011782245012
0.0119621769991
0.0122871259227
0.0117241269909
0.0117971419822
0.0121969620232
0.0116828129394
0.0117154669715
0.0116493309615
0.0116520009469
0.0119354089256
0.0341453559231




layer number :  18
56.017661748
0.086920823087

jsonTime
0.0326838210458
2.72385751002
0.0305335019948
0.0198752520373
0.0331200499786
0.289982496994
0.0148248010082
0.0145172040211
0.171669972944
0.0200991850579
0.014570318046
1.04605622694
0.0174915540265
0.0300778090023
0.015381761943
0.0154023190262
0.0156405339949
0.0153813300421

layerTime
0.0123863079352
32.475313911
0.0818555490114
0.0123438209994
0.0139552460751
3.9938493839
0.0120516680181
0.012077669031
2.00637668406
0.0120738579426
0.0119959809817
12.443745304
0.0122190429829
0.0121857110644
0.0122052960796
0.0123078199103
0.012268351973
0.0122149910312

checksumTime
0.0119960689917
0.0129350100178
0.0119220409542
0.0119157889858
0.0119117540307
0.0118011099985
0.0119500890141
0.0117733610095
0.0118910619058
0.0117478800239
0.0120050490368
0.0122995829443
0.0119371250039
0.0118388059782
0.0119793469785
0.0118262640899
0.0118126439629
0.033990850905




layer number :  18
54.1877692379
0.0873048399808

jsonTime
0.0330029630568
2.69615828199
0.0220364169218
0.0160734320525
0.0324712219881
0.293021780089
0.0162895239191
0.0157820789609
0.242643620004
0.0148457629839
0.0146375700133
0.854711840977
0.0154612329789
0.0225288659567
0.016251745983
0.014797248994
0.0145211620256
0.0150731879985

layerTime
0.0124543790007
31.2363763311
0.0401974220295
0.0120878659654
0.0137628669618
3.66341066896
0.0122682320653
0.0123181650415
2.18200951
0.0123026280198
0.0120600899681
12.217242247
0.0121336970478
0.0121173500083
0.0120873911073
0.01220946596
0.0120243199635
0.0120244129794

checksumTime
0.012125885929
0.012585073011
0.0118290300015
0.01172416599
0.0119918870041
0.0120420650346
0.0120483869687
0.0119638500037
0.0118483819533
0.011741883005
0.0121356151067
0.0123073860304
0.0117616029456
0.0158265850041
0.0117710749619
0.0117586620618
0.0119545849739
0.0329939529765




layer number :  18
54.922792491
0.0857133669779

jsonTime
0.0323513299227
3.18216202699
0.0318754990585
0.0191041060025
0.0332526479615
0.289308554959
0.0155319659971
0.0143440460088
0.178953567985
0.0149261949118
0.0151215449441
0.834879136062
0.0170422589872
0.0313033680432
0.0158075169893
0.015874771052
0.0159314739285
0.0156355930958

layerTime
0.0116077940911
32.141574316
0.0803788439371
0.0123986930121
0.0140335949836
3.87898925296
0.0120760339778
0.0119290060829
1.71096598508
0.0120456160512
0.0120394650148
11.838957864
0.0120207929285
0.0123814200051
0.012212557951
0.0122238049516
0.0121454499895
0.0122057249537

checksumTime
0.011277101934
0.0123112800065
0.0123248950113
0.0119158200687
0.0119862350402
0.0119617000455
0.0117116289912
0.0116291039158
0.0121569610201
0.012398425024
0.0117384979967
0.0120693939971
0.0117293830262
0.0119553609984
0.0119080230361
0.0121020090301
0.0119053910021
0.03965496202




layer number :  18
55.73475922
0.0857841830002

jsonTime
0.0336687520612
3.03157878795
0.0288020169828
0.0185729879886
0.0332757909782
0.285259045078
0.0148839850444
0.0148528319551
0.187184753013
0.0252138540382
0.0145740449661
0.94769327098
0.0154365759809
0.0221477450104
0.0147331350017
0.0147253460018
0.0152530820342
0.014790983987

layerTime
0.0122958399588
32.6278306331
0.0645420110086
0.0115708119702
0.0143769530114
4.09099414095
0.011981460033
0.0120640320238
1.998847023
0.0120584219694
0.0120134579483
11.723129631
0.0120399049483
0.0116870469647
0.0120536769973
0.0120195299387
0.0121123360004
0.0120609940495

checksumTime
0.0119501500158
0.0118016810156
0.0118100099498
0.0115411010338
0.012335026986
0.0119563749759
0.0118324699579
0.0117719550617
0.011849977891
0.0117923720973
0.0114603060065
0.0117491900455
0.0115849920548
0.0114857159788
0.0118197210832
0.012995284982
0.0117352129892
0.0403788490221




layer number :  18
55.107881953
0.0868269519415

jsonTime
0.0327725529205
2.65583694901
0.030321564991
0.0187198179774
0.0360992520582
0.288548128097
0.0147727959557
0.0146270010155
0.169540478964
0.0308360089548
0.0219193330267
1.05608192401
0.0156322000548
0.0152844679542
0.0146623830078
0.0147340419935
0.0147251950111
0.0217715170002

layerTime
0.012408760027
31.560094494
0.0821038680151
0.0123666250147
0.0126336320536
4.01501488592
0.0120583069511
0.0120857560541
2.00557702407
0.0121055309428
0.0121169979684
12.477793235
0.0121097009396
0.0120079080807
0.0120101229986
0.0120500200428
0.0119724370306
0.0121822638903

checksumTime
0.0119430669583
0.0125344500411
0.0119649539702
0.0119194239378
0.012080738903
0.0121824480593
0.0117407930084
0.0147072019754
0.01199519902
0.0117397910217
0.0117622070247
0.0118885519914
0.0119603340281
0.011723457952
0.0117375589907
0.0117623279803
0.0116918400163
0.0394039211096




layer number :  18
53.098224787
0.0881033490878

jsonTime
0.0155890459428
3.16857832705
0.0219058900839
0.0162346810102
0.0153789070901
0.250057241064
0.0151241850108
0.0145157390507
0.17604712199
0.0266480090795
0.0229281330248
1.02490655403
0.0155261119362
0.0150822509313
0.0147432399681
0.0147258450743
0.0158039600356
0.0315415400546

layerTime
0.0122556689894
31.3015017239
0.0396751819644
0.0121533819474
0.0122342519462
3.530659604
0.0120606959099
0.0120740989223
2.00833199697
0.0121401749784
0.0126881119795
10.842203351
0.0120867050719
0.0120217549847
0.0121986729791
0.0120906690136
0.012490264955
0.0124689199729

checksumTime
0.0119628449902
0.0120567840058
0.011837063008
0.0117072489811
0.0117566429544
0.0119154190179
0.0117232990451
0.0120181560051
0.0120920690242
0.0117533769226
0.0119617000455
0.0122011880158
0.0120923350332
0.011735209031
0.0118007740239
0.0118114339421
0.01191909099
0.0403753370047




layer number :  18
54.144658058
0.0851590309758

jsonTime
0.0154325460317
2.73078989901
0.0217648589751
0.0159686789848
0.0152219220763
0.239585446077
0.015239288914
0.021975922049
0.166898199008
0.0520972240483
0.0165483400924
1.06264911802
0.0159422140568
0.0149718390312
0.0155373319285
0.0144782250281
0.0146258169552
0.0216865019174

layerTime
0.0122943420429
30.9132158629
0.0402490369743
0.0121681059245
0.0121408989653
3.79241852195
0.0120268550236
0.0121266619535
1.99815980007
0.0117938939948
0.0122492489172
12.435724191
0.0119923839811
0.011962122051
0.011916716001
0.011956625036
0.0119784720009
0.0120393830584

checksumTime
0.011957300012
0.0122579330346
0.0116462170845
0.0117393709952
0.0116932799574
0.011940733064
0.011961651966
0.0120657070074
0.0121785479132
0.0120218299562
0.0119117290014
0.011792492005
0.0116812349297
0.011703088996
0.0115672909888
0.0116380209802
0.0117389360676
0.0395405869931




layer number :  18
54.8087346019
0.0901759950211

jsonTime
0.015309519018
3.17037295201
0.0283031059662
0.0182607570896
0.0165559389861
0.278154875035
0.0160073960433
0.0148729879875
0.183085807017
0.015294751036
0.0216963869752
0.833905324922
0.0153739110101
0.0155684379861
0.0143298769835
0.0217297250638
0.014840297983
0.0146449080203

layerTime
0.0121597279795
32.025377652
0.0716265731025
0.0122829449829
0.0122027869802
3.78706526395
0.011726842029
0.0120385410264
2.53990044701
0.0121772849234
0.0120306120953
11.179382503
0.0120004580822
0.0122495009564
0.0112388069974
0.0120732400101
0.0119688010309
0.0120085320668

checksumTime
0.0118541789707
0.0122076789849
0.0121445509139
0.0119052230148
0.0121989150066
0.0116350279422
0.0118487649597
0.0117425050121
0.0126609549625
0.0117854740238
0.0120141489897
0.0119582179468
0.0116604350042
0.0119017880643
0.0114307019394
0.0116248599952
0.0116715239128
0.0378591408953




