layer number :  37
146.830197827
0.141306717065

jsonTime
3.143680115
0.0221871060785
0.0154333050596
0.0144989120308
0.0218384040054
6.07780166797
0.0373593789991
0.0150122470222
0.16159759392
0.0193209979916
0.022001472069
0.0150692859897
0.0156011430081
0.0156280430965
0.0171842180425
0.0312527870992
0.0157645619474
0.0157683589496
0.0165464000311
0.551684253034
0.0160041609779
0.0238888469758
0.0161674279952
0.0160458580358
0.0158139120322
0.015919245081
0.0314804509981
3.02336841705
0.0158176179975
0.0620092010358
0.0195954870433
4.05889535195
0.0855599429924
0.015186461038
0.0230311839841
0.0154986899579
0.0147337940289

layerTime
23.253615751
0.0405143050011
0.0119314979529
0.0119161970215
0.0120944849914
50.5076607891
0.246725462028
0.0120511569548
1.51130326802
0.0183469940675
0.0120816460112
0.0122170299292
0.0122920509893
0.0122280159267
0.0123079220066
0.0123769629281
0.0122810520697
0.0121858899947
0.01215558697
4.02670234395
0.0124715280253
0.0121800320921
0.0121803820366
0.0124573439825
0.0122300199
0.0122242979705
0.0123866079375
24.69977385
0.0201962179272
0.429978040047
0.0123429659288
22.9541372431
0.467566550011
0.0120459860191
0.0121277660364
0.0120276439702
0.0121105100261

checksumTime
0.0119835429359
0.0116933839163
0.0115843049716
0.0116522699827
0.0121634040261
0.0164178849664
0.0118683249457
0.0117167250719
0.0118278639857
0.0117861139588
0.0116862449795
0.0119517600397
0.0121693869587
0.0120115639875
0.0119310879381
0.0119678750634
0.0119118229486
0.0119589570677
0.0119756889762
0.0120085410308
0.0158529529581
0.0119863679865
0.0121628529159
0.0119643650251
0.0119981520111
0.0119512770325
0.0119844459696
0.011860558996
0.012108105002
0.0120011719409
0.0118889240548
0.0118401399814
0.0123940279009
0.0116941230372
0.0127863959642
0.0116728669964
0.0441967130173




layer number :  37
147.528510674
0.142576712999

jsonTime
2.962507174
0.0220071350923
0.0153301599203
0.0144809669582
0.0137116509723
6.15916987404
0.0366758150049
0.0147839901038
0.152063752059
0.0210099829128
0.0157474570442
0.0155657960568
0.0156215239549
0.0156067780918
0.0173306929646
0.0307006470393
0.0158476389479
0.0156061279122
0.0158217030112
0.527694917051
0.0220927490154
0.0150347950403
0.0157000930049
0.0160697359825
0.0157715579262
0.0158528910251
0.0312336569186
2.99254712299
0.0150241679512
0.0497883959906
0.0345560620772
3.65109248494
0.0844073540065
0.0153523569461
0.0163538641063
0.0164808150148
0.0290433419868

layerTime
24.034772017
0.0434791379375
0.0118892670143
0.0120465289801
0.0120196830248
50.803150052
0.205430150032
0.0120772019727
1.49211045995
0.026014169096
0.01223144494
0.0122385469731
0.0121491230093
0.0123208679724
0.0121836320031
0.0123918629251
0.012451994
0.0122278770432
0.012199227931
4.00835678994
0.0121485519921
0.0120235310169
0.0122339769732
0.0122040869901
0.0122521530138
0.0122360419482
0.0123628810979
25.5279505879
0.0119491369696
0.266763075022
0.012497994001
22.538810445
0.494392157998
0.0121960879769
0.0122359009692
0.012694088975
0.0122034669621

checksumTime
0.0126431859098
0.0118070230819
0.0116889390629
0.0113590810215
0.012052393984
0.016664686962
0.0118326769443
0.0118842959637
0.0142508810386
0.011940444936
0.0119385169819
0.011938180076
0.0119869009359
0.0118654189864
0.0120009080274
0.0119688360719
0.0119480320718
0.0119625090156
0.0119387640152
0.0120328069897
0.0117754819803
0.0120127180126
0.0119444420561
0.0119219840271
0.0119306059787
0.0119558580918
0.0120000509778
0.0118888150901
0.0158722760389
0.0123118349584
0.0119857019745
0.0127934030024
0.0122844930738
0.011921192985
0.0118153980002
0.0120271129999
0.0403916370124




layer number :  37
149.757526775
0.142091281014

jsonTime
2.77197128604
0.0226583710173
0.0227778570261
0.0146000930108
0.0147810420021
6.18060753099
0.0439034700394
0.0148287529591
0.203515620902
0.0274977160152
0.0148339789594
0.0148062440567
0.0157322488958
0.0157429539831
0.03305026202
0.0157748979982
0.0157381070312
0.0163913359866
0.0156954810955
0.554245667998
0.0227410399821
0.0154120819643
0.0156990200048
0.0156875279499
0.0313528960105
0.0159030209761
0.0159444710007
2.98154230695
0.0150628930423
0.039610798005
0.0187310250476
3.84077398805
0.0877792510437
0.0157141400268
0.0158777140314
0.0166903460631
0.0158916570945

layerTime
23.546320167
0.0404420170235
0.0123240579851
0.0120407330105
0.0120068610413
51.5529087561
0.221866275999
0.0140204109484
1.66990805708
0.0186483199941
0.0115760629997
0.0119520369917
0.0122062250739
0.0121790060075
0.0127139140386
0.0122491070069
0.0121893779142
0.0122009309707
0.0122479959391
4.02136729693
0.0120478700846
0.012023488991
0.0120989279822
0.0122326239944
0.0123501510825
0.0122261090437
0.0121641439619
25.1863196311
0.0120152679738
0.414237136953
0.0124153569341
24.334446863
0.573837314965
0.0123108819826
0.0122395779472
0.0122900699498
0.0122508469503

checksumTime
0.0120278649265
0.0117259660037
0.0115925279679
0.0117777920095
0.0117986309342
0.0120308799669
0.0117636159994
0.0128011790803
0.0136327740038
0.0118008089485
0.0112929800525
0.0119882069994
0.0118769339751
0.0120230310131
0.0119519199943
0.0121281569591
0.0119054490933
0.0119584009517
0.0120043860516
0.0120572330197
0.0118195109535
0.0118113280041
0.0116776800714
0.0119992899708
0.0119091499364
0.0128605630016
0.0120812880341
0.0119837759994
0.0116588430246
0.0137088859919
0.0119826489827
0.0130207209149
0.0118401090149
0.0119925719919
0.0118681900203
0.0119912639493
0.0619239090011




layer number :  37
148.465555423
0.142941592028

jsonTime
2.66302704893
0.0215042070486
0.0157540229848
0.0145456410246
0.0317804570077
6.32474533794
0.042928467039
0.0158944339491
0.162310650107
0.0271713959519
0.0146335720783
0.015318897902
0.0145541520324
0.014498794917
0.022726113908
0.016392959049
0.0170858430211
0.015610702103
0.0157743659802
0.563909046934
0.0224795599934
0.0147878170246
0.0159618960461
0.016053832951
0.0329871029826
0.0159145039506
0.0160001550103
2.99838079396
0.0150090579409
0.0399357699789
0.0196485519409
4.06328098709
0.112142784987
0.0161917430814
0.0158597149421
0.0155926380539
0.0164949530736

layerTime
23.753081025
0.0449098679237
0.0122528399806
0.0123212119797
0.013834230951
50.981646953
0.233695760951
0.01265177608
1.78907131194
0.018571339082
0.0120942299254
0.0120406299829
0.0120280019473
0.0119838740211
0.0121659589931
0.0121589129558
0.0119858110556
0.0123653599294
0.0123379360884
4.18815160706
0.0120718319668
0.0120766169857
0.0121126299491
0.0125594430137
0.0119664560771
0.0122947429772
0.0122746359557
25.067297116
0.011986104073
0.250864984002
0.0124555879738
22.7779309209
0.923698586063
0.0121973819332
0.0122016919777
0.0122650259873
0.012617432978

checksumTime
0.0124512610491
0.0119288450805
0.011879038997
0.0120086090174
0.0119525870541
0.0121464559343
0.0118719070451
0.0118599819252
0.0121557610109
0.0119047309272
0.0117850900861
0.0118325570365
0.0117971270811
0.0117415550631
0.0162579950411
0.0150979739847
0.0117272828938
0.0120391820092
0.0120304119773
0.0118752539856
0.0119834840298
0.0128429969773
0.011817776016
0.01208102901
0.0120371070225
0.0120277720271
0.0120220080717
0.0118821889628
0.0127072969917
0.0120819910662
0.0119962759782
0.0118626130279
0.0121143799042
0.0119839770487
0.0119326990098
0.0119937859708
0.0470051580342




layer number :  37
150.973840018
0.15658162802

jsonTime
2.98059420905
0.0214277519844
0.0152785379905
0.0147228440037
0.0223239890765
5.97282387107
0.0361400349066
0.0155730070546
0.199080988066
0.0190732250921
0.0146804450778
0.022370747989
0.0160872690612
0.0146000320092
0.0153189549455
0.0152796480106
0.0226639340399
0.0146466820734
0.015737081063
0.539436310995
0.0150067330105
0.0163426120998
0.0289849019609
0.0157011200208
0.0154307070188
0.0156658280175
0.0155718659516
2.90412741003
0.0154109650757
0.0484513069969
0.016838235897
3.80924226996
0.0839610559633
0.0151794860139
0.0315837170929
0.0160764519824
0.0161675770069

layerTime
24.2578406479
0.0420680079842
0.0122417609673
0.0120540490607
0.0121424589306
52.857312741
0.205016590073
0.012164050946
1.96301095199
0.0187871599337
0.0120104199741
0.0121426740661
0.012822640012
0.0121306939982
0.01216501405
0.0120407519862
0.0122121500317
0.0122564409394
0.0123575199395
4.35712222802
0.0120073249564
0.0121680479497
0.0124288910301
0.0121967940358
0.0122304869583
0.0121737200534
0.0121212070808
25.3439417309
0.0120609649457
0.221546352957
0.0121452640742
23.16299163
0.504422500031
0.0121417670744
0.0124075529166
0.0122528979555
0.01224451093

checksumTime
0.0125940430444
0.0117596749915
0.0117488820106
0.0115751539124
0.0120901080081
0.0135382360313
0.0118195759133
0.0173487249995
0.0116723049432
0.011729980004
0.011756435968
0.0117835958954
0.0118441749364
0.0118382000364
0.0115917989751
0.011996502988
0.0118023939431
0.0120233449852
0.01198987104
0.0119934979593
0.0118468319997
0.0119355199859
0.0119059960125
0.0119986949721
0.0119877529796
0.011775676976
0.0119972999673
0.0130651689833
0.0121427080594
0.014519568067
0.0118173849769
0.0130410600686
0.0118847289123
0.0120289789047
0.012011293089
0.0119907930493
0.0471901510609




layer number :  37
151.303528299
0.141682439018

jsonTime
3.08697983203
0.0209878939204
0.0154047569958
0.0158623190364
0.0156495680567
6.35276500497
0.0359634259949
0.0163247500313
0.202201148961
0.0198010180611
0.0153655059403
0.0145744599868
0.0158043429255
0.0158059890382
0.0176238570129
0.0314362950157
0.0158377060434
0.0165154640563
0.0157763579627
0.539642938995
0.0284094070084
0.0154669929761
0.0154253150104
0.0152767810505
0.015448146034
0.0191001670901
0.0291296030628
2.89131718501
0.0175376140978
0.0488252040232
0.0255430979887
3.52307188697
0.0917455580784
0.0163099450292
0.0163529840065
0.0157837449806
0.0314624269959

layerTime
24.466954335
0.0421469790163
0.012187846005
0.0123228819575
0.0123052599374
52.473055799
0.437165378942
0.0122490959475
1.70862327609
0.0271227429621
0.0120720040286
0.012008557911
0.0122702080989
0.01230880199
0.0122234820155
0.0123906820081
0.0122352589387
0.0122283250093
0.012273147935
4.15825638699
0.0125760720111
0.012203959981
0.0122047399636
0.0122081020381
0.0121351969428
0.0182412830181
0.0123932529241
25.884957097
0.0119888229528
0.197569540935
0.0117839790182
23.097681392
0.540279478999
0.0122832249617
0.012240873999
0.0124887049897
0.0124508199515

checksumTime
0.0124754540157
0.0117062330246
0.011760991998
0.0120045529911
0.0119986149948
0.0120023230556
0.0121397790499
0.0122134999838
0.0118432849413
0.0117089450359
0.0118042300455
0.011801609071
0.0119488819037
0.0120194070041
0.0120045009535
0.0120258739917
0.0119894309901
0.0119055990363
0.0118971830234
0.0120070810663
0.0119481319562
0.0119112650864
0.0119462539442
0.0119047679473
0.0118699179729
0.0135005589109
0.0118335389998
0.01185617398
0.0118493420305
0.0142522660317
0.0114950690186
0.012837911956
0.0121355219744
0.0118756160373
0.0120233419584
0.0119580490282
0.0619166820543




layer number :  37
150.186562421
0.143124643015

jsonTime
2.80856639403
0.0218953849981
0.0235937240068
0.0146331640426
0.0146065040026
5.80909259
0.0391211479437
0.0319452950498
0.205875849002
0.0198773780139
0.0228025700198
0.015462487936
0.0142302969471
0.0145389880054
0.0170200009597
0.0313831820386
0.0200384119526
0.0169608440483
0.0156912030652
0.56190329697
0.0152723470237
0.0218261569971
0.0159568900708
0.0146921220003
0.0147120869951
0.0147515659919
0.0218221810646
2.80516400107
0.0244560230058
0.0408433540724
0.0241908660391
3.50444848998
0.0928142140619
0.0149677509908
0.0148561620153
0.0161361279897
0.0219078619266

layerTime
24.440380639
0.0440879530506
0.0121223640162
0.0120328440098
0.0120188429719
51.884135591
0.346606594045
0.0192789660068
1.75354305492
0.0192602300085
0.0119992089458
0.0120665410068
0.0120526009705
0.0120950730052
0.0122574979905
0.0123073710129
0.0136208799668
0.0122983929468
0.0122885919409
4.22312150302
0.0120554709574
0.012135358993
0.012066502939
0.0120019749738
0.012058428023
0.012055468047
0.0120954619488
25.799477084
0.0121837679762
0.216182407923
0.0122858099639
23.389451451
0.711410954944
0.0121202240698
0.0120708160102
0.0120629729936
0.0120584360557

checksumTime
0.012429410941
0.0117894789437
0.0117690319894
0.01170004101
0.012171344948
0.0129239300732
0.0117934709415
0.0120505440282
0.0120327119948
0.0117215460632
0.0115809780546
0.0118059910601
0.0116819019895
0.0121753130807
0.0119123629993
0.0120853129774
0.0117604410043
0.011951033026
0.0120277589886
0.0128088979982
0.0117674190551
0.013093505986
0.0117140680086
0.011753209983
0.0117969959974
0.0117963079829
0.0117381969467
0.0129460090538
0.0118655259721
0.01233843097
0.0130422960501
0.0129402299644
0.0118741859915
0.0119092189707
0.0126847289503
0.0118182360893
0.0480859669624




layer number :  37
150.076652582
0.138540681917

jsonTime
2.70649210201
0.0292104479158
0.0161071809707
0.0147332880879
0.0147742599947
5.91090264707
0.0371827409836
0.0156950230012
0.204350359971
0.0194460040657
0.0152955850353
0.0176010429859
0.0218567620032
0.0163279540138
0.0152626089985
0.0149173350073
0.0147240370279
0.0218261899427
0.0149325910024
0.474423835054
0.0150323800044
0.0148191029439
0.0149027369916
0.0215398159344
0.0156367529416
0.0147093370324
0.0146893300116
2.78630732698
0.0154674790101
0.0425324130338
0.0191789550008
3.57532413804
0.0793839480029
0.0150537349982
0.0148031769786
0.0156484179897
0.0148044230882

layerTime
23.996841635
0.0400989510817
0.0120633799816
0.0120374819962
0.0120583580574
52.5864982379
0.333404901088
0.0122108329087
1.56003699906
0.0182446580147
0.0121995880036
0.0120633629849
0.012355874991
0.0128763440298
0.0120775629766
0.0121156080859
0.0123298109975
0.0122538140276
0.0121364659863
4.15259057598
0.0120225470746
0.0120414450066
0.0118346060626
0.0123497830937
0.0118557220558
0.0121195620159
0.0119931319496
25.655804127
0.0121577299433
0.368962512934
0.0127455990296
23.415428249
0.715349307051
0.0120151489973
0.012209712062
0.0120857539587
0.0120604109252

checksumTime
0.0124829850392
0.011786137009
0.0117730699712
0.0117767759366
0.0119648629334
0.0120029150276
0.0130274629919
0.0119065770414
0.0119547989452
0.0117502749199
0.0164078390226
0.0118562020361
0.0117344029713
0.0117671169573
0.0118463509716
0.0117673259228
0.0118165380554
0.0119727799902
0.0119020299753
0.0120040379697
0.0117512469878
0.0118343239883
0.0115682419855
0.0118703669868
0.0117613059701
0.0117124179378
0.0117408350343
0.0130262210732
0.0127680810401
0.0120252519846
0.0119286179543
0.0133889089338
0.0118603029987
0.0117415359709
0.0120635549538
0.0118665969931
0.0454073389992




layer number :  37
152.356545759
0.145524185966

jsonTime
2.69298611302
0.0215246749576
0.0154733010568
0.0154391070828
0.0145401560003
6.36318245903
0.0375249210047
0.0158904130803
0.202375771012
0.0204065809958
0.0147562349448
0.0146508819889
0.0146450569155
0.0230780160055
0.0155530979391
0.0171613319544
0.0156783800339
0.0164661060553
0.0320564110298
0.523723145016
0.0151486970717
0.0153653599555
0.0156210360583
0.0148072399898
0.022496929043
0.0158341759816
0.0149817710044
2.82508239604
0.0152494319482
0.0388255399885
0.0187389580533
3.67256897897
0.123100136989
0.0158408159623
0.0162743779365
0.0163294170052
0.0159531249665

layerTime
24.846418745
0.0428455290385
0.0122802680125
0.0120800950099
0.0120452180272
52.725892514
0.280466316966
0.012230861932
1.84177388391
0.0197889109841
0.01227286004
0.0120667499723
0.0119943900499
0.0121068399167
0.0120498799952
0.0122310339939
0.0122685499955
0.0122588030063
0.0128840159159
4.30269253498
0.012256279937
0.0120257349918
0.0120224599959
0.0119875859236
0.012044176925
0.0121070919558
0.0122415659716
25.635394646
0.0131229400868
0.269580706954
0.0123746889876
23.63921154
0.836568195955
0.0140693240101
0.0123286570888
0.0122884119628
0.0122906189645

checksumTime
0.0120280949632
0.011780109955
0.0117579349317
0.0116751469905
0.0121096159564
0.0153532730183
0.0129815839464
0.0119402500568
0.0121043090476
0.0117631590692
0.0117083189543
0.011805404094
0.0116937080165
0.0117601060774
0.0128661490744
0.0119421290001
0.0119300449733
0.0122647179523
0.0119984230259
0.0119169229874
0.0127982620616
0.01272629702
0.0117849929957
0.0116887430195
0.0117751940852
0.0116912340745
0.01173379994
0.0119573520496
0.0122102979803
0.0120943560032
0.0119345609564
0.0119873411022
0.0119758530054
0.0119795580395
0.0119751259917
0.0119593370473
0.0446670050733




layer number :  37
153.950072307
0.160495922086

jsonTime
2.87844748702
0.0303455709945
0.017079771962
0.0319112710422
0.0158871300519
6.27469315496
0.0369334770367
0.0147245459957
0.154479375924
0.0201511839405
0.0154137409991
0.014999665902
0.0146943840664
0.0145941389492
0.0334378989646
0.0156910520745
0.0155396590708
0.015529731987
0.0158924800344
0.551864927053
0.0230878799921
0.0148940989748
0.0148723890306
0.0146161190933
0.0218522869982
0.0148178159725
0.0148281030124
2.75895926193
0.015714543988
0.0395887630293
0.0187650580192
3.87499903806
0.0905571440235
0.016189924092
0.0158860069932
0.0161267139483
0.0158615789842

layerTime
24.663473365
0.0819336629938
0.0123104719678
0.0137354109902
0.0122871539788
53.399228835
0.219927108032
0.0121487389551
1.80878075899
0.0198834830662
0.0158076990629
0.0121181360446
0.0120552330045
0.0124789150432
0.0123579190113
0.0122351290192
0.0122707720147
0.012305398006
0.0124157500686
4.23914635193
0.0126742660068
0.0119770140154
0.0119354539784
0.0120574489702
0.0120761879953
0.0120256870287
0.0119842760032
26.159679017
0.0122813880444
0.255011106958
0.012436343939
24.180131182
0.787564803963
0.0122380009852
0.0122887350153
0.0122310490115
0.0123173869215

checksumTime
0.0121994169895
0.0119705219986
0.0120000980096
0.0119908059714
0.011982179014
0.0136098229559
0.0118380140048
0.0117592620663
0.0117903740611
0.0127915169578
0.0128821770195
0.0116844519507
0.0117829589872
0.0119870590279
0.0119813629426
0.0119976449059
0.0119629269466
0.0120159579674
0.0118492379552
0.0121503110277
0.0118210730143
0.0117563189706
0.0117740939604
0.0116604419891
0.0119850999909
0.0118220669683
0.0117900540354
0.0126310919877
0.0127555819927
0.0120587190613
0.0119877969846
0.0119371709879
0.0120823449688
0.0119478539564
0.0119311150629
0.0119512650417
0.0428256320301




