layer number :  6
36.1390384061
0.0603435520316

jsonTime
0.0152191250818
2.89838091901
0.0215658360394
0.015922258026
0.0147306839935
0.14249416301

layerTime
0.0122807039879
30.3728982999
0.0420566349057
0.0121636630502
0.0123129109852
2.412795702

checksumTime
0.011979236966
0.012228014064
0.0118305099895
0.0116838950198
0.0121118689422
0.035399435088




layer number :  6
37.004355364
0.0566498490516

jsonTime
0.0329933960456
2.69308452599
0.0219341380289
0.0160893080756
0.0146876750514
0.153635569033

layerTime
0.0124313950073
31.1352159281
0.0406064329436
0.0124556369847
0.0120995360194
2.69963146606

checksumTime
0.0120251439512
0.0121040999657
0.0118648019852
0.0116715339245
0.011835158919
0.0326622739667




layer number :  6
36.6306273191
0.0604337770492

jsonTime
0.0328276270302
3.12708323402
0.0219631199725
0.0155346710235
0.0153571499977
0.149236995028

layerTime
0.0123423150508
30.2933293299
0.041793707991
0.0121033790056
0.0121145599987
2.67270292703

checksumTime
0.0120172839379
0.0123291030759
0.0119612839771
0.0116728709545
0.0117913860595
0.0934101709863




layer number :  6
38.0513752401
0.0588110929821

jsonTime
0.0320031939773
3.11889326805
0.0215402869508
0.0157274309313
0.0147183389636
0.145162587985

layerTime
0.0123392799869
31.668664278
0.052095442079
0.0122193840798
0.0121361339698
2.77268722001

checksumTime
0.012110081967
0.0122021730058
0.0119412239874
0.0117695679655
0.0117943390505
0.0439650800545




layer number :  6
37.548774524
0.0579396720277

jsonTime
0.0145619279938
3.06424623891
0.0207675009733
0.0155183300376
0.0153422720032
0.152331041987

layerTime
0.0117421890609
31.3232214721
0.0402669500327
0.0122932159575
0.0119969659718
2.70193563891

checksumTime
0.0119328360306
0.011658258969
0.0117728499463
0.01190103509
0.0117155000335
0.0372080750531




layer number :  6
38.305636242
0.0566019039834

jsonTime
0.0152454470517
3.01552464894
0.0300457610283
0.0171890680213
0.0156877499539
0.175040266011

layerTime
0.012254472007
31.8338317401
0.081619470031
0.0123586249538
0.0122532740934
2.92653848697

checksumTime
0.0119719259674
0.0125534739345
0.0119474129751
0.0126127540134
0.0119526039343
0.0298259720439




layer number :  6
37.4315457841
0.0596504940186

jsonTime
0.0162400869885
2.63636974397
0.0225347790401
0.0154597340152
0.0155546999304
0.200095345033

layerTime
0.0124310870888
31.325707856
0.0404689389979
0.0120508869877
0.0121410930296
2.95230916399

checksumTime
0.0119549880037
0.0122382009868
0.0117673079949
0.0116622470086
0.011848471011
0.0403781790519




layer number :  6
35.665693591
0.0601203429978

jsonTime
0.0162273220485
2.71257855697
0.0216361300554
0.0153434100794
0.0147220169893
0.140344691928

layerTime
0.0123504579533
29.7823017751
0.0404973858967
0.012187084998
0.0120350549696
2.72189505806

checksumTime
0.0119739200454
0.011897661956
0.0115591150243
0.0117605449632
0.0123227090808
0.0333045179723




layer number :  6
36.937571008
0.058531646966

jsonTime
0.0150411759969
3.07613719604
0.0216703689657
0.0154313789681
0.014885809971
0.147303462029

layerTime
0.0122805469437
30.656003488
0.0417590440484
0.0120714349905
0.0123392139794
2.74755121698

checksumTime
0.0119829940377
0.0124173460063
0.0117225679569
0.0117642830592
0.0117493839934
0.0363482310204




layer number :  6
37.7711553479
0.0570439710282

jsonTime
0.0153675349429
2.95096263802
0.0205852889922
0.0159970589448
0.0146681080805
0.174041474005

layerTime
0.0121983820572
31.4014537629
0.0418363609351
0.0122702589724
0.0120417979779
2.93691092206

checksumTime
0.011997936992
0.0121442910749
0.0107785090804
0.0121257409919
0.0116824579891
0.0363826788962




