layer number :  27
123.210054561
0.114016233012

jsonTime
0.0307845089119
3.125571443
0.0214544669725
0.0161959709367
0.0154467959655
0.227977229981
0.0148639450781
2.85308113007
0.0234867410036
0.0154125799891
0.0182027590927
0.0153231370496
0.0147205189569
0.0222318499582
3.51431108906
0.0166289459448
0.0138567379909
0.0217918299604
0.0147920500021
0.014320804039
1.46792721399
0.0158293510322
1.71468315006
0.0151003469946
0.015555539052
0.0149746689713
0.0144538889872

layerTime
0.0121299900347
23.443100197
0.042074684985
0.0122488240013
0.0123683440033
1.312154799
0.0120339369169
29.185340905
0.0120862510521
0.0120862059994
0.0163214119384
0.0114319470013
0.0120434099808
0.0120519399643
29.760821229
0.0116522160824
0.0120078339241
0.0120591920568
0.0120322770672
0.0118643559981
11.048642674
0.0154574409826
14.4159700819
0.0119526489871
0.0119840339758
0.0140211110702
0.0121173110092

checksumTime
0.0120800510049
0.0121439240174
0.0117046140367
0.0117963420926
0.0119969740044
0.0119379069656
0.0117874930147
0.011911805952
0.0115976949455
0.0117550849682
0.0117546609836
0.0117060870398
0.0121438370552
0.0119424579898
0.0147793140495
0.0110885329777
0.0117312560324
0.011713883956
0.0118629649514
0.0116599230096
0.0127986789448
0.0130753869889
0.0134161690949
0.0117712499341
0.011686797021
0.0125493009109
0.0437719930196




layer number :  27
122.961312811
0.115097429021

jsonTime
0.0540983179817
3.0373887039
0.0219233229291
0.0164129449986
0.015240837005
0.128260190017
0.0149467099691
2.7254550209
0.0161679130979
0.0152888480807
0.0181462739129
0.0148790850071
0.0143314020243
0.0147635310423
3.46234424994
0.0146138960263
0.0189971909858
0.0215943100629
0.0149063239805
0.0146766039543
1.39147869102
0.0153152339626
1.74488682405
0.0163583880058
0.0148797628935
0.0150722629623
0.0155144520104

layerTime
0.0124922249233
23.4356031071
0.0412385220407
0.012123545981
0.0121234779945
1.163184601
0.0120409569936
29.3699756281
0.0123350089416
0.0120154189644
0.0163161760429
0.012781798956
0.0119529209333
0.0120841820026
29.71188433
0.0119491229998
0.0126657759538
0.0115725039504
0.0118956710212
0.0119213380385
11.049208477
0.0120666030562
14.558809169
0.0121970740147
0.0122099820292
0.0120185799897
0.0119777800282

checksumTime
0.0119995730929
0.012642532005
0.0118593130028
0.0116299579386
0.019077274017
0.0121446420671
0.0117081820499
0.0121792888967
0.0117184299743
0.0117332020309
0.0122518680291
0.0119768780423
0.0117319159908
0.011839075014
0.0122712999582
0.0116487370105
0.0112336650491
0.0116705079563
0.0116534390254
0.0116263920208
0.0116301579401
0.0117929310072
0.0162138729356
0.0117660900578
0.0117172780447
0.0117136370391
0.0715619389666




layer number :  27
123.414081502
0.112410939997

jsonTime
0.0336685579969
2.98305164801
0.0215355409309
0.0171014780644
0.0151125619886
0.136308577028
0.0150928819785
2.73883444897
0.0247297909809
0.0155684370548
0.019266510033
0.0145584080601
0.0148203748977
0.0148184749996
3.45884264389
0.0162279749056
0.0146528170444
0.0218836800195
0.0147710299352
0.0148131110473
1.52164855495
0.0149695300497
1.88326323405
0.0159279189538
0.015556009952
0.01652345201
0.0155478080269

layerTime
0.0124190700008
23.769300273
0.0421219370328
0.0120875820285
0.0122957800049
1.15396585595
0.0122104749316
29.108015502
0.0131577069405
0.0122060299618
0.0155474429484
0.0119981939206
0.0119577110745
0.0121327259112
29.9080836991
0.0120978890918
0.0120126650436
0.0121583630098
0.0120447580703
0.0119997250149
11.0314200111
0.0120358299464
14.565553857
0.012286731042
0.0122684140224
0.0132335990202
0.0122043220326

checksumTime
0.0120571929729
0.0122331220191
0.0118658769643
0.011489248951
0.0117448089877
0.0119752060855
0.0116422830615
0.0161189520732
0.0121331489645
0.0117437710287
0.0118069950258
0.0118587220786
0.0116447550245
0.0118125980953
0.0133804150391
0.011096366914
0.0117192849284
0.0118301790208
0.0117718789261
0.0118337239837
0.0119172009872
0.011973554967
0.0128923429875
0.0120068830438
0.0115607839543
0.0122276309412
0.060604078928




layer number :  27
123.557842787
0.112572983955

jsonTime
0.0321141030872
3.04456999397
0.0235767270206
0.0165606220253
0.0152422060492
0.214810337056
0.0145063720411
2.70748670003
0.0234881340293
0.01528095291
0.018163277884
0.0146634019911
0.0145534490002
0.0140635329299
3.53594650596
0.0148431569105
0.0145294710528
0.0220277810004
0.0168173779966
0.0157503730152
1.43593073497
0.0156622469658
1.77184592409
0.0156801160192
0.0145108179422
0.0152613359969
0.0154745089822

layerTime
0.012534606969
23.711762525
0.0472317470703
0.0122058619745
0.0121900379891
1.37556378695
0.0122505699983
29.32866765
0.0126277359668
0.0120269170729
0.0163315751124
0.0120147769339
0.0120910350233
0.012027470977
29.662438101
0.0120898080058
0.0120275779627
0.0121038989164
0.0117652100744
0.0120309499325
11.0629783761
0.0125840520486
14.5499303279
0.0121496639913
0.0120225480059
0.011930410983
0.0120779080316

checksumTime
0.0119751340244
0.011914899922
0.0117008039961
0.0117329169298
0.01175397099
0.0116951969685
0.0119602009654
0.0131120029837
0.0120328060584
0.0118047200376
0.0118425789988
0.0117283830186
0.0122462690342
0.0117500150809
0.0122285910184
0.0117453869898
0.0117380950833
0.0163892389974
0.0131951170042
0.0117575010518
0.0125165979844
0.012835998903
0.0119487160118
0.0122726940317
0.0119049750501
0.0112828960409
0.0586826798972




layer number :  27
124.92921163
0.113876705989

jsonTime
0.0342699310277
3.02073437895
0.0289845450316
0.0159505989868
0.0162522809114
0.217580619967
0.0148914849851
2.76452270197
0.015274914098
0.0151088279672
0.0180319920182
0.0158179911086
0.0343352879863
0.0158256479772
3.68749528099
0.0149177429266
0.0145990860183
0.0156019739807
0.0155502129346
0.0160824860213
1.57597186009
0.0164736619918
1.73673109396
0.016231322079
0.0145772420801
0.0329586830921
0.0158482620027

layerTime
0.0126057489542
23.431932254
0.0410245630192
0.0121345110238
0.0123480150942
1.285672292
0.011988542974
29.5127809061
0.0120982399676
0.0120325289899
0.0167146469466
0.0122422479326
0.0123511999846
0.0122163289925
29.5592292841
0.0120505200466
0.0120104469825
0.0120180180529
0.0122031209758
0.0122550820233
11.6083140429
0.0119603950297
15.3407324001
0.0121027299901
0.0122820129618
0.012330375961
0.0121972350171

checksumTime
0.0120160860242
0.0120356460102
0.0118333669379
0.0117669240572
0.0119804010028
0.0117061489727
0.0117702190764
0.0116542729083
0.0118082440458
0.0117597189965
0.0119790639728
0.0119878950063
0.0119572860422
0.0119320059894
0.0119759170339
0.0117896139855
0.0117302429862
0.0119595120195
0.011946692015
0.0119642289355
0.016041193041
0.0113200210035
0.0118152569048
0.0117428959347
0.0118042889517
0.011954755988
0.064082346973




layer number :  27
122.360298467
0.115753017948

jsonTime
0.0153716329951
3.04638852202
0.0217918320559
0.0165261330549
0.015738536953
0.135257952963
0.0148641320411
2.77582485799
0.0156773619819
0.0226679509506
0.0188871170394
0.0138141759671
0.0146249979734
0.0145337879658
3.536298463
0.0150680680526
0.0152746549575
0.0219840119826
0.0147734410129
0.0155720330076
1.50262899802
0.0193601020146
1.68141252792
0.0171997849829
0.0145258059492
0.0144201189978
0.0148024329683

layerTime
0.0124137420207
23.380092392
0.0419982009334
0.0126010240056
0.0121710189851
0.915858631954
0.0121079039527
28.9720924109
0.0121041670209
0.0120938370237
0.0162683780072
0.0119992740219
0.012015832006
0.011996412999
29.739896315
0.0120435659774
0.0119842780987
0.0120885249926
0.0121022249805
0.0119994949782
11.101421105
0.012994301971
14.4479210561
0.0121247411007
0.0121221420122
0.0121399280615
0.0119873980293

checksumTime
0.0120514259906
0.0125615319703
0.0120631259633
0.0119883050211
0.0118386760587
0.0122027270263
0.011789838085
0.0119524560869
0.0119534559781
0.0127997209784
0.0126232720213
0.0117519820342
0.0117714259541
0.0117939780466
0.0120216489304
0.0129414719995
0.0118067449657
0.0118019529618
0.0116492460947
0.0116676139878
0.011624597013
0.0116719090147
0.0160347629571
0.0117269749753
0.0113651889842
0.0118818259798
0.0463897510199




layer number :  27
124.073029457
0.110594742

jsonTime
0.0341704919701
3.00840171601
0.0294792420464
0.0161743810168
0.0154724629829
0.146427726955
0.0148777809227
2.99742954306
0.0162466559559
0.0151323139435
0.0182604419533
0.0148990359157
0.0220380729297
0.0155244329944
3.71472192509
0.0216230420629
0.0145377749577
0.0144469849765
0.0144082249608
0.0146854389459
1.458661046
0.0161404190585
1.65070542705
0.0150579019682
0.0148327839561
0.022366721998
0.0146837789798

layerTime
0.0122790400637
23.768247544
0.0416247829562
0.0122073409148
0.0121882040985
1.11978615401
0.0120289820479
29.071620054
0.0120964050293
0.0120713179931
0.0164607500192
0.0120255690999
0.0123008260271
0.0122664649971
30.039850196
0.0119850699557
0.0119252919685
0.0119504970498
0.0119638970355
0.011927086045
10.846246048
0.0120901500341
15.1155305919
0.0137575920671
0.0120896509616
0.0123746470781
0.0121622700244

checksumTime
0.0118499760283
0.0121332559502
0.0119366970612
0.011791373021
0.0117841409519
0.0114365620539
0.0120111519936
0.0118381850189
0.01171789004
0.0117589830188
0.0119550380623
0.0116892959923
0.0119776159991
0.0121978069656
0.0117704109289
0.0116791790351
0.0118840730283
0.0117111239815
0.0116948840441
0.0116996580036
0.0134354479378
0.0118970499607
0.0126755610108
0.0126380600268
0.0117682029959
0.0118479810189
0.0383377459366




layer number :  27
123.253693669
0.114427829976

jsonTime
0.0152021059766
2.79940878006
0.0212282880675
0.0160384349292
0.0227707709419
0.126607866958
0.0148052689619
2.96021972899
0.0158180650324
0.0150800930569
0.0189501380082
0.0146748659899
0.0149801160442
0.0148916100152
3.55153403396
0.0162146639777
0.0147907780483
0.023058568011
0.0147466710769
0.0150625539245
1.51660132909
0.0152681439649
1.81760008493
0.0153734899359
0.0149920899421
0.0163793949177
0.0158213300165

layerTime
0.012127071037
23.671161221
0.0407100149896
0.012118783081
0.012205686071
1.1319961691
0.0119927569758
28.900929818
0.0120703279972
0.0122674580198
0.0162408410106
0.0120532360161
0.0119608530076
0.0121766380034
30.283937335
0.0120676499791
0.0123511010315
0.0125181149924
0.0120945849922
0.0121522030095
10.919016541
0.0119937550044
14.4339033801
0.0123756800313
0.0121159249684
0.0120589709841
0.0120658279629

checksumTime
0.0118338039611
0.0119546139613
0.0116853360087
0.0117129900027
0.0118173669325
0.0117926619714
0.0115821850486
0.0121967348969
0.0117023669882
0.0118413089076
0.0118174370145
0.0117359670112
0.0117023059865
0.0139450290008
0.012913928018
0.0120668739546
0.0118857069174
0.011744390009
0.0117112949956
0.0117897579912
0.0118187320186
0.011779516004
0.0118490690365
0.0131989580113
0.0137711591087
0.0128635220462
0.0669005949749




layer number :  27
122.271108157
0.115802214947

jsonTime
0.0322925610235
2.87871829106
0.0223236030433
0.0160624770215
0.0153721378883
0.133027795935
0.0147299149539
3.05519911693
0.0158075329382
0.0288710939931
0.0237297819695
0.0157213229686
0.0156441630097
0.0155904919375
3.69144211197
0.0157579790102
0.0174658029573
0.0221425410127
0.0167428440182
0.0149022700498
1.39841994096
0.0154164039996
1.64813665207
0.0155860220548
0.0146847720025
0.0155891539762
0.0148317979183

layerTime
0.0124145400478
23.214962689
0.0404274569592
0.0122724290704
0.0122003200231
0.905571315088
0.0121217919514
29.019941378
0.0121953829657
0.0123337010155
0.0231366580119
0.0122016920941
0.0122905470198
0.0121753590647
29.660805574
0.0119972759858
0.0128696709871
0.0121251540259
0.0120858409209
0.0120702189161
11.043931946
0.0120856580324
14.4451249919
0.0119774959749
0.0121336509474
0.011886183056
0.0119649530388

checksumTime
0.0119924609317
0.0137330029393
0.0121711000102
0.011792136007
0.0117836800637
0.0117954110028
0.0120790750952
0.0120448790258
0.0117782190209
0.0121309090173
0.0119556169957
0.0119288469432
0.0119344349951
0.0119596989825
0.0118536050431
0.0167314279824
0.0117808160139
0.0160734310048
0.012623194023
0.0119339490775
0.0119935979601
0.0127952209441
0.0118786439998
0.0117166120326
0.0128685840173
0.0118085379945
0.0517915240489




layer number :  27
123.542113248
0.111525829998

jsonTime
0.0345570810605
2.83297253691
0.0289943219395
0.017034532968
0.0152651410317
0.132054317975
0.0151878629113
3.217741473
0.0157920990605
0.0152259079041
0.0183908580802
0.0140011460753
0.0221612650203
0.0146845569834
3.52085985395
0.0182315650163
0.0295221609995
0.0155262409244
0.014847438084
0.015893436037
1.55537917197
0.0224251899635
1.74304627592
0.0169652319746
0.0148111629533
0.0154814770212
0.0220880919369

layerTime
0.0123618899379
23.3874515811
0.0415808369871
0.0124894690234
0.0124161739368
0.901095394045
0.0120115519967
29.1803052521
0.012049661018
0.0120995590696
0.0163089350099
0.0119939629221
0.0122796660289
0.012024146039
29.52176571
0.0122474610107
0.0123795929831
0.0121926199645
0.0121707849903
0.0122625679942
11.0498890689
0.0120678190142
15.335127573
0.0129683860578
0.0119814830832
0.0120079549961
0.0119903010782

checksumTime
0.0119498510612
0.0122062260052
0.0119491260266
0.0119692960288
0.0117225470021
0.0121581100393
0.0116044100141
0.0120503508952
0.0116364320274
0.0117524919333
0.0115202139132
0.0116680710344
0.011698224931
0.0121856230544
0.0175091089914
0.0118896230124
0.0119509560755
0.0125967930071
0.0118811529828
0.011853619013
0.0117340640863
0.011745012016
0.0158673090627
0.0117708139587
0.0118026129203
0.0117922900245
0.0367332189344




