layer number :  22
88.2634644751
0.0997857480543

jsonTime
0.0162549969973
2.95013183705
0.022105252021
0.0153991560219
0.0225340879988
0.0145948460558
1.674528223
0.0190800779965
0.0163667600136
0.0155558220576
0.0221423360053
0.015437962953
0.0165467780316
0.015232674079
0.0147903509205
0.0148686710745
0.0219196568942
2.18077503401
0.249352238025
0.0256118510151
0.0150854120729
0.0147783659631

layerTime
0.0122548040235
31.463052652
0.0436549569713
0.0121639579302
0.0121392710134
0.0120507939719
20.594803217
0.0123484700453
0.0124919039663
0.0121578580001
0.0121904569678
0.0121836890467
0.0121599779231
0.0121154549997
0.0121171600185
0.0120707269525
0.012192722992
25.8851750811
2.29711937299
0.0123124640668
0.0120619889349
0.0120949159609

checksumTime
0.0119616140146
0.0120231549954
0.011978605995
0.0118433920434
0.0117486519739
0.0117893350543
0.0123490359401
0.0118360070046
0.0118401419604
0.0116194660077
0.0117270250339
0.0130541559774
0.0116798509844
0.0117623429978
0.011794015998
0.0118087980663
0.0119145800127
0.0163797709392
0.0120916019659
0.0119206669042
0.0118141440907
0.0339491830673




layer number :  22
87.877125827
0.0981219760142

jsonTime
0.0154276199173
3.05905232695
0.021680922946
0.0165601749904
0.0147170999553
0.0145775639685
1.701833589
0.0157193969935
0.0236988329561
0.0149314110167
0.0147050690139
0.0151206200244
0.0154011219274
0.0152268720558
0.0311869540019
0.0159168579848
0.0156891969964
2.47736619005
0.259818249964
0.0180095150135
0.0160357459681
0.0147802280262

layerTime
0.0122595080175
28.315993736
0.0421805731021
0.019516253029
0.0120342940791
0.012042411021
21.164714379
0.0123088069959
0.01214918599
0.0119647560641
0.0120871389518
0.0120120680658
0.0120459700702
0.0124377330067
0.0123363229213
0.0122784039704
0.0121243849862
27.8000993039
2.12873861403
0.0122637010645
0.0130928279832
0.0121064860141

checksumTime
0.0120338540291
0.0125628520036
0.0118232719833
0.0119094669353
0.0117054909933
0.0120263439603
0.0119603790808
0.0121539479587
0.0117237350205
0.0116881509311
0.0119212910067
0.0118184139719
0.0116961449385
0.0118205830222
0.0119779810775
0.0119357750518
0.0119919589488
0.01222877705
0.011893008952
0.0162380120018
0.0122288489947
0.0386117289308




layer number :  22
89.629271925
0.0979856289923

jsonTime
0.0329374079593
2.95399310498
0.030140304938
0.0172151370207
0.0157923889346
0.0173802889185
1.95329584903
0.0159105070634
0.0158829760039
0.0149775079917
0.0231612430653
0.0161496199435
0.0151530109579
0.0150337769883
0.0138913439587
0.0225411669817
0.0155436799396
2.38883430394
0.185192413046
0.0183444659924
0.0146388270659
0.014654685976

layerTime
0.0124388609547
32.5092141021
0.0817167670466
0.0123927160166
0.0122292130254
0.0121985570295
20.4260735379
0.0121428359998
0.0122066569747
0.0119857279351
0.0120878679445
0.0121107150335
0.0122512670932
0.012117518927
0.0120105190435
0.0123675519135
0.0122543250909
26.290110362
1.88622246194
0.0133503540419
0.0120741010178
0.0120398270665

checksumTime
0.0120047240052
0.0124922080431
0.0119935739785
0.011993956985
0.0278446100419
0.0119410570478
0.0120834870031
0.0117722610012
0.0117606150452
0.0117317739641
0.0119992870605
0.0117472650018
0.0115731729893
0.0113826360321
0.0117056730669
0.0119502440793
0.0119184349896
0.0119256899925
0.0138893990079
0.0121782169444
0.011731512961
0.0406755509321




layer number :  22
86.3346650359
0.0968709540321

jsonTime
0.0328530370025
2.934147686
0.0304221709957
0.0173589880578
0.0158200290753
0.0351015919587
1.89326843806
0.0178723610006
0.0180432739435
0.016241756035
0.0322252749465
0.0168505030451
0.0172190610319
0.0168213639408
0.0157217329834
0.0314438840142
0.0165652139112
2.46022473101
0.196443226072
0.0182563019916
0.0145030660788
0.0144117989112

layerTime
0.0123855220154
31.05458617
0.0825600340031
0.0122065709438
0.0122648029355
0.0120876550209
19.497249159
0.0122486059554
0.0124114879873
0.0122501839651
0.0122544020414
0.0121630619979
0.012458615005
0.0121769870166
0.0121978659881
0.0123974720482
0.0122311580926
25.6099405481
1.61760907096
0.0138455779525
0.0119381139521
0.011969743995

checksumTime
0.0119671479333
0.0124090290628
0.0122551359236
0.0121884159744
0.0119277490303
0.0117437429726
0.0120273500215
0.0118584380252
0.0118877290515
0.0118971270276
0.0121851639124
0.0118289879756
0.0118672880344
0.0119252420263
0.0119210659759
0.0119576560101
0.0119816059014
0.0157936889445
0.0133588720346
0.0125008709729
0.011647092062
0.0365878120065




layer number :  22
89.2018514799
0.100398729905

jsonTime
0.0329033520538
2.82457750803
0.0218940209597
0.0155976850074
0.0218589240685
0.0139779349556
1.61096896196
0.0165547420038
0.0160824479535
0.0149898959789
0.0149087019963
0.022724437993
0.0153666919796
0.0152607019991
0.0159193569561
0.0159211970167
0.0318062100559
2.44258040807
0.197646010085
0.0199793260545
0.0220917849801
0.0146657320438

layerTime
0.0124035530025
31.0807365259
0.0404076509876
0.0121309680399
0.0121185199823
0.012112608063
20.33087966
0.0122499390272
0.0122122820467
0.0120746720349
0.0120373590617
0.0121064379346
0.0120841501048
0.0122773729963
0.0122057639528
0.0123198030051
0.0126065249788
28.053407362
1.670371874
0.0124522290425
0.0121008530259
0.0122983040055

checksumTime
0.0120077689644
0.0124598840484
0.0118692190154
0.0117990089348
0.01140175201
0.0117653619964
0.0112705540378
0.0116534279659
0.0118125230074
0.0117600689409
0.0117660500109
0.0117648940068
0.0115232249955
0.0117261710111
0.0119975520065
0.0119153569685
0.0117624569684
0.016540957964
0.0160190789029
0.0116807390004
0.0116888679331
0.0325295289513




layer number :  22
86.011326179
0.0997603849974

jsonTime
0.0330601360183
2.65161824098
0.0216683810577
0.0158764410298
0.0219392200233
0.015526370029
1.70802670904
0.0159022340085
0.0159519310109
0.0163411899703
0.0162951690145
0.0326046140399
0.0173520970857
0.0163889080286
0.0157222799025
0.0156378030078
0.0320936279604
2.406474708
0.27119605802
0.0201277930755
0.0219461580273
0.0146937950049

layerTime
0.012423358974
30.134326239
0.0406396209728
0.0122445869492
0.0122002930148
0.0123497829773
19.329892867
0.0122491009533
0.0121497450164
0.0122741590021
0.0122871740023
0.0123654869385
0.0123013429111
0.0122937089764
0.0122074030805
0.0122138700681
0.0121258560102
26.661125761
1.83803748398
0.0124128649477
0.0120710650226
0.0119713000022

checksumTime
0.0119617290329
0.0126295799855
0.0118109670002
0.0117377319839
0.0117560930084
0.0119079579599
0.0123286959715
0.0117627800209
0.0117947210092
0.0118825850077
0.011916539981
0.0119316839846
0.0119839539984
0.0118959971005
0.0119374619098
0.0119409780018
0.0117362639867
0.0122003450524
0.0157505839597
0.0117906359956
0.0118387138937
0.0377021370223




layer number :  22
86.459801211
0.0996408140054

jsonTime
0.0329694719985
2.93900764501
0.0303782530827
0.0171866709134
0.0159090450034
0.0351108530303
1.91629725299
0.0174049299676
0.0177869530162
0.0159917069832
0.0298284579767
0.0160682291025
0.0176378489705
0.0165119729936
0.0155638420256
0.0290764769306
0.0155791389989
2.23925341293
0.203245717916
0.0207981070271
0.0166091690771
0.0152727490058

layerTime
0.0124424790265
29.9332517961
0.0823050929466
0.012417879072
0.0122431149939
0.0123095440213
19.8953387049
0.0123507360695
0.0123152429005
0.0124972059857
0.0123601820087
0.0122790319147
0.0121831210563
0.0117414660053
0.0123391669476
0.0122521719895
0.0121637459379
26.3542859941
1.89547548909
0.0124352310086
0.0134377749637
0.0120924189687

checksumTime
0.0119989759987
0.0126488119131
0.0119675630704
0.012025945005
0.0119154439308
0.0119633700233
0.0122624350479
0.0119587919908
0.0118962370325
0.0121054740157
0.0216966459993
0.0119033450028
0.0118786810199
0.0116902099689
0.0120016920846
0.0120944670634
0.0118837910704
0.0130932600005
0.0165103009203
0.0155852349708
0.0122635969892
0.0340789069887




layer number :  22
84.296394432
0.0987747350009

jsonTime
0.0330548459897
2.92781391996
0.0219245129265
0.0154146479908
0.0147316330113
0.0220462479629
1.64680962299
0.0162452600198
0.0156725000124
0.0162919400027
0.0319379230496
0.0170291569084
0.0187689110171
0.0169164179824
0.0153837400721
0.0312260930659
0.0156304100528
2.45108800998
0.201390529983
0.0211905860342
0.0155780939385
0.0152246669168

layerTime
0.0124149729963
30.615095278
0.0422315670876
0.0121536270017
0.0120459899772
0.0121716660215
17.991779509
0.0122501970036
0.0117063579382
0.0121470560553
0.0126008000225
0.0122486170148
0.0123674109345
0.012271091924
0.0121062649414
0.0122340200469
0.0123040309409
25.073212572
2.39309707598
0.012423436041
0.0121863390086
0.0121739460155

checksumTime
0.0119844930014
0.0122267870465
0.0118673259858
0.0117208659649
0.0117471370613
0.0118341239868
0.0123248950113
0.0116951710079
0.0116406569723
0.0118698829319
0.012027060031
0.0119579880266
0.0120526740793
0.0118181350408
0.0118336329469
0.0119214279111
0.0119013290387
0.0120307489997
0.0119883070001
0.0119246729882
0.0119416060625
0.0319089019904




layer number :  22
81.061751807
0.100977730006

jsonTime
0.0328778789844
2.63618609903
0.0218616951024
0.015129811014
0.0219290199457
0.0144265450072
1.44650064595
0.0160183239495
0.0159379669931
0.0162841569399
0.0163845529314
0.0325227229623
0.0167320820037
0.0168088009814
0.0153531729011
0.015693555004
0.0313855290879
2.35280135204
0.20538778801
0.0186008660821
0.0216333139688
0.0145144000417

layerTime
0.0123315469828
29.1001086771
0.0432027319912
0.0120197839569
0.0119757200591
0.0119978289586
17.543773966
0.0122243399965
0.0121753240237
0.0122340919916
0.0122147300281
0.0124176450772
0.012266658945
0.0123016799334
0.0121519539971
0.011913863942
0.0124012219021
24.552981682
2.215860244
0.0124797499739
0.0120381000452
0.0122318749782

checksumTime
0.0119202069473
0.0118846019031
0.0117548209382
0.0116559810704
0.0117155699991
0.0119519360596
0.0122319969814
0.0117483100621
0.0122105330229
0.0119001080748
0.0119109679945
0.0127276439453
0.0119305551052
0.0118999010883
0.0119481200818
0.0117905819789
0.0119779970264
0.0120309880003
0.0133757789154
0.0117327410262
0.011661317898
0.0397451890167




layer number :  22
78.4557939529
0.100673803943

jsonTime
0.0327801560052
3.09862547205
0.0217244189698
0.0167813729495
0.0147857429693
0.0316476770677
1.89213226794
0.0183454210637
0.0183159570443
0.0163817059947
0.032168269041
0.0179009559797
0.0171461289283
0.0164978039684
0.0158387069823
0.0314438509522
0.0157840420725
2.35201815399
0.199332144926
0.0200992140453
0.0155298899626
0.0189027850283

layerTime
0.0123781709699
27.526563245
0.0421779030003
0.0121915451018
0.011991619016
0.0138063239865
18.3466202591
0.0123328790069
0.0121888779104
0.0123149600113
0.0128773499746
0.0122764260741
0.0122247569961
0.0119553609984
0.0121645900654
0.0122455600649
0.0121941509424
22.058214659
1.94748815103
0.0123887039954
0.0120870009996
0.0134985279292

checksumTime
0.0119808589807
0.0126228210283
0.01227913599
0.0116615679581
0.0118966209702
0.0119941399898
0.0124468439026
0.0120202259859
0.0118845970137
0.0118359660264
0.0122777699726
0.0119473519735
0.0118916140636
0.0119936770061
0.0119071069639
0.0119190659607
0.0118168910267
0.0157459550537
0.0159812639467
0.0118265789934
0.0117530680727
0.0382763929665




