layer number :  12
95.105147574
0.0726173769217

jsonTime
2.16323941795
0.0150160029298
0.022875597002
1.44330384408
0.0233710350003
5.44311435404
0.0173130780458
0.0149364249082
0.482819746016
0.0147325890139
0.021517647896
0.0147117699962

layerTime
15.370901588
0.01204142801
0.0120701899286
16.507688476
0.0121526180301
48.906587892
0.0121256860439
0.0121097899973
4.29437705304
0.0121819569031
0.0120482461061
0.0116264650133

checksumTime
0.0120598580688
0.0117320490535
0.01178595901
0.0119326369604
0.0118133419892
0.0135397869162
0.011762064998
0.0117308950284
0.0117989300052
0.0116221820936
0.0119526679628
0.0371258159867




layer number :  12
96.3410049711
0.0763769450132

jsonTime
2.11294171889
0.0154783340404
0.0157340919832
1.463467216
0.015373144066
5.60729160497
0.0166336119873
0.0150611599674
0.512739124941
0.0148715680698
0.0218452939298
0.0164571910864

layerTime
15.3571635401
0.0122503129533
0.0120152150048
16.785651732
0.0115475279745
49.640584885
0.0121137910755
0.0120701349806
4.36928858899
0.0120699149556
0.0129269080935
0.0123008909868

checksumTime
0.0122050079517
0.0117781700101
0.0116358259693
0.0120982970111
0.0117995690089
0.0133850129787
0.0118286029901
0.0149039960233
0.0118445010157
0.0117232060293
0.0148854699219
0.0379149729852




layer number :  12
97.045560955
0.0723389709601

jsonTime
2.14831311093
0.0152070639888
0.0154246609891
1.640546832
0.0155142319854
5.85719492892
0.0196864550235
0.0146765689133
0.493217798998
0.0148450289853
0.0166654799832
0.0155947440071

layerTime
15.6306591871
0.0122720290674
0.0121578919934
16.8447692289
0.0119306300767
49.6987853961
0.0135500519536
0.0120782970916
4.24448720203
0.0121015310287
0.0125191439874
0.0125067620538

checksumTime
0.0120153649477
0.0118716709549
0.0117996400222
0.0119920989964
0.0111841700273
0.0133739759913
0.0116770160384
0.0118217859417
0.0117886629887
0.0128325140104
0.0113234689925
0.0461964539718




layer number :  12
97.153624871
0.0700655221008

jsonTime
2.15700057091
0.0150465799961
0.0152944729198
1.69494361896
0.0155847109854
5.57887221198
0.0232836930081
0.018890953972
0.455530156964
0.0150210050633
0.0154738870915
0.0156063640025

layerTime
15.7150826581
0.0120868190425
0.0121382150101
16.8232673761
0.0120791550726
49.988369527
0.0126601160737
0.0124736219877
4.21903522301
0.0120876639849
0.0116756929783
0.0122002799762

checksumTime
0.0122459209524
0.0117349009961
0.0120173430769
0.0119149849052
0.0124394099694
0.0119001809508
0.0147044180194
0.0118393730372
0.0120292429347
0.0118002819363
0.0119510929799
0.0748323380249




layer number :  12
98.665505403
0.0730559519725

jsonTime
2.13904341694
0.0224341710564
0.0144968429813
1.48067494296
0.0153390310006
5.56144725997
0.0166649679886
0.0171101629967
0.467004653066
0.0224771770881
0.0146531648934
0.0148064499954

layerTime
15.776319328
0.0120228509186
0.0119960609591
18.023510908
0.0120661199326
50.0255834759
0.0122132049873
0.0121273549739
4.69525973802
0.0120194529882
0.0120700270636
0.0120697019156

checksumTime
0.0119215210434
0.0112033990445
0.0116432390641
0.0118568680482
0.0117438380839
0.0129290440818
0.0160666910233
0.0118330959231
0.0128507509362
0.0117204160197
0.0119936970295
0.0424951730529




layer number :  12
96.330698395
0.0744795870269

jsonTime
1.97975007806
0.0230137299513
0.0154322979506
1.46336014499
0.0154721899889
5.58102047595
0.0168090410298
0.0173828679835
0.470161493984
0.0233413489768
0.01564499503
0.0155842279783

layerTime
15.5819605379
0.0121641140431
0.0120316650718
16.685108686
0.0119697670452
50.071535925
0.016642846982
0.0122272350127
3.97479735792
0.0125873810612
0.0129875970306
0.0121177930851

checksumTime
0.012380343047
0.0117268169997
0.0119777049404
0.0120155230397
0.0117909869878
0.0131970919902
0.0167307429947
0.0118129920447
0.0129809490172
0.0117180059897
0.0117008679081
0.0544043639675




layer number :  12
99.4094600381
0.0733834489947

jsonTime
2.10879940609
0.0152367959963
0.01565823704
1.42306921107
0.0153947010403
5.64672678499
0.0172571860021
0.0229514999082
0.482240727986
0.014801812009
0.0148541060043
0.0172656630166

layerTime
16.5222749979
0.0121055030031
0.0120960159693
17.3457698519
0.0121290959651
50.3372575491
0.0122963080648
0.0122245179955
5.03900397301
0.0121195109095
0.0122411079938
0.0121607140172

checksumTime
0.0122106460622
0.0117853779811
0.0120687419549
0.0118231710512
0.0120568469865
0.0151904599043
0.0117254520301
0.0119628310204
0.0118605310563
0.0120264930883
0.0149551889626
0.0516782479826




layer number :  12
98.3641692529
0.0727166209836

jsonTime
1.98391419696
0.0154859259492
0.0153781539993
1.55736246903
0.0154083309462
5.61273136304
0.0243090150179
0.0163201759569
0.506252035964
0.0162707180716
0.0178059099708
0.0157873089192

layerTime
15.699540069
0.0120302900905
0.0127396320459
17.360731325
0.0121786510572
50.907002887
0.0122793610208
0.0150975950528
4.23218835809
0.0122461320134
0.0127907629358
0.0122563560726

checksumTime
0.012392061064
0.0116957429564
0.0116974769626
0.0119581719628
0.0116615520092
0.0120677689556
0.0117869999958
0.0127691249363
0.0121234469116
0.0121701050084
0.011935708113
0.050425921916




layer number :  12
99.7703901631
0.0706494650804

jsonTime
2.14591866801
0.0224738368997
0.0156028299825
1.47869408794
0.0153746969299
5.60550773807
0.0160151480231
0.0218971380964
0.482668193989
0.0161058129743
0.0146967889741
0.0154602479888

layerTime
16.206641676
0.0121361530619
0.0120674700011
17.6236204731
0.0121081360849
51.1364041669
0.0119784779381
0.0121249979129
4.60545322893
0.0119718370261
0.0120463430649
0.012044532923

checksumTime
0.0121445050463
0.0117778220447
0.0116926099872
0.0119636959862
0.0120835319394
0.0119071990484
0.0117120209616
0.0117261870764
0.012996248086
0.0119978089351
0.0117952920264
0.0383915230632




layer number :  12
99.7791284811
0.0702079200419

jsonTime
2.20209801104
0.0148474540329
0.016163769993
1.4943078059
0.0152804619865
5.64518256905
0.0234061210649
0.0194870829582
0.505364403944
0.0157887010137
0.0147112179548
0.0147485689959

layerTime
16.030887133
0.011991051957
0.0120745020686
17.5502825651
0.0120853970293
51.434731968
0.0122334460029
0.013418913004
4.422303339
0.0131141940365
0.0120928380638
0.0120775100077

checksumTime
0.0120274979854
0.0117557829944
0.0119698520284
0.0119090259541
0.0118301420007
0.0118961739354
0.0137028120225
0.0118273160188
0.0119163460331
0.0121505829738
0.011836319929
0.0468203120399




