layer number :  11
209.740102176
0.0728731499985

jsonTime
1.60494941997
0.0153916859999
0.211379325017
1.55213314097
4.41258198
0.0155570759671
0.0198578659911
0.0158344639931
12.7734591999
0.0182612499921
0.0216432109009

layerTime
15.939860781
0.0121194149833
2.72374014999
19.231039988
52.0073680771
0.0120909330435
0.0397191540105
0.0123466160148
98.828819726
0.0129863490583
0.0124140990665

checksumTime
0.012469801004
0.0117594699841
0.0118353030412
0.0121053130133
0.0119670369895
0.0120086229872
0.012011994957
0.0120349350618
0.0120208449662
0.0164397320477
0.0383440139703




layer number :  11
212.619647943
0.0716537480475

jsonTime
1.59045758203
0.0153994900174
0.297990862047
1.80488650606
4.44663807598
0.0173344379291
0.0197591159958
0.0158944820287
13.073696299
0.0191997130169
0.0186535220128

layerTime
15.967411647
0.0123676509829
3.11186802399
17.6082421161
53.144810856
0.0123509110417
0.0567339450354
0.0122073399834
101.09684473
0.0129243918927
0.0123038409511

checksumTime
0.0124268609798
0.0120149429422
0.011985635967
0.0115973689826
0.0119394550566
0.0120508369291
0.0119997330476
0.0120663049165
0.0128963330062
0.0116871740902
0.0487114220159




layer number :  11
208.322654855
0.0738147690427

jsonTime
1.55827004509
0.022213286953
0.200655863038
1.422522648
4.27157915803
0.0366729099769
0.0196794639342
0.0157481329516
12.70499401
0.0240970690502
0.022171814926

layerTime
15.873825328
0.012106084032
2.74826999893
18.86890791
51.983720248
0.0123657759978
0.0398081149906
0.0122819059761
98.1996811719
0.0185521469684
0.012861707015

checksumTime
0.0122680440545
0.0116185819497
0.0118393860757
0.0122590200044
0.0122427350143
0.0119606340304
0.0120660740649
0.0120005650679
0.0122669730335
0.0130391400307
0.0357162130531




layer number :  11
209.639494848
0.0769280130044

jsonTime
1.60967578704
0.0161062449915
0.235945314053
1.8887200891
4.22153538791
0.0151661420241
0.0189063530415
0.0150982310297
12.882741435
0.0186083500739
0.0180940399878

layerTime
15.9342311859
0.0122667070245
3.100405326
18.639973028
52.6000057401
0.0121126039885
0.0244291169802
0.0122312169988
98.086445163
0.0130255359691
0.0123684150167

checksumTime
0.0122164400527
0.0118103899295
0.0120799179422
0.0121913580224
0.0120119719068
0.0174070580397
0.0119207969401
0.0117331480142
0.0120695109945
0.0134866170119
0.0365406540222




layer number :  11
208.431655985
0.07032725506

jsonTime
1.59369738703
0.023805645993
0.201499202056
1.42901587195
4.44313533499
0.0162320829695
0.0195924430154
0.015658024
13.2393344031
0.0278529090574
0.0238365420373

layerTime
15.7587476689
0.0126634050393
2.74704091297
18.484353263
52.068491373
0.0123109869892
0.0398705579573
0.0122110389639
97.9985804609
0.0145914419554
0.0127463749377

checksumTime
0.0124113520142
0.0117915929295
0.0119447170291
0.0121905190172
0.012185372063
0.011941559962
0.0120150280418
0.0120003080228
0.0122466050088
0.012040845002
0.0345211920794




layer number :  11
212.05467425
0.0727652009809

jsonTime
1.60195619997
0.0154029650148
0.250827035983
1.504603195
4.21858689107
0.0174234471051
0.027007731027
0.0147498500301
12.441497295
0.0185418570181
0.0204035750357

layerTime
16.21178544
0.0121382889338
2.97734393401
18.923382371
52.9541235879
0.0121953999624
0.0244234449929
0.0121416449547
100.520659178
0.0129346869653
0.0125918970443

checksumTime
0.012218583026
0.0119850540068
0.0118644470349
0.0117791059893
0.0151586179854
0.0163475009613
0.0117694219807
0.0123047010275
0.0120998410275
0.0120624779956
0.0391074590152




layer number :  11
207.8581074
0.0705588159617

jsonTime
1.59208107693
0.0167823480442
0.21107879898
1.86364052992
4.45125255303
0.016525109997
0.0211884989403
0.0159805609146
12.5883717049
0.0190242500976
0.0185286229244

layerTime
15.179882526
0.0126348600024
3.07463543199
18.908719984
51.5856967199
0.0134092810331
0.0398782960838
0.0122955600964
97.9478619581
0.013041966944
0.0123251019977

checksumTime
0.0119516709819
0.0121083619306
0.012064675102
0.0119569320232
0.0130517090438
0.0161945769796
0.0122142150067
0.0119582139887
0.0129021279281
0.0118074390339
0.0357318400638




layer number :  11
207.298428821
0.0721983709373

jsonTime
1.51481080893
0.0152443419211
0.227312841918
1.82168525003
4.20403049304
0.0152013930492
0.0179710739758
0.0159145259531
13.8448170221
0.0261594299227
0.0242465150077

layerTime
15.510627943
0.0121510260506
3.02038868109
18.6933551499
49.9919018369
0.0120605679695
0.0381646140013
0.0122318480862
98.0017206719
0.0116824640427
0.0128074580571

checksumTime
0.0126338381087
0.0117297020042
0.0121740549803
0.0125666169915
0.0119658740005
0.01355534303
0.0120594740147
0.0119769459125
0.0129172221059
0.016469546943
0.0428479990223




layer number :  11
208.29395877
0.0753373049665

jsonTime
1.58068896097
0.0153589360416
0.22124500107
1.4152483301
3.99628056597
0.0188389820978
0.019705904997
0.0159224490635
12.994393762
0.0290002139518
0.0229632019764

layerTime
16.089037874
0.0121679529548
2.97748998599
18.6552222089
51.278591054
0.0134132259991
0.0393669689074
0.012375258957
98.609452951
0.0125543089816
0.0126184059773

checksumTime
0.0126470469404
0.0118209830252
0.0119365009014
0.0120752860093
0.012309483951
0.0120494560106
0.011998379021
0.0120518939802
0.0123589300783
0.0118317820597
0.0449959080433




layer number :  11
211.222332452
0.0890355909942

jsonTime
1.584519736
0.0149801699445
0.216898693005
1.77701769699
4.33964616002
0.0177773090545
0.0192570739891
0.0139260549331
12.2593004981
0.0240797280567
0.0242976250593

layerTime
15.789586317
0.0120392150711
2.9727391341
18.100111863
52.2724345661
0.0121297040023
0.0240012500435
0.0120443860069
101.442137104
0.0162966079079
0.0126258470118

checksumTime
0.0119668600382
0.0117546789115
0.0120649659075
0.0120585840195
0.0164966229349
0.016388050979
0.0113282219972
0.0120033749845
0.0122813669732
0.0129306149902
0.0354425059631




