layer number :  21
77.3618995481
0.0994750020327

jsonTime
0.0152780350763
2.85354417504
0.0217745039845
0.0166667680023
0.0240710729267
0.251285364036
0.0149505820591
0.0146549319616
0.0149676830042
0.0149581069127
3.334942532
0.0148712660884
1.43046433211
0.0147308430169
0.0155470309546
0.0175962720532
0.0227482209448
0.0152631530073
0.0157199129462
0.0142492749728
0.0147557440214

layerTime
0.0123447619844
23.421390731
0.0419704499654
0.0122131980024
0.0122790550813
3.16887850803
0.0122119759908
0.012139543076
0.0119821999688
0.0120837211143
30.0866934389
0.011983313947
11.8884081569
0.0120737840189
0.0125063529704
0.012125124922
0.0120556920301
0.0120863689808
0.0122197180754
0.0120165450498
0.0119345689891

checksumTime
0.0119824699359
0.0131269789999
0.0118462560931
0.0120789919747
0.0116541639436
0.0118961539119
0.0118403179804
0.0119568499504
0.0117595160846
0.0122529329965
0.0119046269683
0.0116807379527
0.0119326380081
0.012175129028
0.0128075300017
0.0118967090966
0.0117533979937
0.011851334013
0.0125871589407
0.0116823880235
0.0565575869987




layer number :  21
78.4069061461
0.0992578590522

jsonTime
0.0330337450141
3.05054402701
0.0215798219433
0.0161571589997
0.0154083860107
0.258870608057
0.0149238280719
0.015177093097
0.0150138250319
0.021597946994
3.38314335805
0.0163452819688
1.44539231504
0.0167675600387
0.0150567839155
0.0152233489789
0.0149333369918
0.0224107840331
0.0162263369421
0.0161430418957
0.0157593969489

layerTime
0.0124017640483
23.6569024541
0.0419805720448
0.0122689839918
0.0122012320207
3.22950096102
0.0119944349863
0.0119002669817
0.0119960629381
0.0120460570324
30.485726038
0.011682137032
11.9344469639
0.0121275099227
0.012102946057
0.0120210089954
0.0122509379871
0.0157056290191
0.0123445970239
0.0121622340521
0.0122759820661

checksumTime
0.0119851469062
0.0120287359459
0.0118992270436
0.0117017989978
0.0117910999106
0.011782805901
0.0118174429517
0.0121574349469
0.0117103540106
0.0116832009517
0.0138165520038
0.0125876970123
0.0165828689933
0.0118032090832
0.0117250790354
0.0118460949743
0.0117163360119
0.0144239399815
0.0119753570762
0.0118816150352
0.0644730000058




layer number :  21
77.1243399091
0.100706708967

jsonTime
0.0339727060637
2.70359923306
0.0216694730334
0.0160611990141
0.0228896860499
0.251459122985
0.0148255920503
0.0154380029999
0.021923532011
0.0167765390361
3.49617009202
0.0159025450703
1.46636215702
0.0169909109827
0.0151430109981
0.0232229989488
0.0153236030601
0.0143533640075
0.0163378659636
0.0146305050002
0.0147787330206

layerTime
0.0124715609709
23.4012602899
0.0399525619578
0.0120502549689
0.0119086269988
3.17330980999
0.0120715460507
0.0120359110879
0.0121856170008
0.0122494699899
30.049954253
0.0120778399287
11.643839894
0.0121336249867
0.0170743810013
0.0121706339996
0.0122123609763
0.0122439370025
0.0121651969384
0.0120186759159
0.0119809149764

checksumTime
0.0119603530038
0.0122829109896
0.0119103220059
0.0116612690035
0.0116912450176
0.0119476509281
0.0117265369045
0.0117351729423
0.0118226109771
0.011813533958
0.011993373977
0.0148188000312
0.0167235450353
0.0118452829774
0.0132955170702
0.0117703479482
0.0114742199657
0.0118289830862
0.0120455730939
0.011759290006
0.0316889120732




layer number :  21
77.6743338311
0.0986056970432

jsonTime
0.0154630850302
2.78033966396
0.0224458599696
0.0171013129875
0.0175411960809
0.295292931027
0.014787490014
0.0219582560239
0.0146778130438
0.0155325180385
3.64937911509
0.0169160100631
1.38847630797
0.016459053033
0.0221503239591
0.0151062490186
0.0150800059782
0.0154525920516
0.0156493899412
0.02188973804
0.0148575159255

layerTime
0.012207124033
23.6894183421
0.0421606269665
0.0124486209825
0.0122681639623
3.01167904597
0.0119053019444
0.0121323229978
0.0119975199923
0.0119808809832
30.0019018369
0.01225036697
11.934574399
0.0130917289061
0.0120428670198
0.0121705399361
0.0120543020312
0.0120307189645
0.0121209300123
0.0122157549486
0.012015966

checksumTime
0.0120515199378
0.0123376420233
0.0117197720101
0.01213155
0.0118681199383
0.0121976280352
0.0118490200257
0.011631352012
0.0117113209562
0.011717509944
0.0166861889884
0.0117169920122
0.0142904709792
0.0121621240396
0.0116527760401
0.0117227310548
0.0129202259704
0.0117387380451
0.0117106819525
0.0116594780702
0.038365398068




layer number :  21
77.630116433
0.0983155609574

jsonTime
0.0153696249472
2.97875887901
0.0217919100542
0.0169554270105
0.01537964202
0.241873687017
0.0222329159733
0.0147624580422
0.0153407580219
0.0147085930221
3.69976717397
0.0236283349805
1.40544910904
0.0231425879756
0.0170189549681
0.0157716559479
0.0159263069509
0.0151244139997
0.0228066249983
0.014859031071
0.0147299710661

layerTime
0.0122104950715
23.5300460299
0.0409701269818
0.0120817570714
0.0121395329479
2.88236489007
0.0121561370324
0.0120192340109
0.0125293319579
0.0120617710054
29.966329398
0.012319161091
11.990411397
0.0125761430245
0.0123036809964
0.0123044080101
0.0121885810513
0.0121436490444
0.012376505998
0.011940920027
0.0120005588979

checksumTime
0.0119733120082
0.0127152790083
0.0118109409232
0.0117362319725
0.0116039629793
0.0120297829853
0.0116898599081
0.0117494600127
0.0120357329724
0.0118138140533
0.0138685259735
0.0117797639687
0.0120719720144
0.0129189239815
0.016189790098
0.0127537460066
0.0117077439791
0.0117369039217
0.0116328489967
0.0117972579319
0.0447189020924




layer number :  21
80.004948773
1.08326339093

jsonTime
0.0160867420491
3.0981675199
0.0213619440328
0.015758611029
0.0153851120267
0.267884048983
0.0152966820169
0.0147416949039
0.0150018970016
0.0155823189998
3.60266216507
0.0158316900488
1.46669688402
0.016056368011
0.0157061649952
0.015295390971
0.0151175790234
0.022397957975
0.0156952979742
0.0153488860233
0.0148604089627

layerTime
0.012275681016
24.065627501
0.0402153189061
0.0122261499055
0.0121447719866
3.06548167299
0.0121129109757
0.0121009011054
0.0120985660469
0.0120602049865
31.169135147
0.0121625920292
11.3685773821
0.0120652288897
0.01200212806
0.0120788649656
0.0121136930538
0.0120601600502
0.0121373680886
0.0122735840268
0.0120977129554

checksumTime
0.011959985015
0.0122643500799
0.0115243920591
0.0117087650578
0.0117635399802
0.0113123849733
0.0118027630961
0.0121293979464
0.0117956309114
0.0118018439971
0.0131308159325
0.0165088209324
0.0129702480044
0.0132784020388
0.012145205983
0.011795495986
0.0118490329478
0.0117143919924
0.0117284319131
0.0117403080221
0.0521228730213




layer number :  21
77.274236149
0.0986129840603

jsonTime
0.0333856829675
2.88429880701
0.0218631960452
0.0155235229759
0.0147086210782
0.237957617035
0.0149029149907
0.0146128670312
0.0146511889761
0.0164004539838
3.65753717802
0.0143134840764
1.36284026399
0.01730274898
0.0160447590752
0.0151883389335
0.0164372650906
0.03219747392
0.0179068100406
0.0157936259639
0.0157841269393

layerTime
0.0123645509593
23.013085192
0.0406617519911
0.0125263399677
0.0195050450275
2.90594224597
0.0120229680324
0.0120592819294
0.0122505290201
0.0125071350485
30.444238135
0.0120622199029
11.8041671989
0.0120820769807
0.0120463899802
0.0121318260208
0.0122930629877
0.0123613160104
0.012317034998
0.0124221000588
0.0122392519843

checksumTime
0.0119147360092
0.0123171210289
0.0115705640055
0.0113833689829
0.0118726548972
0.0121890630107
0.0116722279927
0.0117544730892
0.0119547779905
0.0118109389441
0.0113502979511
0.0118812840665
0.0155546340393
0.0128934140084
0.0117429730017
0.0119971539825
0.0120089990087
0.0119567849906
0.0119647469837
0.0119440540439
0.0624077670509




layer number :  21
77.768779826
0.09879696602

jsonTime
0.0334363230504
3.03162038501
0.022817917983
0.0161731380504
0.0152253439883
0.248520619003
0.0152362859808
0.0146749590058
0.0146372399759
0.0216355769662
3.46610412095
0.0196248989087
1.35986518604
0.0151403259952
0.0216716380091
0.0166212390177
0.0162518229336
0.0309799530078
0.0191393969581
0.0159117450239
0.015726589947

layerTime
0.0124116679654
24.142049681
0.0418291870737
0.0122547269566
0.0120801409939
2.904749198
0.0119850490009
0.0120742620202
0.0120444700588
0.0121598959668
30.077857424
0.0138868270442
11.554837606
0.0120429799426
0.0122858729446
0.012296722969
0.0122526769992
0.0122996420832
0.012357744039
0.0122391899349
0.0122594609857

checksumTime
0.011980265961
0.0122679419583
0.0118445629487
0.0117241559783
0.0117564849788
0.0119989881059
0.0117727599572
0.0117917689495
0.0117796600098
0.0117888840614
0.011998638045
0.0118658579886
0.0119282329688
0.0120873040287
0.012008573045
0.0121826360701
0.0119096239796
0.0142492329469
0.0118959239917
0.0120073280996
0.0692888760241




layer number :  21
78.392237299
0.0983198879985

jsonTime
0.0333990619984
2.81226300797
0.0217211599229
0.0162466659676
0.0156928530196
0.287475795019
0.0149763800437
0.0145651840139
0.0154411349213
0.0218452539993
3.69557124609
0.0161351310089
1.61519262102
0.0148772430839
0.0156975130085
0.0151485190727
0.0220664300723
0.0149150680518
0.0154991109157
0.014682790963
0.0153212209698

layerTime
0.0124331410043
23.311222046
0.0405365290353
0.0121148229809
0.0202371230116
3.03749718901
0.0120520750061
0.0120942229405
0.0120364180766
0.01205591904
30.284728242
0.0122246820247
12.427430265
0.0119922430022
0.0119548069779
0.0120007179212
0.0120457019657
0.0119591290131
0.0120114330202
0.0118991400814
0.0119005560409

checksumTime
0.0119880839484
0.0121573880315
0.0117697450332
0.0119096559938
0.0134260819759
0.0118396859616
0.0116610450204
0.0117486630334
0.0117466029478
0.0120615769411
0.0129849199438
0.011988054961
0.0118649289943
0.0127371889539
0.0116858569672
0.0116874070372
0.0116144389613
0.011911929003
0.0116301639937
0.0116639490006
0.0319781559519




layer number :  21
77.630757379
0.125908780028

jsonTime
0.0332166260341
2.90198958397
0.0221962039359
0.0162392799975
0.0153974799905
0.250121122925
0.01497143507
0.0156363840215
0.0146069320617
0.0146753740264
3.45797433809
0.0159341389081
1.63585071405
0.0172454030253
0.0158803949598
0.0151013669092
0.0150997840101
0.0223457119428
0.0160834479611
0.0159371079644
0.0147546590306

layerTime
0.0124042159878
23.290230489
0.0420464780182
0.0120244709542
0.0121734860586
3.11313496507
0.0120382750174
0.0120762570295
0.0120002889307
0.0120789189823
30.1393420809
0.0122568780789
11.889908644
0.0120742690051
0.0120993830496
0.0120408170624
0.0122345250566
0.0120995889883
0.012097123079
0.0120040590409
0.012014193926

checksumTime
0.0120123829693
0.0120190990856
0.0117085860111
0.0113225530367
0.0117911769776
0.0118722169427
0.0120092439465
0.0117837699363
0.0117608320434
0.0117516309256
0.012017826084
0.0119520529406
0.0139337239088
0.0143837840296
0.011721879011
0.0119319709484
0.0117315209936
0.0117868060479
0.0139310989762
0.0117445850046
0.041373251006




