layer number :  28
150.598170497
0.115655616974

jsonTime
0.0329792340053
3.00602906197
0.0218761939323
0.0159640870988
0.896817254019
0.0224574690219
0.0148722190643
0.777565861936
0.0154768750072
0.014363914961
0.014977718005
5.46023251303
0.0190477259457
0.0147260030499
0.0221184160328
3.02278535604
0.0222003909294
0.0155788820703
0.0164501620457
0.0160729070194
0.0165518949507
0.0168804499554
0.0158092681086
1.53537340695
1.34950101702
0.0162492319942
0.0149536060635
0.0147667730926

layerTime
0.0123087569373
25.187199992
0.0416941799922
0.0121910879388
7.1167524819
0.0124352580169
0.0121072599431
6.50495014305
0.0121382810175
0.0120082199574
0.0120586319827
44.408820966
0.0124327690573
0.0119634759612
0.0121635110117
28.5408980029
0.0129519180628
0.0122456679819
0.0123348790221
0.0123207300203
0.0123118240153
0.0122625140939
0.0123539519263
10.730098321
10.875738599
0.0120902570197
0.0119560320163
0.0120398299769

checksumTime
0.0122128420044
0.0127650990617
0.0118188119959
0.0117353090318
0.0118140870472
0.0119207749376
0.0114203500561
0.012968712952
0.012074709055
0.0117821639869
0.011755699059
0.0118923089467
0.0119990699459
0.0114446070511
0.011817069957
0.0120582340751
0.0119107619394
0.011974414927
0.0119774639606
0.0119972149841
0.0279808050254
0.0120054899016
0.011920863064
0.0163522179937
0.0125611249823
0.0119353149785
0.0117324849125
0.0545376569498




layer number :  28
150.929994556
0.136050583096

jsonTime
0.0153726621065
3.22326056496
0.0218466880033
0.015765773016
0.932570699952
0.0156952190446
0.0145914119203
0.595182227087
0.0148644320434
0.0149033039343
0.0227059980389
5.36287077097
0.01914403704
0.0220647240058
0.0158148029586
3.03040206793
0.0190786870662
0.0154249611078
0.0154387869406
0.0220990859671
0.015359070967
0.0146964440355
0.0146644869819
1.40076402703
1.30562794697
0.0160655500367
0.0148112019524
0.0155247820076

layerTime
0.0122264130041
24.414252611
0.0414959359914
0.0120974190067
7.14127330808
0.0120625479612
0.0120616400382
6.66568580491
0.0122170220129
0.0120318060508
0.0121839320054
45.037524082
0.0123252180638
0.0123539710185
0.0166135999607
28.4783956391
0.0123867209768
0.0120088789845
0.0120099789929
0.0121892830357
0.0129587419797
0.0120950830169
0.0121884670807
11.322678798
10.824363268
0.0120820079464
0.0120289830957
0.0121817300096

checksumTime
0.0119778179796
0.0122619840549
0.0118026619311
0.0117653110065
0.0221001579193
0.011945608072
0.0120822399622
0.0121182580478
0.0118702349719
0.0118133520009
0.0117160809459
0.0119485689793
0.0117301329738
0.011900922982
0.0135120360646
0.0120015098946
0.0128104919568
0.0127698680153
0.0117914340226
0.0117737420369
0.0118413299788
0.0117819049628
0.0118715849239
0.0115049410379
0.0126444409834
0.0116788720479
0.0127634339733
0.0670403199038




layer number :  28
148.810874106
0.115265839035

jsonTime
0.0153021829901
2.69762167195
0.0225431260187
0.0181259730598
1.04463284998
0.0152533140499
0.0144238990033
0.61479684501
0.015751128085
0.0158964130096
0.0149767299881
5.43442766904
0.02136457304
0.02270723111
0.0148580200039
2.77663536998
0.0194655749947
0.0147904970217
0.016664286959
0.0222071299795
0.0147559719626
0.014682718087
0.0139062289381
1.56363352702
1.39204527601
0.015413402929
0.0146342000226
0.0157216759399

layerTime
0.0123379660072
24.283456911
0.041470044991
0.0122306790436
7.64842672402
0.0119759480003
0.0119663510704
6.67647403805
0.011412858963
0.0120612289757
0.012277462054
44.4171561491
0.012425067951
0.0121193219675
0.0121561310953
27.672665369
0.0129126009997
0.0120436319849
0.0124669510406
0.0122675830498
0.012223770027
0.0116452729562
0.0119068409549
10.766170489
10.6708766379
0.0119735180633
0.0120727330213
0.0122953710379

checksumTime
0.0120621740352
0.0123468060046
0.0117967219558
0.0118299300084
0.0117719059344
0.0117390599335
0.0117284929147
0.0119909299538
0.0121463739779
0.0117852910189
0.0118362389039
0.0150982419727
0.011809331947
0.0117492069257
0.0118759679608
0.0123805750627
0.0118337789318
0.0162867170293
0.0119965729536
0.0117542650551
0.0117010799004
0.0108590300661
0.0117603440303
0.0131961680017
0.0112063530833
0.0118521369295
0.0128160760505
0.0589059749618




layer number :  28
149.600251354
0.114372981014

jsonTime
0.0152711590054
2.796622094
0.0222738329321
0.0156851599459
0.903504716
0.0151400580071
0.015093746013
0.598890217021
0.0150291080354
0.0146752520232
0.0144410419744
5.27757872804
0.0203690810595
0.0221406640485
0.0147634280147
2.6835058711
0.0235589019721
0.0152790049324
0.0157478139736
0.0283783910563
0.014747934998
0.0161322780186
0.0147608569823
1.52804723603
1.33973489504
0.015349172987
0.0147092539119
0.014787701075

layerTime
0.0123561799992
24.540372845
0.0444788309978
0.0121025850531
7.362992457
0.0119642979698
0.0120291550411
6.71434851491
0.0120434559649
0.0121005179826
0.0118101129774
44.0567273289
0.0155862749089
0.0121403980302
0.012159041944
28.170575841
0.0125417630188
0.0160297330003
0.0122854060028
0.0125780819217
0.0121856610058
0.0121748290258
0.0121647759806
11.6827359709
10.782689921
0.0120776440017
0.0120518960757
0.0120661319233

checksumTime
0.0120239630342
0.0125755249755
0.011883991072
0.0117615360068
0.0119941659505
0.0120654630009
0.011778665008
0.0118577040266
0.0117120989598
0.0117997900816
0.0119648840046
0.0133536340436
0.0134795519989
0.0116017779801
0.0123362899758
0.0120384689653
0.0119400200201
0.0131866900483
0.0118966560112
0.0124487110879
0.0118876069319
0.0119082760066
0.0118435979821
0.0118841660442
0.0119863159489
0.011840625084
0.0117731449427
0.0567655210616




layer number :  28
148.727426424
0.114513930981

jsonTime
0.0154065800598
3.19226138794
0.0212372370297
0.0181535209995
1.01637672994
0.0154665240552
0.0149458339438
0.791358430986
0.0150498800213
0.0145685049938
0.014639689005
5.07852860098
0.0189993529348
0.0226918110857
0.0155947289895
2.486773471
0.0206637920346
0.0175715199439
0.0157106359256
0.0311388169648
0.0157543320674
0.0156861969735
0.0160036089364
1.53890113404
1.39339748595
0.016796824988
0.0148446799722
0.0146719100885

layerTime
0.0122390920296
24.604422115
0.0424064480467
0.0123008909868
7.32914939802
0.0120199689409
0.0120098820189
6.57078821911
0.0120424509514
0.0125959870638
0.0119844790315
44.143356394
0.0124479000224
0.0121264579939
0.0120724050794
27.597424748
0.0124325989746
0.0127268490614
0.0122205750085
0.0123404150363
0.0122137679718
0.0124575690133
0.0122828159947
11.6747711919
10.155893867
0.0124525340507
0.0120171490125
0.0120231480105

checksumTime
0.0119405549485
0.0121936959913
0.0117201919202
0.0119774010964
0.0119278549682
0.0122687810799
0.0119291399606
0.0117839799495
0.0116654289886
0.011229216936
0.0120740620187
0.0120326690376
0.0117250329349
0.0132672039326
0.0121664570179
0.0129839119036
0.0139899280621
0.0121727070073
0.0119060940342
0.0119682649383
0.0119339730591
0.0121193469968
0.0119524650509
0.0118795740418
0.0128612930421
0.0118752969429
0.0115408509737
0.0487379049882




layer number :  28
147.251537371
0.117353681941

jsonTime
0.0151269059861
3.14467231801
0.0219965650467
0.0157469459809
0.842554965988
0.0156454429962
0.0154257009272
0.585447897087
0.0153840439161
0.0216476899805
0.0152692369884
5.55948240194
0.0284401379758
0.0148296050029
0.0148152840557
2.68179610302
0.0191876250319
0.0147441750159
0.0224371759687
0.0147571010748
0.015764763928
0.0158951299964
0.0157660500845
1.50194702297
1.39552028093
0.0154265209567
0.0225511130411
0.0146763239754

layerTime
0.012130908086
24.771102969
0.0451305289753
0.0121814360609
7.43575060798
0.0120545690879
0.0120290110353
6.67683341494
0.012093959027
0.0120735720266
0.0123143749079
42.966298584
0.0128595760325
0.0145947150886
0.0121031249873
27.4420730959
0.0133856310276
0.012030749931
0.012231605011
0.0119940889999
0.0120413710829
0.0122193249408
0.0122196149314
10.595960569
10.466343606
0.0120455430588
0.0120760690188
0.0121256590355

checksumTime
0.0118530059699
0.0123490450205
0.0122991299722
0.0117342639714
0.0120437099831
0.0117762429873
0.0118539329851
0.0122586060315
0.0117417779984
0.0119466470787
0.0120272100903
0.0148865910014
0.0118482649559
0.0124145349255
0.011767080985
0.0129215189954
0.0120796540286
0.0128414860228
0.0118280879688
0.0119346280117
0.0119480889989
0.0119429669576
0.0120030820835
0.0114065470407
0.0117434760323
0.0117379279109
0.0116372320335
0.073283524951




layer number :  28
148.327579913
0.113634594018

jsonTime
0.0152258570306
3.00786480599
0.0221058739116
0.0159427750623
0.918108977028
0.0154363089241
0.0155724319629
0.674513036036
0.0147271520691
0.0326404890511
0.0165629050462
5.67120085296
0.0270397110144
0.016021286021
0.0158909510355
3.065338574
0.0197754870169
0.013628949062
0.0208747830475
0.0135323189897
0.0134924630402
0.0134268109687
0.01355203602
1.51336242491
1.37241400301
0.0157075179741
0.0228597670794
0.0154669249896

layerTime
0.012207080028
24.625319858
0.0398097210564
0.012548576924
7.06510622101
0.0120900410693
0.0120482579805
6.38919052307
0.0120653118938
0.0123559179483
0.012273126049
43.1593287421
0.0125129199587
0.0122665290255
0.0122452649521
27.543478475
0.0123393640388
0.0111265130108
0.0112103919964
0.0114868689561
0.0111660850234
0.0111411190592
0.0111653440399
11.2372012271
10.9361703671
0.0120877079898
0.0121804539813
0.0119569200324

checksumTime
0.0117468870012
0.0120163840475
0.0117709309561
0.0120115600294
0.012458074023
0.0117754309904
0.0117505979724
0.0118124459404
0.0117932769936
0.0120045799995
0.0119893089868
0.0140124709578
0.0118229109794
0.0120538419578
0.0120239710668
0.012885336997
0.0112348359544
0.0109522918938
0.0110167820239
0.0112793350127
0.0110311469762
0.0109790059505
0.0109784359811
0.0144536069129
0.0128775089979
0.0125901099527
0.0117864200147
0.0538322000066




layer number :  28
145.792545128
0.11640602001

jsonTime
0.0164077039808
3.01014195802
0.0221900329925
0.0160129260039
0.961306574987
0.0152906859294
0.0157743700547
0.604664219078
0.0150521809701
0.0148059410276
0.014590863022
5.29065912403
0.020160353044
0.0146847809665
0.0149896559305
2.97167988599
0.0184384438908
0.0159676340409
0.0152405670378
0.016031416948
0.0316838980652
0.0159830509219
0.0157248140313
1.56174341904
1.39066006104
0.016202218947
0.0168850850314
0.0160369700752

layerTime
0.0123126179678
24.2955623791
0.0393676109379
0.0122804789571
6.77261451108
0.0120117940241
0.0123130099382
6.7395766339
0.0119973380351
0.0119944490725
0.0120341769652
42.7284444061
0.0123065860244
0.0120653819758
0.012368431082
26.988655621
0.012345245108
0.0120658049127
0.0115688639926
0.0122309550643
0.0124022859382
0.0122283000965
0.0121108179446
10.700945398
10.613862393
0.0126485790825
0.0123265290167
0.0122194299474

checksumTime
0.0119813319761
0.0126695350045
0.0118444600375
0.0118633030215
0.011804359965
0.0116455879761
0.0115842380328
0.0122530220542
0.0117782879388
0.0116538329748
0.0117307269247
0.014390460914
0.0117993539898
0.0117817900609
0.0137915069936
0.011898216093
0.0139733699616
0.0127855190076
0.0116981019964
0.0119552159449
0.011988479062
0.012170891976
0.0120912899729
0.0128936270485
0.0122032900108
0.0122237949399
0.0118870799197
0.0632564880652




layer number :  28
145.811000244
0.114166339976

jsonTime
0.0331574510783
3.07805842091
0.0321923089214
0.0162065390032
0.905219868058
0.0154291370418
0.0148462750949
0.792744643986
0.0154229400214
0.0147541459883
0.0146948329639
5.25046847295
0.0218011740362
0.0151076599723
0.0317534069763
3.04784251505
0.019506318029
0.01463512599
0.0139030789724
0.0172709720209
0.0157040309859
0.0318409950705
0.0155968579929
1.55711265397
1.50707004708
0.0152761529898
0.0146936200326
0.0153850510251

layerTime
0.0124438729836
24.104292087
0.0328934179852
0.01211744803
7.31996076903
0.0121022060048
0.0122803290142
6.24444685807
0.0119962539757
0.0120627139695
0.0120283099823
42.433976111
0.013687192928
0.0121017090278
0.0123999699717
27.241321427
0.0126613150351
0.0120064419461
0.0121088729938
0.0122936880216
0.012321652961
0.012461166014
0.0125015940284
10.7352834711
10.369351935
0.0120521230856
0.0120359390276
0.0119905519532

checksumTime
0.0120082240319
0.0131462650606
0.0118160980055
0.0118305559736
0.0122151009273
0.0118860729272
0.027773840935
0.0119133279659
0.0121080860263
0.0116965890629
0.0117591740564
0.0119906259933
0.0117841300089
0.0128342930693
0.0120102659566
0.0141047599027
0.0120149910217
0.0126802980667
0.0153154899599
0.0122907690238
0.0120007529622
0.0120056140004
0.0122911239741
0.0128933339147
0.0122198659228
0.012214349932
0.0127657769481
0.0716940390412




layer number :  28
144.851875748
0.115225196001

jsonTime
0.0344582690159
2.91820914298
0.0269706860418
0.0183399040252
0.916496435064
0.0153119410388
0.0218157959171
0.561205968959
0.015777011984
0.014899219037
0.0148064320674
4.77737406595
0.0191585809225
0.0151909110136
0.0143915920053
2.72948297905
0.0288032060489
0.0149841860402
0.0156549010426
0.0157072400907
0.0157264940208
0.0314693700057
0.0160721819848
1.43854903395
1.28187741397
0.0155384839745
0.0273082059575
0.0147598350886

layerTime
0.0123839989537
24.272828575
0.0670018949313
0.012377402978
7.02656517993
0.0120528199477
0.0121362319915
6.57736102003
0.0120303709991
0.0120728070615
0.0120782270096
42.497044596
0.0123465480283
0.011926651001
0.0119208750548
27.304208225
0.0135386449983
0.0122734989272
0.012244445039
0.0121786158998
0.0122020529816
0.0123914639698
0.0122983210022
10.6670993411
10.632650872
0.0120120270876
0.01205484604
0.012077952968

checksumTime
0.0120163710089
0.0127883499954
0.012709202012
0.0119369230233
0.0119330630405
0.0116892700316
0.0117661560653
0.0119556810241
0.0121263449546
0.0118121919222
0.0118720269529
0.0128939300776
0.0116364189889
0.0117423139745
0.0116911439691
0.0163926929235
0.0118798220064
0.0122703539673
0.0119915439282
0.0119349090382
0.0119626669912
0.0119296080666
0.0119722849922
0.0119075620314
0.0118706179783
0.0116462999722
0.011957495939
0.0779705209425




