layer number :  18
126.998417795
0.0862892620498

jsonTime
0.0150680800434
3.18545267498
0.0213306479855
0.0162590279942
0.857740342035
0.0155458810041
0.0150979349855
0.596480979933
0.0155136680696
0.015779067995
0.0156695130281
5.19943516899
0.019259001012
0.024831496994
0.0148990430171
2.99258594506
0.0198076290544
0.0159467200283

layerTime
0.0122216809541
25.117718837
0.0410075041
0.0118194579845
7.63246368093
0.0121056229109
0.0120068549877
6.62738892401
0.0117010689573
0.0126068609534
0.0122239720076
45.439552673
0.0127018889179
0.0122022670694
0.012085194001
28.588048834
0.0136172809871
0.012332421029

checksumTime
0.0120240250835
0.0119094449328
0.0116948699579
0.0117592150345
0.0119342850521
0.0121454270557
0.0117391110398
0.0117527759867
0.0120020180475
0.0121330260299
0.0118347649695
0.0120716890087
0.0164146990282
0.0117748249322
0.0136125109857
0.0128572928952
0.0123731700005
0.0410065159667




layer number :  18
126.876062964
0.0830856440589

jsonTime
0.0325426049531
3.07694715203
0.0215677510714
0.0177224109648
0.978487369022
0.01532971696
0.0159580350155
0.694801656995
0.0149512450444
0.0147382270079
0.0139791099355
5.29751547298
0.0188425859669
0.0167737549637
0.0157638910459
3.02898565994
0.0206470140256
0.015254840022

layerTime
0.0125208840473
25.495187996
0.0413966519991
0.0122963730246
6.80266149098
0.0120680830441
0.0121925700223
6.71675572498
0.012048411998
0.0120182170067
0.0121193770319
45.1949332351
0.012355233077
0.0122142690234
0.01220327802
28.824385096
0.0124604529701
0.0122949909419

checksumTime
0.0120465819491
0.0120425840141
0.0118283350021
0.011887157918
0.0117583650863
0.0121760629117
0.0118634050013
0.0118329370162
0.0119797110092
0.0116080599837
0.0118177309632
0.0120061159832
0.0133257639827
0.0119678779738
0.0119502299931
0.0166480030166
0.0118279380258
0.0408806190826




layer number :  18
126.738899905
0.089530483936

jsonTime
0.0154518410563
2.75009147404
0.0217676749453
0.0160787659697
1.00640376902
0.0569874800276
0.0158395459875
0.791108923964
0.0149851589231
0.0146507530008
0.0143771939911
5.27971198503
0.019008618081
0.0162716319319
0.0146525950404
2.85360111995
0.0196545860963
0.0161696049618

layerTime
0.0122379319509
25.226318324
0.0422011970077
0.0124969900353
7.15471655293
0.0123461938929
0.0122572380351
7.01767766301
0.0121090280591
0.0123178920476
0.0119856609963
44.646849763
0.0124339879258
0.0121641029837
0.0120940710185
29.214964447
0.0124873128952
0.0121093799826

checksumTime
0.0119604440406
0.0126927089877
0.0119555370184
0.0120291420026
0.011668884079
0.0119525520131
0.0120206130669
0.0120557500049
0.0117382979952
0.0118616289692
0.0117788539501
0.011913276976
0.0152851510793
0.0118349579861
0.0118311280385
0.0130811010022
0.0117655660724
0.0447099860758




layer number :  18
124.140148209
0.0866823670221

jsonTime
0.0152940599946
2.692850244
0.0216392310103
0.0160353949759
0.852695016074
0.016118666972
0.0146747049876
0.753209291026
0.0152811580338
0.0146904030116
0.0149460149696
5.25826420507
0.0198474549688
0.0147323240526
0.0154588409932
3.04676041589
0.0187446030322
0.0146740929922

layerTime
0.0121807230171
25.0174763671
0.0421330190729
0.0122330070008
7.23934575194
0.0121490220772
0.0120969940908
6.56682885997
0.0120126970578
0.0120497989701
0.0121090270113
44.6167239969
0.0166543540545
0.0120691269403
0.0119924530154
27.347322396
0.0123883510241
0.0120786289917

checksumTime
0.0119215309387
0.0120284399018
0.0123054479482
0.0117956179893
0.0122143470217
0.0116772919428
0.0118540419498
0.012132904958
0.0117729359772
0.0121451680316
0.0120723219588
0.0148486830294
0.0135502999183
0.0117029980756
0.0116384510184
0.0132846330525
0.0117755609099
0.0384999311063




layer number :  18
124.619624465
0.17059838702

jsonTime
0.0327462039422
2.97351308109
0.0216689659283
0.0159622099018
0.881110451999
0.0165776050417
0.0146383189131
0.781187598943
0.0147255168995
0.0147443360183
0.0146561299916
5.28580693796
0.0200353249675
0.0161444309633
0.0158482219558
3.06710670993
0.0189546879847
0.0151857610326

layerTime
0.0122863660799
25.14301186
0.0420903600752
0.0120599310612
7.26791937801
0.0121396989562
0.0122492680093
6.52648077707
0.0128234340809
0.0120693310164
0.0120179379592
44.264603748
0.0126582410885
0.0122746999841
0.0123764680466
27.578614127
0.0123029400129
0.0120044709183

checksumTime
0.0118529439205
0.0120462910272
0.0120443080086
0.0116923640016
0.0122014379594
0.0117894940777
0.01186435204
0.0118100140244
0.0128092289669
0.0117045569932
0.0117036710726
0.0134880800033
0.0120223039994
0.0120108820265
0.0120354969986
0.0128846759908
0.012873425032
0.0408462160267




layer number :  18
123.836478574
0.0867992819985

jsonTime
0.0150126579683
2.71665519604
0.02208638296
0.0161206829362
1.00313015003
0.0153059300501
0.0146458100062
0.589172587031
0.0148745300248
0.0146624969784
0.0147388200276
4.83473076602
0.0189571329392
0.0153784779832
0.014693303965
2.97185352398
0.0184808140621
0.0163915930316

layerTime
0.0122637629975
24.673179485
0.0454918569885
0.0122809200548
7.2376071529
0.0120780139696
0.012071404024
6.64531869197
0.0120649209712
0.0120012239786
0.0120899389731
44.2499766049
0.0123604910914
0.0124299450545
0.0119646070525
28.174358428
0.0124279159354
0.0131006109295

checksumTime
0.0119527219795
0.0126336020185
0.0118500250392
0.0116807150189
0.012111146003
0.0118036790518
0.0117848919472
0.0118112709606
0.0117380060256
0.0116794320056
0.0119265230605
0.0119191360427
0.0117661019322
0.0117482519709
0.0116827130551
0.0119983679615
0.0155383140082
0.0334542820929




layer number :  18
122.472325177
0.0875739270123

jsonTime
0.0151644789148
2.70040476997
0.0220256830798
0.015238497057
0.942327480996
0.0302205709741
0.014709310024
0.571664240095
0.0147073799744
0.0148169569438
0.0145893850131
4.95017358905
0.0190285359276
0.0169190900633
0.0147951269755
3.07703279203
0.0187346070306
0.0159717799397

layerTime
0.0120482459897
24.748150765
0.0448468099348
0.0122310869629
7.11692500103
0.0121321129845
0.0120292339707
6.61203862797
0.0120671860641
0.0120491590351
0.0120342910523
43.427550249
0.0179810620612
0.012317655026
0.0124709679512
27.560342424
0.0123633310432
0.0124663000461

checksumTime
0.0116839060793
0.0120025390061
0.0117315859534
0.012105013011
0.01235744101
0.0117622039979
0.0119589800015
0.0118816989707
0.0117750969948
0.0117452769773
0.0121207939228
0.011955111986
0.0174154029228
0.011797685991
0.0120801170124
0.012025678996
0.0116815119982
0.0352697659982




layer number :  18
123.212633034
0.0889731650241

jsonTime
0.0153599609621
3.17248613492
0.0225556469522
0.0156846670434
0.86884868599
0.0152322339127
0.0149510230403
0.59387493704
0.0147694750922
0.0224324930459
0.0157520018984
5.39959415107
0.028539294959
0.0147995740408
0.0190508801024
2.66956594901
0.0199638609774
0.0150284640258

layerTime
0.0122674930608
24.749147929
0.0466203789692
0.0121130479965
7.44776349503
0.0120743100997
0.0120458549354
6.64459054207
0.0120625538984
0.0120958730113
0.0122691791039
43.08348266
0.0124764400534
0.0120714890072
0.0138561449712
27.805874184
0.0124325479846
0.0120287030004

checksumTime
0.0120051560225
0.0121799680637
0.0117966310354
0.0118663349422
0.012060972047
0.0119971799431
0.0117340079742
0.0119169479003
0.0117921660421
0.0119653450092
0.0120662219124
0.0160144959809
0.0117625679122
0.0118059959495
0.0130172929494
0.013037960045
0.0121319240425
0.0399736159015




layer number :  18
121.631785927
0.0856403929647

jsonTime
0.0152339800261
2.691087652
0.0217774159973
0.0157634280622
0.901610921021
0.0152685489738
0.0148263929877
0.575606419938
0.0150192349683
0.0142928719288
0.0148909289856
5.34689474199
0.0186614210252
0.0219826969551
0.0149537200341
2.99381358793
0.018611312029
0.0165722980164

layerTime
0.012307500001
24.112699756
0.0426041550236
0.0121532389894
6.81333898695
0.0120860990137
0.0121798979817
6.57445393002
0.0120690719923
0.0118783430662
0.0120371050434
43.522197811
0.0123936319724
0.0121634090319
0.0120944590308
27.347005959
0.0125415889779
0.0121479249792

checksumTime
0.0119698389899
0.0126531729475
0.0117690939223
0.011752845021
0.0118990590563
0.0136405959493
0.0120827450883
0.0123192180181
0.0117336930707
0.0117951389402
0.0119691949803
0.0116008539917
0.0116774300113
0.0117998509668
0.011960393982
0.0119969160296
0.015665628016
0.0419275669847




layer number :  18
121.903703443
0.0913848970085

jsonTime
0.0325584200909
3.11963248393
0.0214453870431
0.0159525329946
0.897262073006
0.0227557889884
0.0147565279622
0.590949271922
0.0151026460808
0.0157170840539
0.0147952049738
4.79623695707
0.0186709410045
0.0159075011034
0.0224299930269
2.60986650304
0.0191645070445
0.0159124740167

layerTime
0.012350918958
24.448641623
0.0420209999429
0.0121034380281
6.96337414999
0.0121417570626
0.0120833570836
7.19456533506
0.0120577139314
0.0123391839443
0.0121033979813
43.0887225959
0.0124830580316
0.0123074098956
0.0120673850179
27.41091509
0.0123759579146
0.0124935529893

checksumTime
0.0119906290201
0.0119299530052
0.0120768740308
0.0117130139843
0.012074053986
0.012027114979
0.0118003149983
0.0123104029335
0.0116963019827
0.0118203080492
0.0120457200101
0.01313802402
0.0137193459086
0.0118762690108
0.011733249994
0.0128803539556
0.0117613930488
0.040662865038




