layer number :  15
68.4604747561
0.0762026690645

jsonTime
2.07826493704
0.0153270110022
2.907457383
0.0167538770474
0.141908297897
0.471250517992
0.0333167730132
0.0175285789883
0.016678582062
0.0172444670461
0.0181174899917
0.0316974640591
0.0159182660282
0.0157182880212
0.0156429579947

layerTime
22.12957628
0.0120820129523
31.396747998
0.0121599360136
1.33619443106
7.28868254495
0.0122907909099
0.013755791937
0.0122773690382
0.0122670769924
0.0123916000593
0.0126680269605
0.0122918839334
0.0122375610517
0.0122418180108

checksumTime
0.012240875978
0.0116450090427
0.0118997700047
0.0116641760105
0.0121257409919
0.0121018540813
0.0119931130903
0.0125499119749
0.0120098869083
0.0119314689655
0.0119756889762
0.0119563679909
0.0119701779913
0.0119770349702
0.104893433047




layer number :  15
69.720099612
0.0765861719847

jsonTime
2.08334111399
0.0149498460814
2.66066839499
0.0162325040437
0.167592796963
0.513251419063
0.0171082000015
0.0178005599882
0.0165926059708
0.0174928789493
0.018316198024
0.0168535619741
0.0156689689029
0.0156132800039
0.0156268649735

layerTime
21.822134516
0.0119920410216
32.171249612
0.0121518629603
1.92519183003
7.748411685
0.0122058240231
0.012352249003
0.0122882770374
0.0122725589899
0.0276925519574
0.0122767949942
0.0122151960386
0.0122396579245
0.0122340340167

checksumTime
0.0123056089506
0.0118087619776
0.0125734439353
0.0118395290338
0.0120562879601
0.011913454975
0.0120035059517
0.0120101490756
0.0122095600236
0.0119633650174
0.0119351920439
0.011934336042
0.0120068050455
0.0119102050085
0.0401724510593




layer number :  15
69.202753154
0.194272594061

jsonTime
1.82523619407
0.0150874749525
3.22338063701
0.0184583900264
0.157294587931
0.466769299004
0.0154375630664
0.0177832840709
0.0141337200766
0.0224712680792
0.0159100609599
0.0161832669983
0.0146019300446
0.0215497869067
0.0147973099956

layerTime
22.0063763739
0.0120348390192
31.2643184511
0.0123391349334
1.87192810397
7.64575717202
0.0120770829963
0.0123228779994
0.0120716599049
0.0121552379569
0.012137718033
0.0122829900356
0.0120724430308
0.0122424589936
0.0120132890297

checksumTime
0.0120247990126
0.0117929669796
0.0121658280259
0.0118939770618
0.0120171520393
0.0120109759737
0.0151545199333
0.011589536909
0.0117684350116
0.0116941320011
0.0164901589742
0.0117561459774
0.011892998009
0.0116941099986
0.0426332419738




layer number :  15
67.1961902709
0.0763545399532

jsonTime
1.91126847104
0.0167481650133
2.89275754103
0.0161343519576
0.144730088999
0.408288289909
0.0230483430205
0.015299333958
0.0150130270049
0.0155100249685
0.0157642540289
0.0217041190481
0.0147401819704
0.017176449066
0.0146129099885

layerTime
21.018112225
0.0120986260008
30.143394065
0.012232020963
2.44396100705
7.6193172941
0.0121000430081
0.012102867011
0.0121483399998
0.0121052170871
0.0121993139619
0.0121319029713
0.0120445360662
0.0121155739762
0.0120018019807

checksumTime
0.0124809310073
0.0118447919376
0.0119430880295
0.011725316057
0.0119701679796
0.0128761728993
0.0117559010396
0.0116878399858
0.0118076850194
0.0117727599572
0.0118266539648
0.0118401210057
0.0162773829652
0.0117155519547
0.0366586149903




layer number :  15
67.1105679669
0.0762939429842

jsonTime
1.84896589897
0.0152334780432
2.62566541799
0.0201083979337
0.161702698097
0.480948269018
0.0161746999947
0.0153747929726
0.0151226959424
0.0234328239458
0.0157695339294
0.0147147249663
0.0147852360969
0.0149215059355
0.0216879700311

layerTime
19.242830921
0.0120191120077
32.597293601
0.0123406520579
1.83643983398
7.69780327799
0.0125927730696
0.012070144061
0.0120150289731
0.0121454490582
0.0120956889587
0.0122129530646
0.0120763540035
0.0121477709617
0.0120818730211

checksumTime
0.0123081610072
0.0118608620251
0.0120751169743
0.0119922099402
0.0120598599315
0.0120466729859
0.0117848219816
0.0116950999945
0.0132115690503
0.0116922700545
0.0117131200386
0.0115978069371
0.0117654839996
0.0116573380074
0.0434591489611




layer number :  15
68.065125804
0.077673229971

jsonTime
1.66372591897
0.0364279920468
2.83307963202
0.015421663993
0.132074143039
0.439038873999
0.0156565670623
0.0176733739208
0.0152001710376
0.0236490360694
0.0187775000231
0.0156472190283
0.0156697320053
0.016789742047
0.0312932319939

layerTime
20.8874398051
0.0120418570004
32.870600814
0.0121272850083
1.57186081994
7.01025378704
0.017827630043
0.0118819600902
0.0120563040255
0.0116517780116
0.0118919829838
0.012200245983
0.0122573799454
0.0122769490117
0.0124000239884

checksumTime
0.0120695289224
0.0121870889561
0.0119805630529
0.0117996919435
0.0119379929965
0.0122487449553
0.015364345978
0.0114622109104
0.011652719928
0.0119508169591
0.0119633140275
0.012024643016
0.0136663879966
0.0119800919201
0.0356688110624




layer number :  15
68.7864621971
0.071073290077

jsonTime
2.01805721992
0.0149213180412
2.811069911
0.0167926501017
0.138483308954
0.408329133992
0.0156626390526
0.0155583689921
0.0150084909983
0.0220023089787
0.0165980680613
0.0145644310396
0.0148006399395
0.015889225062
0.0315124940826

layerTime
22.3138183231
0.0120325189782
32.0486157
0.0122616048902
1.66178164503
6.77508703293
0.0122131980024
0.0120678360108
0.0120712179923
0.0120886580553
0.0121067559812
0.0120619420195
0.012257430004
0.0122721509542
0.0120545160025

checksumTime
0.0120347539196
0.0116675010649
0.0120947639225
0.011695784051
0.0118565270677
0.0119699370116
0.0117325589526
0.0117592359893
0.0116631280398
0.0117613069015
0.0117110819556
0.0117770780344
0.0121646759799
0.0119356389623
0.0370653159916




layer number :  15
68.097720742
0.178849207005

jsonTime
2.03816850495
0.0165486359037
3.38725694502
0.0155667960644
0.138540063985
0.497958490043
0.0155383420642
0.0154275849927
0.015722493059
0.0226120080333
0.0155607589986
0.0160812219838
0.014878771035
0.0152780910721
0.0225619670236

layerTime
21.0264645311
0.0122917410918
31.04097071
0.0121462609386
1.49102930701
7.75679329794
0.012095929007
0.0121012079762
0.0120645209681
0.0165046550101
0.0120968900155
0.0118796399329
0.0119919129647
0.0120335759129
0.012086904957

checksumTime
0.0125034489902
0.0119928109925
0.0119633529102
0.0120119160274
0.0119047840126
0.0119661659701
0.0116980370367
0.0128969199723
0.0117401799653
0.013098964002
0.0158746209927
0.0117067970568
0.011772637954
0.0119828110328
0.0348953549983




layer number :  15
65.756347522
0.078145030071

jsonTime
2.114567574
0.0153141079936
2.90548430197
0.0167571509955
0.149393629981
0.480001335032
0.016881962074
0.017488998943
0.0322473469423
0.0174369699089
0.0175524940714
0.0155381549848
0.0155112920329
0.0157532029552
0.0313940669876

layerTime
19.636869606
0.0120453089476
31.50026853
0.012146270019
1.85824756499
6.46485665103
0.012244277983
0.0125817460939
0.0123618340585
0.0122580199968
0.0125571049284
0.0123314050725
0.012230991968
0.0122698349878
0.0123021060135

checksumTime
0.0123208570294
0.011729872087
0.0119870660128
0.0117152410094
0.0132938839961
0.0119933309034
0.0118832529988
0.0120533009758
0.0119239520282
0.0121860069921
0.0119148850208
0.0119521929882
0.0119275189936
0.0119520990411
0.0417662049877




layer number :  15
68.985093017
0.0766315149376

jsonTime
2.07137505303
0.0151884520892
3.17747139698
0.01645306102
0.146308077034
0.406611707993
0.0154218890239
0.0146834239131
0.0228303769836
0.0154403140768
0.0157307389891
0.0147962530609
0.0150226280093
0.0146258659661
0.0219412539154

layerTime
21.618895245
0.0121733009582
31.7421127791
0.0121747970115
1.70017937396
7.51340397703
0.0121022838866
0.015135845053
0.0121366330422
0.0111934959423
0.012173888972
0.0120961099165
0.012161799008
0.0120661610272
0.0120836780407

checksumTime
0.0121893339092
0.0117628650041
0.0122383169364
0.0117492550053
0.0112612069352
0.0120048030512
0.0113245761022
0.013687856961
0.0116528599756
0.0114693579962
0.011743310024
0.0134481320856
0.0117204389535
0.0117515140446
0.0356648300076




