layer number :  24
94.0940493459
0.102275955025

jsonTime
2.79415317602
0.02317643899
0.0170343460049
0.0168211970013
0.0323792069685
0.0168845179724
1.21178907598
0.0160840770695
0.0167424719548
0.0295758799184
0.0229069590569
0.0162914959947
0.0164075769717
0.0165810940089
0.0291070910171
0.016081280075
0.0298290560022
0.0168396779336
0.0157617880031
0.0315379570238
0.0158759820042
3.94105737004
1.13244823099
0.291514843004

layerTime
22.847547328
0.03938646405
0.0130287189968
0.0114790980006
0.0142137310468
0.0123656529468
7.592579216
0.0122823759448
0.0122279881034
0.0129095420707
0.0246990179876
0.0122637469321
0.0122456860263
0.0132430889644
0.0126691450132
0.0121782239294
0.263542192988
0.0123552390141
0.0122727940325
0.0126144839451
0.0122672549915
38.3720476109
10.60014952
3.95004603709

checksumTime
0.0122855169466
0.0120981929358
0.0119286330882
0.0119323399849
0.0120007810183
0.0118914140621
0.0121501679532
0.0118754740106
0.011878543999
0.012453438947
0.0117696520174
0.0120682540582
0.011918780976
0.0121729669627
0.0119315449847
0.0119490900543
0.0119976400165
0.0119791190373
0.011984650977
0.01199210505
0.0119964729529
0.013067268068
0.0142176359659
0.0438741329126




layer number :  24
94.1742790589
0.104402026976

jsonTime
2.81912382098
0.0266966050258
0.0166545340326
0.0154022080824
0.029156392091
0.0155580389546
1.135742852
0.0152745490195
0.0234241220169
0.0155168900965
0.0196578049799
0.0149337589974
0.0152258609887
0.0224856780842
0.0153841340216
0.0149471140467
0.0285844519967
0.0176262499299
0.031347378972
0.0149596899282
0.0154818779556
3.89395280101
1.09260215703
0.271866546012

layerTime
22.904684044
0.0718029560521
0.0124688009964
0.0122159299208
0.0125452229986
0.0122685789829
7.18011178705
0.0120569369756
0.0124277189607
0.012025502976
0.0182906850241
0.0120331669459
0.0119929939974
0.0121469739825
0.0120017639128
0.0119688829873
0.284688460059
0.0122998449951
0.0123915270669
0.0123460660689
0.0122704240493
38.569767307
11.0075421879
3.92857736198

checksumTime
0.012078344007
0.011869477923
0.0119207559619
0.0118881840026
0.0119596869918
0.0119695169851
0.0119333829498
0.0117033800343
0.0117082489887
0.0116916169645
0.0116709800204
0.0116992510157
0.0116471759975
0.0116118059959
0.0119078930002
0.0116999499733
0.011977658025
0.0119159340393
0.0118490139721
0.0118620899739
0.011974803987
0.0119364759885
0.0155658440199
0.0405556620099




layer number :  24
93.5119320301
0.101256840979

jsonTime
2.68271144899
0.0224321130663
0.0227755500237
0.0147581659257
0.0146916949889
0.0148215269437
0.878428297001
0.0153388709296
0.0159507360077
0.0155846349662
0.0198062349809
0.0150091940304
0.0225515200291
0.0161382600199
0.0150248979917
0.0150949188974
0.0254081629682
0.0330950520001
0.0158064030111
0.0162746539572
0.015868451097
3.96801174001
1.33779609809
0.289151925012

layerTime
23.011668999
0.0418828129768
0.0127977470402
0.0113928479841
0.0120811490342
0.0120939679909
7.38920957304
0.0119943710743
0.0121372418944
0.0122308350401
0.0180500439601
0.0122950510122
0.0122199640609
0.0120733999647
0.0120185109554
0.0122405450093
0.228579762043
0.0123659230303
0.0122660130728
0.012189230998
0.0121488689911
38.642903161
10.6234634509
3.42700356105

checksumTime
0.0127619770356
0.0117113279412
0.0121526540024
0.0113643950317
0.0118411630392
0.0118868430145
0.0119109730003
0.0117620970123
0.0117210310418
0.011810029042
0.011687782011
0.0118957249215
0.0117849099915
0.0116498899879
0.0116665870883
0.0118990280898
0.0119918779237
0.0120237929514
0.0117829169612
0.0119593819836
0.0119500099681
0.0153184039518
0.0124077299843
0.0432079220191




layer number :  24
93.842769586
0.104767150944

jsonTime
2.670631791
0.021639063023
0.0154651039047
0.0148360659368
0.0145345469937
0.014733202057
0.9218298411
0.0153548489325
0.015492974082
0.0153569569811
0.0191278990824
0.0151690789498
0.0161678449949
0.0152168539353
0.014999531908
0.0150905300397
0.0328664599219
0.0168763069669
0.0155982930446
0.0158093740465
0.0156864010496
4.00123477099
1.32234948501
0.346700098016

layerTime
23.005747936
0.042085241992
0.0121353950817
0.012028630008
0.0120333500672
0.0120405289344
7.31139183789
0.0118902040413
0.0120897960151
0.0120706380112
0.0254540599417
0.0119332510512
0.0120106430259
0.0120250370819
0.0120611290913
0.0120387739735
0.222614128026
0.012271885993
0.0122080399888
0.0123951559654
0.0122341440292
38.6407638959
10.654414532
3.73201256106

checksumTime
0.0128266690299
0.0118444330292
0.0118394619785
0.0117286710301
0.0119690839201
0.0120387619827
0.0121583300643
0.011772230966
0.0116932019591
0.0116570809623
0.0117040410405
0.0116886559408
0.0117016390432
0.0116493999958
0.011711475905
0.0120137780905
0.012152572046
0.011941781966
0.0119252339937
0.0119170419639
0.0119787639705
0.0161897320068
0.0129407210043
0.0376453479985




layer number :  24
93.7855156941
0.101092901081

jsonTime
2.80377200595
0.021709454013
0.0155990719795
0.0154204970459
0.014612505096
0.0221467639785
1.031605041
0.0151969349245
0.0156105869683
0.0224109969568
0.0239043459296
0.0166727979667
0.0170509539312
0.0170154139632
0.0324750010623
0.0165756429778
0.0324258549372
0.0168988549849
0.0157953129383
0.0314809329575
0.0158862340031
4.00510476297
1.09392599692
0.276381508913

layerTime
22.635928481
0.041975250002
0.0121620289283
0.0120462569175
0.0119825829752
0.0121375550516
7.43927852507
0.0122309700819
0.0120753560914
0.014284253004
0.0284060960403
0.0123174380278
0.0123316640966
0.012300070026
0.0123624260304
0.0122913110536
0.276694123051
0.0122711360455
0.0121451310115
0.0123564130627
0.0122260770295
38.389162917
10.6347364581
4.12062064803

checksumTime
0.012482412043
0.011774507002
0.011766848038
0.0117476599989
0.011669807951
0.0119498899439
0.0118775300216
0.0119186359225
0.0117013769923
0.0118631130317
0.0118903520051
0.0119452510262
0.0119458199479
0.0118852789747
0.0119365819264
0.0119692420121
0.0121212749509
0.0119937950512
0.0119228010299
0.0119390209438
0.0119242200162
0.013105630991
0.0121337280143
0.0442895040615




layer number :  24
94.595440066
0.100835858961

jsonTime
2.66616406001
0.0219788739923
0.0155432670144
0.014796035015
0.0152674110141
0.014858846087
0.870250889915
0.0155479609966
0.016849188949
0.0302702679764
0.0215227130102
0.0161766770761
0.0169100490166
0.0168142199982
0.0398977659643
0.0169718310935
0.0304425159702
0.0169178560609
0.0157475689193
0.0314872849267
0.0158034770284
3.95950539899
1.05256085901
0.273799661896

layerTime
22.843079141
0.0400773140136
0.012160822982
0.0120330969803
0.0119973990368
0.0120539659401
7.39187867206
0.0123239470413
0.0123928700341
0.0122478110716
0.0258080839412
0.0121536689112
0.0123824930051
0.0122796660289
0.0118968209717
0.0122518019052
0.27336040698
0.012303608004
0.0124374240404
0.0123601329979
0.012237924966
39.3638557261
10.850451858
3.96998669603

checksumTime
0.0122061859583
0.0117340150755
0.0118162559811
0.0117313909577
0.0117094429443
0.0117820970481
0.0120330229402
0.0120874160202
0.0118561249692
0.0114779520081
0.0118396279868
0.0118869410362
0.0118615019601
0.0119468120392
0.0115940939868
0.0118727460504
0.0120053259889
0.0119685960235
0.0119567520451
0.0119839990512
0.011955386959
0.0139028469566
0.012848953018
0.0477131960215




layer number :  24
95.4134913679
0.104890253977

jsonTime
3.01556914102
0.0233934660209
0.0158644249896
0.0146564029856
0.0145995559869
0.0145920979558
1.13044597104
0.0159776839428
0.0154882769566
0.0153806920862
0.027221856988
0.0152491809567
0.0156033709645
0.0154012450948
0.0150310149183
0.032309422968
0.0322869549273
0.0162253919989
0.0157410739921
0.0156577209709
0.0314306230284
4.17772991105
1.18578558392
0.277204234037

layerTime
23.5227101439
0.0389323669951
0.0121427649865
0.011971898959
0.0120752709918
0.0120729909977
7.56017451198
0.012128357077
0.0118086079601
0.0120863949414
0.0181863569887
0.0121122790733
0.0120712009957
0.0120792839443
0.0121813541045
0.0123759350972
0.277603570023
0.0123101620702
0.0122559340671
0.0122480810387
0.0123368760105
38.5377677319
10.758827139
3.92348712496

checksumTime
0.0120147489943
0.0118095059879
0.0117210560711
0.0117456520675
0.0117694860091
0.0122301169904
0.0131498710252
0.0117789090145
0.0114246680168
0.0121467970312
0.0117865930079
0.0116892539663
0.0117051589768
0.0117636120412
0.0119258349296
0.0119362029945
0.0116325119743
0.0119845309528
0.0119873629883
0.012154247961
0.0118980659172
0.0159895831021
0.0120995260077
0.0387900379719




layer number :  24
93.728140129
0.102116061025

jsonTime
2.81073798507
0.0213100299006
0.0153925960185
0.0144912640098
0.0150410110364
0.0147166270763
0.990711729974
0.0471586280037
0.0154115479672
0.0225478960201
0.0191269640345
0.0150973779382
0.0152807169361
0.0153911479283
0.0232290119166
0.0151970559964
0.032206539996
0.0166800969746
0.0156978550367
0.0312401989941
0.0165932429954
4.219981072
1.08605186502
0.283618659014

layerTime
22.6618430209
0.0407653190196
0.0121745200595
0.0122830379987
0.0122375920182
0.0120657020016
7.24095486104
0.01181683701
0.0122492259834
0.0121709069936
0.0183764209505
0.0120668190066
0.0121332660783
0.0120146450354
0.0118393730372
0.0120813630056
0.277476454969
0.0122338209767
0.0122343900148
0.0123628529254
0.0122129679658
38.983223316
10.414448811
3.69240968698

checksumTime
0.0119881430874
0.0118064240087
0.0116968899965
0.0117628969019
0.0117529509589
0.0117847709917
0.0122865169542
0.0115529519971
0.0118037910433
0.0118086719885
0.0117730780039
0.0118400200736
0.0118650849909
0.011588745052
0.0112005269621
0.0117372380337
0.0119249010459
0.0119312210009
0.0119477040134
0.011974421097
0.0121116000228
0.011977668968
0.0162913330132
0.0423348830082




layer number :  24
94.706386691
0.102529103984

jsonTime
2.91639364802
0.0235905169975
0.0161465719575
0.0146526709432
0.0148424449144
0.0156702999957
1.16446170001
0.0152842609677
0.0157434629509
0.0225690179504
0.0197819559835
0.0154564080294
0.0154983339598
0.0172240410466
0.0325379830319
0.0165757680079
0.0318463129224
0.0169090820709
0.0157442879863
0.0319415359991
0.0160934329033
4.113641951
1.28984516102
0.290452363901

layerTime
22.8938218281
0.0385301720817
0.0121810761048
0.0120992850279
0.0121372340946
0.0122499039862
7.50818004401
0.0121182149742
0.0121751410188
0.0121871540323
0.0183009469183
0.0121302480111
0.0120540079661
0.0124958729139
0.0123575429898
0.012254338013
0.277851009043
0.0122523759492
0.0122245169478
0.0123544839444
0.0122346520657
38.624312483
10.6397098979
3.92729720601

checksumTime
0.0124233749229
0.0118738069432
0.0117256479571
0.0118004770484
0.0120216179639
0.0122096299892
0.0120339440182
0.0120103710797
0.0117553609889
0.0117208120646
0.0122411040356
0.0118460180238
0.0120716870297
0.0119404169964
0.0119343859842
0.011943330057
0.0120344279567
0.0119887860492
0.0123575790785
0.0119215480518
0.0119295360055
0.0164626640035
0.0111998540815
0.0473547190195




layer number :  24
94.2184943771
0.102268871036

jsonTime
2.88034968509
0.021472348948
0.0166384269251
0.0146267559612
0.0146707040258
0.0146425309358
1.04643572599
0.0165342320688
0.0167311209952
0.0155651449459
0.0192397700157
0.0153561419575
0.0161021139938
0.0152758480981
0.0151112029562
0.0231542289257
0.025314870989
0.0170721650356
0.0158789390698
0.0156156650046
0.0313373230165
4.124567908
1.25396046496
0.279600330046

layerTime
23.059752165
0.0417816219851
0.0121119450778
0.0120346089825
0.012056460022
0.0120085260132
7.14890273998
0.0123317770194
0.0126576899784
0.0129337530816
0.025592667982
0.0120413620025
0.0121089839377
0.012115187943
0.0120953399455
0.0121404969832
0.274743319023
0.0123024379136
0.0121552610071
0.0123591719894
0.0123800550355
38.2326920191
10.943190588
3.94385534199

checksumTime
0.0120777490083
0.0117768420605
0.0117505820235
0.0117207450094
0.011705199955
0.0116489450447
0.0122955109691
0.0117479199544
0.0118248540675
0.0108982729726
0.0118217749987
0.0117281030398
0.0117357909912
0.0117338780547
0.0117852541152
0.0117660110118
0.0122227260144
0.0119659960037
0.0116256939946
0.0120233759517
0.0120049709221
0.0167751780245
0.0118315198924
0.0373680910561




