layer number :  21
86.716438115
0.0987130530411

jsonTime
1.91876901803
0.0159471189836
0.631093660952
0.0236091839615
0.0152284469223
0.0158262259793
0.0157246090239
0.031524181948
3.51357340906
0.0302012480097
0.324628709932
0.0146946070017
0.0144073000411
0.667833435
0.014795450028
0.0157593929907
0.014744159067
0.0147501160391
0.0448142410023
0.0156264809193
0.0146366020199

layerTime
18.088415947
0.012689825031
6.74108939001
0.0825894420268
0.0122464000015
0.0122667540563
0.0122317279456
0.0123633110197
44.837162402
0.0882265430409
2.51311253197
0.0120455570286
0.0120286679594
6.25404925493
0.0120864530327
0.0120675110957
0.0120196399512
0.0120565999532
0.177190018003
0.0120861160103
0.0120265219593

checksumTime
0.0122470339993
0.0125777469948
0.0120512510184
0.0118271750398
0.0119551250245
0.011958071962
0.0119056500262
0.0121916700155
0.0122163129272
0.012540093041
0.0118370780256
0.0116862419527
0.0168050720822
0.0117806739872
0.0131626399234
0.0118088979507
0.0117659399984
0.0117016050499
0.0118062969996
0.0117680570111
0.0535402050009




layer number :  21
83.3046119009
0.099663289031

jsonTime
2.04103467194
0.015088222106
0.498036854086
0.0224214569898
0.0157668229658
0.0157893360592
0.0157030900009
0.0316070349654
3.55871140095
0.0204662829638
0.239331232035
0.0183349580038
0.0154374260455
0.759091225918
0.0166905829683
0.0168722131057
0.01587934501
0.0160660679685
0.0679005510174
0.0161092010094
0.015967620071

layerTime
18.2465147751
0.0120306028984
6.541962013
0.0829891549656
0.0123104650993
0.012284012977
0.0122832710622
0.0124304160709
41.828207962
0.0451739319833
2.34699915093
0.0134761350928
0.0120706120506
5.88674528
0.0123327870388
0.0123237469234
0.012165387976
0.0123175940244
0.341726890998
0.0122791529866
0.012332385988

checksumTime
0.0119829059113
0.0117450699909
0.0118874990148
0.0118309099926
0.011958258925
0.0119519339642
0.0119541189633
0.0120549369603
0.0116590730613
0.0118562020361
0.0118474100018
0.0120599298971
0.0118275129935
0.0130913760513
0.0119996329304
0.0122578910086
0.0119277780177
0.0119653539732
0.0120878079906
0.0121045060223
0.0410988659132




layer number :  21
81.9697003601
0.0987628221046

jsonTime
2.040891435
0.0151567829307
0.515083524981
0.0227612240706
0.0158704560017
0.0157619928941
0.0156831200002
0.032405578997
3.53921584599
0.0237247309415
0.239425554057
0.0142946329433
0.0318852199707
0.853736882098
0.0147995400475
0.0151054209564
0.0216144510778
0.0148626100272
0.0509389819345
0.0316199210938
0.0158827500418

layerTime
17.220668645
0.0123584280955
6.43093084695
0.133663767017
0.0122586119687
0.0122571610846
0.0122865529265
0.0123760609422
41.286713008
0.0515869220253
2.48543093901
0.0120861360338
0.0124061249662
5.91614062397
0.0119622360216
0.0120007480728
0.0130590349436
0.0123792529339
0.334234673996
0.0123636759818
0.0122253838927

checksumTime
0.0121612800285
0.0119015929522
0.0119655720191
0.0119907439221
0.0119917161064
0.0123189350124
0.0119478850393
0.0120089470875
0.0169833430555
0.0118622749578
0.0124581080163
0.015546013019
0.0121934639756
0.011886165943
0.011731726001
0.0116960909218
0.0122874419903
0.0117707391037
0.011945761973
0.0119783909759
0.0517855770886




layer number :  21
82.9486010621
0.10170256102

jsonTime
2.006197421
0.0220150650712
0.475349485991
0.0308001410449
0.0150370380143
0.0157366989879
0.015683276928
0.0156646219548
3.55470670993
0.0287993899547
0.31155351398
0.0149338330375
0.0227904290659
0.773539933027
0.0150054449914
0.015182535979
0.0225788620301
0.0155608969508
0.0335754969856
0.0254304599948
0.0148758130381

layerTime
18.3594953901
0.012023941963
6.69357825606
0.0848383400589
0.0121043549152
0.0122560439631
0.0122145790374
0.0123882381013
41.315829962
0.0927317179739
2.33160006104
0.017081926926
0.0122335939668
5.90948834096
0.0124430039432
0.012082093046
0.0121445489349
0.0121249740478
0.151944634039
0.0115891440073
0.0122654179577

checksumTime
0.0119164779317
0.0116561419563
0.0119701959193
0.0118849619757
0.0116994600976
0.011943020043
0.0119713749737
0.011930765002
0.0164915530477
0.0120254020439
0.011794475955
0.013458558009
0.0121436340269
0.0124556260416
0.0120019230526
0.0117829169612
0.0118179720594
0.0117299879203
0.0115818220656
0.0118095219368
0.0446830720175




layer number :  21
80.996673355
0.100544193992

jsonTime
2.097713597
0.0311231850646
0.632803914021
0.0325284429127
0.0150945780333
0.0148613000056
0.0146400709637
0.0149682719493
3.38667115697
0.0212620630627
0.233018731
0.0154128739377
0.0219804899534
0.881525106961
0.0159943669569
0.0158769119298
0.0216705639614
0.0148392489646
0.0326078509679
0.0218496440211
0.0147070439998

layerTime
17.729846422
0.0132336058887
6.32976962894
0.100586984074
0.0120195630006
0.0117355179973
0.0119537989376
0.0116529300576
40.7390672141
0.0511896269163
2.10860627797
0.0120761760045
0.0121591320494
5.66266421706
0.0120706759626
0.0120772010414
0.0120627910364
0.0120586170815
0.152650800999
0.0121258989675
0.0162003680598

checksumTime
0.0119561710162
0.0119825410657
0.0118316850858
0.0121744049247
0.0117004360072
0.0116701560328
0.0119911760557
0.0114591029705
0.0119363409467
0.0166373790707
0.0128452780191
0.0118021110538
0.0129088279791
0.012814130052
0.0117749060737
0.0117953360314
0.0118630599463
0.0119601839688
0.0117930209963
0.0118578349939
0.0540012880228




layer number :  21
80.028827789
0.0994248290081

jsonTime
2.048092635
0.0225321379257
0.486110345926
0.0299386560218
0.0168036789401
0.0156635849271
0.0155001350213
0.0156718300423
3.576708248
0.0207726730732
0.240650792024
0.0160128340358
0.0231598680839
0.713559187949
0.01527875592
0.0153087270446
0.0336021919502
0.0163291390054
0.051309462986
0.0315468769986
0.0157959290082

layerTime
16.840654945
0.0121029770235
6.25175132602
0.107590536005
0.0122658050386
0.0122302300297
0.0122054889798
0.0122504269239
40.8759503
0.0454852019902
2.07866255695
0.0127550819889
0.0120749128982
5.50120810501
0.0132501570042
0.0120516589377
0.0126387419878
0.0122815599898
0.334713833989
0.0124052119208
0.0118511790643

checksumTime
0.012091993005
0.0117437400622
0.0118796080351
0.0121198779671
0.0119615540607
0.0119172550039
0.0119262649678
0.0119795880746
0.0135144959204
0.0165747359861
0.0119424540317
0.0116215909366
0.0117954660673
0.0127822990762
0.0122015270172
0.0153611720307
0.012233826099
0.0119633040158
0.0119834860088
0.0120749740163
0.0523780309595




layer number :  21
80.989084416
0.0996725610457

jsonTime
2.08417631499
0.0244551380165
0.511314971955
0.0298057469772
0.0161181719741
0.0161977480166
0.0156046230113
0.0320572139462
3.61562196398
0.0209078119369
0.231332550989
0.0173245050246
0.021882699104
0.757974554901
0.0198083269643
0.0164654640248
0.0215489319526
0.0148402859922
0.0328183569945
0.0223470400088
0.0158450530143

layerTime
17.498519068
0.0121133209905
6.53390344803
0.0892522310605
0.0122775710188
0.0122548140353
0.0122959750006
0.0124071890023
40.269306766
0.0507189610507
2.38028838707
0.0121059600497
0.0124739609892
5.91259032802
0.0135416699341
0.0125780439703
0.0120666910661
0.0124770769617
0.152023334987
0.0120854750276
0.0123077390017

checksumTime
0.0124456409831
0.0117799360305
0.0119137569563
0.012019900023
0.011966757942
0.0119083619211
0.011977924034
0.0120352180675
0.011976807029
0.0117894939613
0.0157769669313
0.0118214319227
0.0120035510045
0.015516870073
0.0119515960105
0.0118157330435
0.0117821530439
0.0118786309613
0.011122822063
0.0117435919819
0.0477362679085




layer number :  21
80.110124174
0.104072078015

jsonTime
2.02332169609
0.0220143869519
0.478048734018
0.0300820700359
0.0147852620576
0.0153283959953
0.0145535580814
0.0157279089326
3.51484963705
0.0214662209619
0.24521164794
0.0148539959919
0.0260273040039
0.689669928048
0.0161063340493
0.0154049239354
0.0217894110829
0.0148278400302
0.0325691540493
0.0322588370182
0.0156692221062

layerTime
16.5856654999
0.012161071063
6.41721171804
0.0850964359706
0.0119611709379
0.0120644579874
0.0120735280216
0.012183219078
40.192325376
0.0467805310618
2.579918326
0.0120490270201
0.0177623810014
6.18419287098
0.0122965729097
0.0133641309803
0.0120384090114
0.0119610540569
0.162874322967
0.0123745250748
0.0119704579702

checksumTime
0.0119795780629
0.0117077409523
0.0123668859014
0.011788820033
0.0118335729931
0.0117690319894
0.011934168986
0.0119732669555
0.0174657989992
0.0118472100003
0.0117843720363
0.0120834989939
0.0135120059131
0.0129283600254
0.0119294570759
0.0123489400139
0.0118702258915
0.0117021099431
0.0119476909749
0.0119723558892
0.0558431600221




layer number :  21
81.11993142
0.0990297590615

jsonTime
2.11113491596
0.0232105311006
0.515172910993
0.0298579080263
0.0148355739657
0.0157665939769
0.0156660909997
0.0157857229933
3.57279193099
0.0209880749462
0.306013454916
0.0167584939627
0.0225104740821
0.750386668951
0.0157537679188
0.0176290340023
0.0218525130767
0.0148808839731
0.0327296289615
0.0316777440021
0.0158750230912

layerTime
17.437352192
0.01215486601
6.47520264401
0.0848489020718
0.0120992470765
0.0122824379941
0.0123029289534
0.0121880690567
40.226236249
0.0461508120643
2.46933814709
0.0119948809734
0.011957167997
6.03452144098
0.0121319080936
0.0121986289741
0.0123895859579
0.0120477100136
0.197282667039
0.012420671992
0.0122737119673

checksumTime
0.0138149369741
0.0119008099427
0.0120618819492
0.0119079629658
0.0120058209868
0.0119300830411
0.0119842259446
0.0120298250113
0.011533351033
0.0128120080335
0.0156142310007
0.0117150619626
0.011714361026
0.0119594470598
0.0155768629629
0.0118547789752
0.0118403009837
0.0117325510364
0.0120478459867
0.0119943979662
0.051508422941




layer number :  21
80.0875401599
0.0999161090003

jsonTime
2.01152905298
0.022164999973
0.482928895974
0.0298412470147
0.014917626977
0.0144017280545
0.0144821780268
0.0142619919498
3.04270768608
0.0223151590908
0.248636945034
0.0148261319846
0.0217609530082
0.851560070063
0.0152891350444
0.0168998489389
0.0304834300186
0.0163638140075
0.0496277800994
0.0314193139784
0.0156962360488

layerTime
18.131012524
0.0121839260682
6.08715223009
0.0873388769105
0.0119772410253
0.0119735589251
0.0125691879075
0.0120401870226
40.121532506
0.0455900949892
2.12361503101
0.0120811120141
0.0125621330226
5.64746895595
0.0169323099544
0.0125184360659
0.0123966808897
0.012410063995
0.310434485902
0.0123781029833
0.012366313953

checksumTime
0.0116656810278
0.0118154339725
0.0119354879716
0.0122438190738
0.0116155629512
0.011715203058
0.0118894190527
0.0115125359735
0.0166733439546
0.011891040951
0.0119502330199
0.0117826729547
0.01188580296
0.0128593069967
0.0134616020368
0.0120372989913
0.0119921870064
0.0119663249934
0.0120253571076
0.0119338879595
0.0314867550042




