layer number :  6
86.0997298029
0.0581265789224

jsonTime
1.52533459105
0.015707426006
0.0148227600148
0.204444232979
0.0174109169748
5.776455977

layerTime
12.1192213109
0.0124178240076
0.0120656129438
2.11395638296
0.0166502969805
64.104725059

checksumTime
0.0120996449841
0.0118383170338
0.0126848360524
0.0118879680522
0.0117940310156
0.037388341967




layer number :  6
84.98362248
0.0567713390337

jsonTime
1.49380546296
0.0149198749568
0.0150095559657
0.203571441001
0.0280162830604
5.60512644902

layerTime
11.6872290371
0.0112298569875
0.0119811421027
2.09303329198
0.0165198160103
63.637688927

checksumTime
0.0122755729826
0.0113855770323
0.0119161609327
0.011895010015
0.0120101759676
0.0386074389098




layer number :  6
86.041960789
0.0596080829855

jsonTime
1.51973721501
0.0158541169949
0.0153253229801
0.254511671956
0.0203491509892
6.35286765394

layerTime
11.6737193051
0.0122812220361
0.0122208730318
2.15875088703
0.0229949209606
63.813326261

checksumTime
0.0122904239688
0.0119258359773
0.0119610549882
0.0120420280145
0.0119564060587
0.0395297129871




layer number :  6
84.755552875
0.0598519430496

jsonTime
1.52607596607
0.0141625989927
0.014801761019
0.209551620064
0.0172864020569
5.65854446893

layerTime
12.003641048
0.0120213240152
0.0120356479893
1.89717792301
0.0167843770469
63.2054537351

checksumTime
0.0119360049721
0.0116473640082
0.0116337429499
0.0118430479197
0.0119086849736
0.038701621932




layer number :  6
86.019932728
0.0595370369265

jsonTime
1.49752678897
0.0229522720911
0.0159632379655
0.185233498923
0.0173894570908
6.45049371407

layerTime
11.654324638
0.0122124729678
0.0120441139443
2.1051024691
0.0168226159876
63.865444534

checksumTime
0.0122210989939
0.0120806760387
0.0120340330759
0.0120282619027
0.0119965969352
0.0341290240176




layer number :  6
84.631309745
0.0611223679734

jsonTime
1.55132196599
0.0153777219821
0.0226528319763
0.19983678509
0.0397760840133
5.65966550296

layerTime
11.749172342
0.0121089330642
0.0120704530273
2.0742513499
0.0168642729986
63.1075465861

checksumTime
0.0124685979681
0.0117655459326
0.0117075609742
0.0117867330555
0.0117756599793
0.0394973399816




layer number :  6
85.356715861
0.0587693440029

jsonTime
1.44186140306
0.0148058190243
0.0345814209431
0.198645291966
0.0261710560881
5.69234524202

layerTime
11.809925209
0.0119390030159
0.0120704160072
2.322030004
0.0169457090087
63.611225627

checksumTime
0.0117583199171
0.0117183510447
0.0117369230138
0.0117818249855
0.01173160295
0.0360585439485




layer number :  6
85.785392943
0.0588803059654

jsonTime
1.53297084093
0.0144780509872
0.014792187023
0.198649403988
0.0173889499856
5.94512376306

layerTime
11.9450280101
0.0120339500718
0.011957176961
2.33958288701
0.0168675680179
63.5560817509

checksumTime
0.0133100779494
0.0119814439677
0.0116749020526
0.0119105889462
0.0114735160023
0.050595904002




layer number :  6
84.955013754
0.0577666119207

jsonTime
1.49229049892
0.0294577779714
0.0156270629959
0.244799603941
0.0174410709878
5.66348300094

layerTime
11.9904526811
0.012329558027
0.0122351949103
2.17726072203
0.0166984000243
63.1130822491

checksumTime
0.0122260679491
0.0119696140755
0.0119517480489
0.0119153970154
0.0116550360108
0.0417233769549




layer number :  6
84.615820716
0.0579901959281

jsonTime
1.44688617205
0.015023674001
0.0154045170639
0.194537953939
0.0174311649753
5.93071208103

layerTime
11.885829991
0.0121649780776
0.0121007639682
2.344996033
0.0173727379879
62.536026404

checksumTime
0.0122063430026
0.0119076739065
0.0118475530762
0.0118875170592
0.0120317259571
0.0588871040381




