layer number :  24
76.8402276889
0.105188663001

jsonTime
0.0332101810491
2.05379224301
0.0166507210815
0.0156462410232
3.81900423905
0.0167205820326
7.37400259823e-05
0.012175102951
0.0148364610504
0.0150295699714
0.0150453830138
0.0219463559333
0.309067502036
0.0164757620078
0.0151827489026
0.133774531074
0.0168653250439
0.0158830869477
0.0176661410369
0.518015325069
0.0154807351064
0.0147394590313
0.0231011259602
0.0147718539229

layerTime
0.0123720540432
21.6859914961
0.0123498099856
0.0123195720371
37.585868081
0.0121013160096
0.0111137829954
0.0122456620447
0.0120334250387
0.0123389509972
0.0117071790155
0.0121362670325
4.43074871204
0.0121122959536
0.012032839004
1.20868460799
0.0126663129777
0.0122342939721
0.0122730060248
4.088541909
0.0120497399475
0.0119988949737
0.0114953720476
0.0117544160457

checksumTime
0.0119882608997
0.0141567689134
0.011925500934
0.0120435589924
0.0119635339361
0.0324756220216
0.0133614869555
0.0119857139653
0.011745737982
0.0116987100337
0.0114891469711
0.0117002619663
0.0188285519835
0.0127937410725
0.0117751529906
0.0120181329548
0.0119469900383
0.0120128910057
0.011921830941
0.0127809349215
0.0117809369694
0.014571754029
0.0116628960241
0.041434885934




layer number :  24
78.170723789
0.101512282039

jsonTime
0.0153137600282
1.79955689097
0.0170199030545
0.0157084669918
3.62016391498
0.0163799460279
0.0145337360445
0.0147649729624
0.0152958740946
0.0156785550062
0.0323259269353
0.0157128839055
0.427906570025
0.0170437849592
0.0172022329643
0.151270761969
0.0167996999808
0.0168014420196
0.0179353409912
0.506127267028
0.0155461210525
0.0146775600733
0.0224212480243
0.0149838170037

layerTime
0.0122171379626
19.552858306
0.0123508699471
0.0122436189558
41.8334629791
0.0122393659549
0.0120433600387
0.0120443060296
0.0123498979956
0.0122124570189
0.0123792130034
0.0122363700066
3.70560881298
0.0122438919498
0.0117006839719
1.48448135203
0.0168542909669
0.0124519109959
0.0123621230014
4.09493740997
0.012062691967
0.0120168100111
0.0120625289856
0.0119742919924

checksumTime
0.0119150850223
0.0126830179943
0.0118944731075
0.0119618549943
0.0120120999636
0.0117532709846
0.0117157700006
0.0117964649107
0.0119640999474
0.0119507600321
0.0120105120586
0.0120010100072
0.0120616140775
0.0119519120781
0.012012773077
0.0120151869487
0.013694148045
0.0119818820385
0.0119335249765
0.0117947729304
0.0117017719895
0.0143157199491
0.0119881309802
0.0410777200013




layer number :  24
79.3583669619
0.103443608969

jsonTime
0.0153220971115
1.89525066304
0.0151554970071
0.0146039729007
3.16378787498
0.0180197330192
0.022052366985
0.0149298009928
0.0145844020881
0.0146398380166
0.0148459139746
0.0217164190253
0.411643801024
0.0229404870188
0.0155825651018
0.132274837
0.0320948800072
0.015936252079
0.0179809390102
0.50216417294
0.0161594870733
0.0190492069814
0.0151564310072
0.0311534400098

layerTime
0.0121772519778
20.3103892041
0.0121036280179
0.0119864360895
42.3629211971
0.012356600957
0.0121642230079
0.0120352959493
0.011979680974
0.0120309250196
0.012001740979
0.0121598190162
4.24723329302
0.0121799280168
0.0120608689031
1.30903740297
0.0125325029949
0.0121731539257
0.0126576500479
3.99840483209
0.0118039050139
0.013791986974
0.0121763020288
0.0126881499309

checksumTime
0.0120526679093
0.0123144339304
0.0117577910423
0.0117625779239
0.0155721779447
0.0118447981076
0.0118508379674
0.0117970249848
0.0118092820048
0.0118721500039
0.0118223209865
0.0117549529532
0.0121806849493
0.0117479099426
0.0116924940376
0.0120973510202
0.0118836499751
0.0119489619974
0.012164358981
0.0138994319132
0.0124690060038
0.0118194679962
0.0120282049756
0.0460171420127




layer number :  24
79.080987637
0.103609416983

jsonTime
0.0333492509089
1.77752450993
0.0150548811071
0.0150703240652
3.26839101908
0.0223385620629
0.0162314169575
0.0158692980185
0.0158331830753
0.0158001279924
0.0156551400432
0.0318963060854
0.409760357928
0.0163864030037
0.0162997050211
0.153396782
0.01630638598
0.0157801290043
0.0175890349783
0.512156256009
0.0148820310133
0.0146225109929
0.0216101650149
0.0146240700269

layerTime
0.0123277830426
20.942019175
0.0120466569206
0.0119972359389
41.356750892
0.0132016119314
0.0124151210766
0.0122733080061
0.0123128989944
0.0122665090021
0.0122470689239
0.0124489068985
3.87395767099
0.0122830449836
0.0122584459605
2.09240256099
0.0124222920276
0.0122871228959
0.0123485430377
3.68743543501
0.0119175909786
0.0119786940049
0.0120546780527
0.0119500280125

checksumTime
0.0119379550451
0.0122146279318
0.0122335039778
0.0117365909973
0.0132151459111
0.0121316050645
0.0119415419176
0.0119306449778
0.0119224109221
0.0120117630577
0.0119660639903
0.0120357620763
0.0187586200191
0.0120420900639
0.0120096129831
0.0121752270497
0.0120628810255
0.012285163044
0.01194071793
0.0118414610624
0.0117331999354
0.0116953740362
0.0117808679352
0.031146497




layer number :  24
80.91903895
0.100587060908

jsonTime
0.0152517410461
1.90853481996
0.0151865849039
0.0145754979458
3.3598285109
0.0192261019256
0.031671892968
0.0159282520181
0.0163680729456
0.0157434000866
0.0174829299795
0.0317540928954
0.408265174017
0.0222348079551
0.0147554529831
0.13495820004
0.0244233219419
0.014761342085
0.0157295590034
0.478822808946
0.0148453520378
0.0150578890461
0.0145842800848
0.0312524939654

layerTime
0.0122325869743
22.0266297361
0.0129948781105
0.0119974560803
42.012100133
0.0124455830082
0.0138241710374
0.0119361979887
0.0117725410964
0.0121571209747
0.0127022010274
0.0123743320582
3.91432803101
0.0117066079983
0.0120143629611
1.71647196403
0.0124148890609
0.012014857959
0.0121351949638
3.93137523311
0.0119812109042
0.012012172956
0.0120184799889
0.0123473489657

checksumTime
0.0119078060379
0.0122628189856
0.0118627189659
0.0113826770103
0.0122309770668
0.0120170600712
0.0119761939859
0.0126490619732
0.0115603539161
0.0120113609591
0.0119140860625
0.0119874939555
0.0118255990092
0.0115933370544
0.0117315870011
0.0161839009961
0.011826872942
0.0117570740404
0.0117653619964
0.0121050899616
0.0127502999967
0.0117294699885
0.0120448400266
0.0435842410661




layer number :  24
77.8457152171
0.100856933044

jsonTime
0.0347277160035
2.00219275896
0.0150645010872
0.0146032669581
3.12894813903
0.0165273239836
0.0145726320334
0.0252128449501
0.0155192880193
0.0145602460252
0.0145630730549
0.0151214300422
0.317842965014
0.0342136110412
0.0155135010136
0.153220496024
0.0417261470575
0.0158507550368
0.0175780470017
0.500417311094
0.01540573698
0.0151502689114
0.0157337249257
0.0317575399531

layerTime
0.0123679930111
21.168886384
0.0120168459835
0.0120515880408
39.721569145
0.0121853529708
0.0120665680151
0.0122759310761
0.0122418319806
0.012001332012
0.0119785959832
0.0120213379851
3.81366758002
0.0128377199871
0.0117089609848
2.07132349792
0.0124246010091
0.0122636909364
0.0123665609863
3.92065321491
0.0120387229836
0.0122153400443
0.0122533310205
0.0124009170104

checksumTime
0.0120274480432
0.0119538479485
0.0117471349658
0.0120059179608
0.0119938640855
0.0117281629937
0.0181312949862
0.0118339019828
0.0117881309707
0.0117155759363
0.012936123996
0.0117289379705
0.0121259589214
0.0120792409871
0.0114141920349
0.0122650000267
0.0119712039595
0.0119572760304
0.0121410109568
0.0127469600411
0.0115880430676
0.0119599270402
0.0122072880622
0.0382581820013




layer number :  24
79.908637928
0.102198348031

jsonTime
0.0329288820503
1.99687427899
0.0158005360281
0.0144565880764
3.17003031902
0.0165557439905
0.0146650689421
0.0145249889465
0.0145829949761
0.0157198680099
0.0150377789978
0.0325621429365
0.40973861597
0.0155247090152
0.0155867449939
0.133881152957
0.0158571739448
0.0156749050366
0.0183532600058
0.497397340951
0.0150446519256
0.0153365030419
0.0218761990545
0.0146025689319

layerTime
0.0120799369179
21.7866987861
0.0119265760295
0.0120264089201
41.613645099
0.0122649699915
0.012025668053
0.0120876120636
0.0120163749671
0.0119986609789
0.0120184080442
0.0124335410073
4.22464797006
0.0120401449967
0.0119728619466
1.36124028603
0.0121998869581
0.0122572380351
0.012339024106
3.70947252703
0.0125803150004
0.0119898630073
0.0120730629424
0.0119187270757

checksumTime
0.0114444770152
0.0124603249133
0.0116469899658
0.0116287959972
0.011992476997
0.0114486780949
0.0116788139567
0.0117538670311
0.0139070580481
0.0117240969557
0.016339675989
0.0120311750798
0.0189427919686
0.0126951279817
0.0117399230367
0.0120527640684
0.0121444510296
0.0119161428884
0.0120073979488
0.0118811790599
0.0127760160249
0.0118092489429
0.0114238860551
0.0397326009115




layer number :  24
76.471632494
0.100886163069

jsonTime
0.016306662932
2.02907429496
0.0164943319978
0.014159807004
3.51697136508
0.0187641090015
0.0221563250525
0.0146119410638
0.0147474600235
0.0145985620329
0.0146156690316
0.0313470460242
0.404704555986
0.0226315750042
0.0144745439757
0.13565299008
0.0262491980102
0.0168015990639
0.0155897650402
0.361132269027
0.0151558539364
0.023435576004
0.0140857490478
0.0218154740287

layerTime
0.0122907670448
21.01142064
0.0123553880258
0.0117498049513
39.6047532599
0.0127262190217
0.0123350649374
0.012295781984
0.0120234489441
0.0119989850791
0.012280166964
0.0123701699777
3.89875138109
0.0119962309254
0.011949031963
0.910817689029
0.0134665280348
0.01242331299
0.0121136259986
3.59608358599
0.012051052996
0.0120501270285
0.0120863079792
0.0121257459978

checksumTime
0.0119873629883
0.0122990750242
0.0115192329977
0.0115801539505
0.0120983209927
0.0114548900165
0.011844935012
0.0117959639756
0.0116895879619
0.011812867946
0.0119875329547
0.0120398750296
0.0116804169957
0.0118294070708
0.0116102639586
0.0117511228891
0.0133866739925
0.0118862529052
0.0116874070372
0.0116882519796
0.0117584690452
0.0116211919812
0.0118368469412
0.0372175349621




layer number :  24
74.526388626
0.101591221988

jsonTime
0.0330977910198
2.00260015903
0.015080398065
0.0142836449668
3.44486787496
0.0232547139749
0.0156859460985
0.0162437360268
0.0165864870651
0.0149485629518
0.0157657590462
0.0316307740286
0.394265852985
0.0155126639875
0.0159904100001
0.148751111934
0.0161663129693
0.015700264019
0.0186533730011
0.496717068949
0.0159704330144
0.0150851609651
0.0226500119315
0.0147468580399

layerTime
0.0123597380007
20.9145978129
0.0120603629621
0.0120647279546
36.794403691
0.0140060770791
0.012443547952
0.0123443799093
0.0121682359604
0.0122435640078
0.0123087539105
0.0123657520162
3.82861154899
0.0120595849585
0.0122799749952
1.48164538504
0.012283285032
0.0122979519656
0.0128090599319
4.00086734502
0.0120745999739
0.0120551510481
0.0121676210547
0.0120263239369

checksumTime
0.0120640229434
0.0118673540419
0.0118858460337
0.0114450930851
0.0120231970213
0.0120642489055
0.0119130730163
0.0119906900218
0.0116539850133
0.0119369520107
0.0119683010271
0.0119888379704
0.0189247500384
0.0117613400798
0.0119417490205
0.0122824750142
0.0120277539827
0.0119558860315
0.0119368820451
0.0130320880562
0.011808470008
0.0117582000094
0.0117698729737
0.0432860599831




layer number :  24
80.16288679
0.101878592046

jsonTime
0.0154494179878
1.80077050091
0.016119542066
0.0156549890526
3.64280531893
0.0199335999787
0.0282471099636
0.0178215680644
0.0153227370465
0.0155726060038
0.0154445569497
0.0279606829863
0.373682985897
0.0224771340145
0.0146357059712
0.141230359091
0.0318566639908
0.0157668619649
0.0176931129536
0.514289466897
0.0149453269551
0.0148465969833
0.0147398220142
0.0225781820482

layerTime
0.0123977700714
21.6188862361
0.0122336089844
0.0122251419816
41.443658506
0.0120084090158
0.0122173120035
0.0131984299514
0.0122379059903
0.0121532840421
0.0121774310246
0.0122714110184
4.32715869404
0.0121209369972
0.0120876460569
1.20521897299
0.0123885769863
0.0125078290002
0.0123226389987
4.07717134303
0.0121023660759
0.012037351029
0.0120663309935
0.0120985880494

checksumTime
0.0119226570241
0.0124517648946
0.0120045519434
0.0119283320382
0.0157254700316
0.0115937290248
0.0119174669962
0.0118245889898
0.0119929909706
0.0118649159558
0.012092435034
0.0119512160309
0.0118591570063
0.0115006850101
0.0117558789207
0.0121455439366
0.0120348390192
0.011982878088
0.0120064300718
0.0119256300386
0.0117036439478
0.0117227949668
0.0135653789621
0.0360828329576




