layer number :  23
44.499799614
0.100454370957

jsonTime
0.0151777029969
3.21221587702
0.0216471450403
0.0164335280424
0.0323533919873
0.296329385019
0.0146711369744
0.0140966830077
0.202027505031
0.0155321391067
0.276820859057
0.0153961689211
0.0155150919454
0.0228063679533
0.0149218050065
0.0153304190608
0.0162742669927
0.0314420789946
0.0157076070318
0.0149289210094
0.0146960739512
0.0152313429862
0.0316606230335

layerTime
0.0122264460661
30.7005710859
0.040246166056
0.0121175938984
0.0140690170228
3.64073135494
0.0119729069993
0.0114898890024
2.28747940797
0.0121439619688
2.86198906496
0.0132988960249
0.0122796820942
0.0122594559798
0.0119467459153
0.0120699179824
0.0120552409207
0.0123153460445
0.012208514032
0.0121802620124
0.0114051080309
0.0120610099984
0.0123708019964

checksumTime
0.0119785469724
0.0123444600031
0.0118373739533
0.0117943740916
0.0120398049476
0.0117987230187
0.0117139180657
0.0119608499808
0.0122781959362
0.0117831439711
0.0120691780467
0.0121403000085
0.0157391689718
0.0116637920728
0.0116909400094
0.0115817410406
0.011923965998
0.0119546749629
0.0118215549737
0.0116250170395
0.011231802986
0.0119831199991
0.0308083939599




layer number :  23
45.974973249
0.116034680046

jsonTime
0.0293247150257
3.04173181008
0.0466307080351
0.0205438089324
0.0170908400323
0.280775386025
0.0166226379806
0.0218840200687
0.161352091003
0.0257444271119
0.291997567983
0.0155730630504
0.0148681470891
0.015146446065
0.0142934010364
0.0223797949729
0.0160407020012
0.0155636359705
0.0147427179618
0.0217441959539
0.015630673035
0.0155636609998
0.0158163600136

layerTime
0.0121776619926
31.785380853
0.0831625029678
0.0123866840731
0.0122863410506
4.00131302897
0.0120292509673
0.012106547947
2.00781109801
0.012033867999
3.28686943301
0.0122153699631
0.0122983210022
0.0120638249209
0.0120750949718
0.0120118990308
0.0120049279649
0.0118994290242
0.012014616048
0.0120334160747
0.0124959949171
0.0120907259407
0.0121907310095

checksumTime
0.0120282889111
0.0128544429317
0.0122789060697
0.0119627749082
0.0119530609809
0.011821808992
0.0117735830136
0.0117544520181
0.0117981579388
0.0117128319107
0.0117128270213
0.0117064849474
0.0116997979349
0.0115523210261
0.0117562590167
0.0117090829881
0.0117289120099
0.0117388940416
0.0117834829725
0.0116887029726
0.0117672710912
0.0118115299847
0.0535073470091




layer number :  23
46.827605227
0.0936268200167

jsonTime
0.0223306869157
2.94373439695
0.0216782799689
0.0160653280327
0.0331588740228
0.290024272981
0.01594285795
0.0152948630275
0.225244291942
0.0148911429569
0.277942736982
0.0151159609668
0.0147609899286
0.0228182240389
0.0150861109141
0.0167199659627
0.0159908670466
0.0288528159726
0.0157143260585
0.0147040769225
0.0146466629812
0.014541061013
0.0312320109224

layerTime
0.0120056340238
32.509212238
0.0408485040534
0.012149496004
0.0137333209859
4.11226585193
0.0122065109899
0.0122246119427
2.11707598902
0.0120020670583
3.31426413497
0.0120991331059
0.012043582974
0.0121355559677
0.0123642770341
0.0121867089765
0.0121952439658
0.0116437489633
0.0120461329352
0.0120970170246
0.0119264780078
0.0123641589889
0.0123664609855

checksumTime
0.0116084980546
0.0122831109911
0.0118231759407
0.0119849439943
0.0122633400606
0.0121325420914
0.0119461630238
0.0118978220271
0.0118845710531
0.0118270179955
0.0117789499927
0.0119848949835
0.0120694490615
0.0117542180233
0.0145972140599
0.0117045759689
0.0118153970689
0.0117749850033
0.0117142960662
0.0117272790521
0.0116639919579
0.0120569220744
0.0493075200357




layer number :  23
46.2153185421
0.120718724094

jsonTime
0.0155097980751
3.09544408694
0.0429987490643
0.0183523360174
0.0165799499955
0.276895530988
0.0156207400141
0.0219893809408
0.169752657996
0.0150818179827
0.279990724055
0.0332165369764
0.0131886020536
0.0154154310003
0.0151157460641
0.0221733780345
0.0159293349134
0.0158159990096
0.0157120410586
0.031326515018
0.0160919299815
0.0157209930476
0.0156372629572

layerTime
0.0123577889754
32.114597801
0.0723883829778
0.012369689066
0.0122271989239
3.80099079397
0.0120170870796
0.0121207659831
2.54194567993
0.0121690389933
2.85064730898
0.000224694027565
0.0121254709084
0.0120790480869
0.0119784559356
0.0120628029108
0.0123542350484
0.0122292060405
0.0121819379274
0.0123906299705
0.012489396031
0.0122079849243
0.0122212179704

checksumTime
0.0119073400274
0.0121715919813
0.012008282938
0.0118692480028
0.0119367430452
0.0119310989976
0.0117435189895
0.0117468300741
0.0117900510086
0.0117247620365
0.011832986027
0.00684380193707
0.0117483380018
0.0117364209145
0.0117560720537
0.0116841550916
0.011963487952
0.0119509509532
0.0119785830611
0.0119817149825
0.0119921499863
0.0119605810614
0.0458309660899




layer number :  23
45.588760708
0.0998301260406

jsonTime
0.0329801300541
2.87343649799
0.0214451990323
0.0165436159587
0.0228261880111
0.242071265006
0.0168942500604
0.0156284279656
0.235466273036
0.01483409293
0.275873805047
0.0150657560444
0.0150337499799
0.0230843479512
0.0151432231069
0.0150301640388
0.0158840039512
0.0146780069917
0.0218325579772
0.0147261809325
0.014586520032
0.0146975939861
0.0155690079555

layerTime
0.0123681440018
31.196621469
0.0424594080541
0.0121223829919
0.0122605470242
4.12179444509
0.0122117189458
0.0121603650041
2.24937053898
0.0120135460747
3.39333160303
0.0120837970171
0.0120328780031
0.0121142510325
0.0120572549058
0.0123613349861
0.0121065310668
0.0120371989906
0.012129377923
0.0120325559983
0.0124555610819
0.0121129630134
0.0122279400239

checksumTime
0.0119272059528
0.012263386976
0.0119767939905
0.0116843329743
0.011608546949
0.012011420913
0.0119218060281
0.0119513580576
0.0117879880127
0.0116778179072
0.0117527309339
0.0120431180112
0.0121321480256
0.0117310729111
0.0116939810105
0.0117957240436
0.0117527910043
0.011684290017
0.0115211250959
0.0116586099612
0.0121133689536
0.0118306269869
0.0317910190206




layer number :  23
46.7082557529
0.15321576898

jsonTime
0.0321194479475
2.87026251398
0.0220905309543
0.019285583985
0.0170375589514
0.300701256958
0.0151123430114
0.0146321060602
0.16700470401
0.0215943780495
0.259567080066
0.0159654859453
0.0143020700198
0.0226478950353
0.0149473249912
0.0148936810438
0.015718400944
0.0144995299634
0.0216243970208
0.0148979499936
0.0144096099539
0.0148584709968
0.0147057460854

layerTime
0.0123410020024
32.53046801
0.0520017270464
0.0125630409457
0.0122358630178
4.10297986504
0.0122284700628
0.0119484378956
2.00374083605
0.0121441850206
3.41232634499
0.0120231560431
0.0119853590149
0.0121574619552
0.0120631820755
0.0121077758959
0.0121117710369
0.0117217960069
0.0119307460263
0.0119836230297
0.0120014339918
0.0119722589152
0.0120169539005

checksumTime
0.0118618070846
0.012492081034
0.0120020220056
0.0119410230545
0.0119049639907
0.0118242839817
0.0117269669427
0.0117645480204
0.0122579839081
0.0116984719643
0.0118595589884
0.0118229569634
0.0116623139475
0.0116741480306
0.0116805309663
0.0116928650532
0.0119767290307
0.0116176949814
0.0117062230129
0.0116657899925
0.0117233360652
0.0117916580057
0.0320296100108




layer number :  23
46.724539611
0.0990176879568

jsonTime
0.0322977199685
2.88183065003
0.0308344850782
0.0191890340066
0.0171458389377
0.312788794981
0.0148542789975
0.0140108789783
0.174400913995
0.0228703489993
0.274135351996
0.0156282900134
0.0148265549215
0.0223847179441
0.0151062349323
0.0149082459975
0.0160309849307
0.020426139934
0.014607790974
0.0145484339446
0.0150413819356
0.0161132169887
0.030118130031

layerTime
0.0122820329852
32.7360839411
0.0817653730046
0.0123649759917
0.0122960760491
3.974597911
0.0119947169442
0.0119657280156
2.00423225795
0.0128345910925
3.30503432197
0.0119940569857
0.01195155608
0.0121264050249
0.0122121640015
0.0122006889433
0.0118189209606
0.0115697890287
0.0120912920684
0.0119965160266
0.0121972340858
0.0112194499234
0.012323150062

checksumTime
0.0119164269418
0.0122592669213
0.0119458709378
0.0119464030722
0.0121015709592
0.0114826770732
0.011798836058
0.0116860569688
0.0117257849779
0.0120245979633
0.0120432960102
0.011658461066
0.0117281159619
0.011577684083
0.011761390022
0.0121407971019
0.0112041680841
0.0117233319907
0.0117393879918
0.0120140990475
0.0118782169884
0.0114526679972
0.031541667995




layer number :  23
45.9491444801
0.12036307808

jsonTime
0.0151837930316
3.03233208007
0.0463838550495
0.0191402609926
0.0177344619296
0.303345985012
0.0149648389779
0.0228408649564
0.165560477995
0.0220035980456
0.345290653058
0.0145000780467
0.0145161789842
0.0153074549744
0.014872009051
0.0222795279697
0.0161671660608
0.0146928469185
0.0146898709936
0.0215644179843
0.016921947943
0.0156629290432
0.0158677010331

layerTime
0.0122109430376
31.874197038
0.0834803809412
0.012443760992
0.0116413020296
3.89923536999
0.012076439918
0.01203291805
2.01034140901
0.0122280280339
3.21187964699
0.0119839920662
0.0121096690418
0.0121327829547
0.0120552399894
0.0121495199855
0.0121479600202
0.0120759640122
0.0119966020575
0.0120912150014
0.0122705930844
0.0123271580087
0.0122858409304

checksumTime
0.0119341609534
0.01257367793
0.0119853890501
0.0118384510279
0.011589383008
0.0116789940512
0.0120559000643
0.0119873170042
0.0120428579394
0.0119191509439
0.0112815079046
0.011541381944
0.0117045040242
0.0117304340238
0.0117563429521
0.0117939549964
0.0116985390196
0.0117355519906
0.0117917869939
0.016654519015
0.011930028908
0.0119662149809
0.0535764130764




layer number :  23
46.703067523
0.100310539012

jsonTime
0.0330283540534
2.92991302093
0.021242535091
0.0193406069884
0.0361412659986
0.291803734959
0.0151880719932
0.0146549389465
0.168860954
0.0168889639899
0.273709208937
0.0159781849943
0.0148687619949
0.0160523699597
0.0148950399598
0.0222657059785
0.0158546490129
0.0146830290323
0.0147344080033
0.0143159370637
0.0217813290656
0.0153401539428
0.0144634828903

layerTime
0.012414813973
32.5230484831
0.0760513819987
0.0122761259554
0.0131215549773
4.10151452408
0.0121061259415
0.0120817250572
2.01916732499
0.0119747919962
3.33085926704
0.0120851469692
0.0120057860622
0.0121457410278
0.0120609400328
0.0121693420224
0.0120794839459
0.0125045069726
0.0115104999859
0.0118457209319
0.0120911919512
0.0120377370622
0.0119771750178

checksumTime
0.011992556043
0.013247998897
0.0121636620024
0.0119010640774
0.0112852259772
0.0119167939993
0.0119455240201
0.0117691030027
0.0118168030167
0.0116904550232
0.0118654350517
0.0117678709794
0.0116840379778
0.0116512139793
0.0117635630304
0.0117034199648
0.0116991680115
0.0117796499981
0.0114960860228
0.0118026969722
0.0115363490768
0.0117104150122
0.0471588689834




layer number :  23
46.620670103
0.0980475930264

jsonTime
0.0155196769629
2.98014440294
0.0301516039763
0.0187092619017
0.017601354979
0.303407595959
0.0150875750696
0.0152965619927
0.171890471014
0.0257518619765
0.258059110958
0.0152242650511
0.0157889180118
0.023360648076
0.014911485021
0.0148868740071
0.0165260209469
0.0212464180076
0.0145439560292
0.0144014609978
0.0147103760391
0.0143251320114
0.0215087250108

layerTime
0.0122440069681
32.692888369
0.0828847009689
0.0124657970155
0.0122431580676
4.06333212904
0.0120466259541
0.011995614972
2.00159794604
0.0120116170729
3.09295453108
0.0120276749367
0.0119971568929
0.0121230729856
0.0119842840359
0.0120097360341
0.0122789089801
0.0120032449486
0.0120126759866
0.0123011759715
0.0119699919596
0.0119234409649
0.012104958063

checksumTime
0.0120085440576
0.0122786361026
0.0122830660548
0.0119079060387
0.0119428079342
0.0119219339686
0.0117628250737
0.0117518629413
0.0120809209766
0.0116385329748
0.0118030839367
0.0121036290657
0.0116501640296
0.0115918229567
0.0116738328943
0.0116390390322
0.0116362380795
0.0116078499705
0.0116116930731
0.0119992289692
0.0117536580656
0.0116526889615
0.0470434419112




