layer number :  9
79.18147979
0.064527999959

jsonTime
3.22718340403
0.0215517609613
0.0232315050671
0.0150308719603
0.0148215080844
0.255758656072
3.99592096603
0.0240902670193
0.0235670940019

layerTime
24.170568475
0.0403303309577
0.0120267689927
0.0121209589997
0.0119339500088
2.54203342798
44.552344384
0.0183723230148
0.0122125990456

checksumTime
0.0126177510247
0.011785160983
0.0117687539896
0.0117403439945
0.0117109569255
0.0120747499168
0.0136752140243
0.0135057088919
0.0343025680631




layer number :  9
79.193868855
0.0600741900271

jsonTime
2.70911202102
0.0223177700536
0.022776738042
0.0149277129676
0.0146729219705
0.24962132494
4.69573115499
0.0199488960207
0.0147953450214

layerTime
24.110418631
0.0407756069908
0.0120925119845
0.0120056360029
0.0120578469941
2.96972171206
44.049265063
0.0124523839913
0.0120391789824

checksumTime
0.0122667799005
0.0118049070006
0.0117083250079
0.0117539720377
0.0118083630223
0.012132089003
0.0131818659138
0.0118325080257
0.0319478689926




layer number :  9
78.8508349441
0.0633443109691

jsonTime
3.10005193204
0.0229617209407
0.0153143489733
0.014655173989
0.0148053800222
0.250988605083
4.70014764601
0.0198079469847
0.0144955739379

layerTime
24.1402942289
0.0436769990483
0.0120325940661
0.012001784984
0.0120622309623
2.11179536697
44.140718464
0.0119023720035
0.0119575780118

checksumTime
0.0122161650797
0.0117883599596
0.011697054957
0.0117577790515
0.0117896429729
0.0120129289571
0.0115109439939
0.0116878190311
0.0328389820643




layer number :  9
77.787082308
0.0607002860634

jsonTime
2.81508113898
0.0228485660627
0.015490396996
0.0155350199202
0.0156018090202
0.300104237045
4.26616107707
0.0192997999256
0.0156528200023

layerTime
23.882415804
0.0432679749792
0.0120304339798
0.0122753120959
0.0122528770007
2.14222267899
43.9597365609
0.012534402078
0.0120963089867

checksumTime
0.0122576269787
0.0117700030096
0.0117716080276
0.0118065399583
0.0119580159662
0.0118702589534
0.0116141870385
0.0131891969359
0.0447759809904




layer number :  9
77.4250058309
0.0607395109255

jsonTime
2.99089243892
0.0215057389578
0.0153826799942
0.0145767889917
0.0146440919489
0.31155610003
4.30119260901
0.0189227299998
0.0154971809825

layerTime
23.432469571
0.0406037169741
0.0121515400242
0.0120449229144
0.0121001970256
2.49224843504
43.4935338229
0.0126315499656
0.0121526980074

checksumTime
0.0120494860457
0.0116796880029
0.0117708360776
0.0117445810465
0.0118203599704
0.0119284039829
0.0118590650382
0.0118914870545
0.034675479983




layer number :  9
77.606061338
0.0619806110626

jsonTime
3.11184198409
0.0222137529636
0.015315570985
0.0144252580358
0.0145437000319
0.263057584059
4.09791198396
0.0201416399796
0.0147273070179

layerTime
23.842273353
0.0428410430904
0.0121649249922
0.0129282240523
0.0120639899978
2.22260611702
43.647518502
0.0124760559993
0.0120247340528

checksumTime
0.0124217729317
0.0118208869826
0.0118439559592
0.0118868899299
0.0117336269468
0.0119058979908
0.0123017830774
0.0118218839634
0.0466589889256




layer number :  9
77.104247009
0.0607915029395

jsonTime
2.622886047
0.0219841939397
0.0154775399715
0.0158035949571
0.014624834992
0.251906703925
4.35468956898
0.0190190130379
0.0145084629767

layerTime
23.757087545
0.0423835580004
0.0122488220222
0.0120169880101
0.012058702996
2.20307060506
43.5062559131
0.0122782459948
0.0118962390115

checksumTime
0.0126625139965
0.0119826790178
0.0117662260309
0.0116853360087
0.0118627570337
0.0121648419881
0.0119406429585
0.0115926309954
0.0367267490365




layer number :  9
76.9772691061
0.0620430100244

jsonTime
2.92574177193
0.0211547889048
0.0157853739802
0.0147247340064
0.0149528080365
0.259858413017
4.02651957201
0.0195490859915
0.0146061850246

layerTime
23.522067575
0.0408317100955
0.0121574979275
0.011998335016
0.0121402309742
2.43248545006
43.390016326
0.0123929090332
0.0120564730605

checksumTime
0.0116183820646
0.0119330890011
0.0117973460583
0.0117432089755
0.0118190719513
0.0112457369687
0.0118128169561
0.011710169958
0.0517741970252




layer number :  9
76.9364213389
0.0618691690033

jsonTime
2.73154750699
0.0215748569462
0.0153125600191
0.0148734749528
0.0146600729786
0.27715802798
4.223268389
0.0190997129539
0.0155457329238

layerTime
23.5721281481
0.0427262260346
0.012160504004
0.0119808550226
0.0120376859559
2.18599281297
43.541252496
0.0125237930333
0.0120503989747

checksumTime
0.0119722060626
0.0121346079977
0.0121598650003
0.0117104150122
0.0117744740564
0.0118164330488
0.0120181509992
0.0123505580705
0.0319624920376




layer number :  9
77.03113637
0.0614141330589

jsonTime
2.95039880602
0.0303321679821
0.0176551339682
0.0153454759857
0.0316897269804
0.293283223058
4.29971764307
0.019501950941
0.0160664099967

layerTime
23.104797578
0.0817286180099
0.011562405969
0.0128605889622
0.0138996749884
2.19916134898
43.683839701
0.0169251470361
0.0122757200152

checksumTime
0.012474143994
0.0122903470183
0.0114281540737
0.0119907300686
0.0118037359789
0.0117830579402
0.0122020239942
0.0156938310247
0.0485864599468




