layer number :  19
103.982238804
0.0903834339697

jsonTime
0.0327846880537
2.12764607801
0.0138049200177
0.515499835019
1.47657442
4.659458871
0.0545873669907
0.0161790390266
0.0156016560504
0.0186838939553
0.958350965986
0.102599186008
0.01546443603
0.0145807180088
0.0201990160858
0.131583530921
0.0158713719575
0.0164674778935
0.0147857690463

layerTime
0.0122908119811
16.401190113
0.0115967598977
6.65622722695
15.540477279
44.1940967429
0.151463559945
0.0122004048899
0.0122762819519
0.0156105110655
7.71712093998
1.20298385306
0.0118866750272
0.0119456510292
0.0214182739146
1.39703209605
0.0120200680103
0.0120700710686
0.0121250749798

checksumTime
0.012083536014
0.0117146989796
0.0116046860348
0.0122027080506
0.0121779780602
0.0164918830851
0.0122873800574
0.0119429710321
0.0117963330122
0.0119585660286
0.012233005953
0.0120242249686
0.0108089039568
0.0118188488996
0.0118199310964
0.0119648639811
0.0138301980915
0.011745339958
0.0338524649851




layer number :  19
101.793290666
0.0872340439819

jsonTime
0.0152556089452
2.03536230198
0.0151366268983
0.521313376026
1.43795216607
4.55933394807
0.0493789010216
0.017005763948
0.0177620449103
0.019155445043
0.945137273055
0.112200233969
0.0158880789531
0.0154197769007
0.0195525570307
0.172671817942
0.0150593089638
0.0149658819428
0.0146737569012

layerTime
0.0122557390714
15.877884135
0.0120590440929
5.82802329597
14.856417314
44.3037844349
0.150455654017
0.0124074200867
0.0123947600368
0.0177205250366
7.48903591593
1.19411635806
0.0125253159786
0.0119950460503
0.0213343229843
1.577450988
0.0120851229876
0.0120150080184
0.0119695530739

checksumTime
0.0119890709175
0.012251811102
0.0117157589411
0.01184293197
0.0116932669189
0.011935550021
0.015809857985
0.0153834680095
0.0121310789837
0.0133189168992
0.0113177420571
0.0118853190215
0.0117145080585
0.0117366679478
0.0119436370442
0.0119539850857
0.0120833680267
0.0117336980766
0.0337888009381




layer number :  19
103.252841473
0.0882222689688

jsonTime
0.0323487500427
1.87333503307
0.0157009320101
0.535150239943
1.43925421091
4.80087078304
0.0858590109274
0.0157444350189
0.016363695031
0.0188761340687
0.937389696017
0.105585145997
0.0150847489713
0.0146427700529
0.0200884570368
0.17110089201
0.0156720869709
0.0145820250036
0.0155627910281

layerTime
0.0122490338981
16.025655909
0.0121250749798
6.07819882501
15.412089505
43.9157470859
0.316708745086
0.012238650932
0.0122419230174
0.0155768499244
7.79789059097
1.45289254794
0.0120458489982
0.0120154279284
0.0211073720129
1.60496518097
0.0120434620185
0.012082012021
0.0120466640219

checksumTime
0.0119962060126
0.0121734780259
0.0117357400013
0.0119364190614
0.0120597060304
0.0166693960782
0.0120369369397
0.0120411140379
0.0119315639604
0.0120051030535
0.0116359899985
0.0117637170479
0.0117887610104
0.0128652750282
0.0118038079236
0.0132027980871
0.0118329799734
0.0116814619396
0.0395024359459




layer number :  19
101.378654715
0.0886112649459

jsonTime
0.0155464769341
2.03884540405
0.0152050559409
0.519675340038
1.400475009
4.611763158
0.051249956945
0.0148340410087
0.0219823899679
0.0187600459903
0.758089034003
0.120445275912
0.0151314430404
0.0248569099931
0.0198798630154
0.116479501012
0.0148731219815
0.0147787870374
0.0216331729898

layerTime
0.0124065140262
16.131767366
0.012082641013
5.64918797498
15.5003489801
44.338006344
0.142253094004
0.0120841170428
0.0121620839927
0.015269518015
7.40436692792
1.005499352
0.0120412239339
0.0121741519542
0.0211238319753
0.883700622013
0.0118502989644
0.0118399749044
0.0121139230905

checksumTime
0.0120680159889
0.0123720340198
0.011786898016
0.0119013339281
0.0123625359265
0.016497225035
0.0117677489761
0.0117638220545
0.0154555209447
0.0118393080775
0.0118565710727
0.0118138650432
0.0117241280386
0.0118206500774
0.0117634559283
0.0117876650766
0.011730468017
0.0117644260172
0.0425615389831




layer number :  19
102.561287967
0.0868297669804

jsonTime
0.0153420369606
2.01049043005
0.0177154520061
0.516213699011
1.45833089005
4.55213153397
0.0493721049279
0.0147505630739
0.0157459650654
0.0167821559589
0.933366034995
0.105272794026
0.014975521015
0.0146218860755
0.0198790889699
0.129625287023
0.0148619130487
0.0142735720146
0.0146353100426

layerTime
0.0122647399548
16.4296465319
0.0126457730075
6.25684928196
14.8833058489
44.018936404
0.149989957106
0.013967813924
0.0121296219295
0.0153727449942
7.29266497504
1.46750428004
0.0119765789714
0.0120424779598
0.0209479000187
1.63234497805
0.0120009400416
0.0120388490614
0.0120843159966

checksumTime
0.011988446
0.0119391690241
0.0118497590302
0.0121255440172
0.0120316700777
0.0119519559667
0.0118310719263
0.0128119830042
0.0117163300747
0.0159379179822
0.0118099879473
0.0118376989849
0.0117371999659
0.0128192210104
0.0117177609354
0.0119122619508
0.0120949709089
0.0117777219275
0.0367400880205




layer number :  19
102.081601186
0.0886503038928

jsonTime
0.0333778250497
1.85367449198
0.0141077629523
0.51311672898
1.53876278002
4.70063090604
0.0494521529181
0.0146783299278
0.0170769909164
0.0162150249816
0.755689559039
0.10437530803
0.0148501549847
0.0145467940019
0.0195020970423
0.118807151914
0.014853795059
0.0151918530464
0.0141510659596

layerTime
0.0124372380087
15.688514192
0.0121486840071
6.194994797
14.93959774
44.438204966
0.16454100702
0.0119602460181
0.0119916910771
0.0152388870483
7.71542424196
1.20239820401
0.0122088270728
0.0121040920494
0.0210553909419
1.41356464208
0.0120529839769
0.0120469139656
0.0120792780071

checksumTime
0.0119866309687
0.0118749500252
0.0118124230066
0.011940911063
0.0118400059873
0.0119276070036
0.0117832460674
0.0154628780438
0.0117867459776
0.0118090949254
0.0117843439803
0.0117073829751
0.0117738639237
0.0117782639572
0.0117849680828
0.0117297399556
0.0129235769855
0.0114388460061
0.0394568890333




layer number :  19
102.501256149
0.0881688219961

jsonTime
0.0158081459813
1.876075604
0.0149773459416
0.517369093955
1.44252060202
4.63010336796
0.0589736590628
0.0155820529908
0.0219426280819
0.0180212279083
0.828319988912
0.137477454031
0.015482613002
0.0217929100618
0.0195191539824
0.114947580965
0.0147626399994
0.0146474849898
0.0217982620234

layerTime
0.0122944329632
15.9805474529
0.0120982549852
6.07230835105
15.2812191619
44.297156292
0.141964396928
0.0120477329474
0.0121977379313
0.0151254530065
7.63973223907
1.62047765299
0.0120466410881
0.0121184029849
0.023358680075
1.15821129805
0.0120561260264
0.0120873490814
0.0120906180236

checksumTime
0.0119167440571
0.0120127870468
0.0117339120479
0.0119431969943
0.0122039370472
0.0119132089894
0.0118182071019
0.0117401479511
0.015837180079
0.0120888201054
0.0121281669708
0.0118354199221
0.0117733059451
0.0118972349446
0.0132066259393
0.0116333849728
0.0117384219775
0.0118166418979
0.043905952014




layer number :  19
103.220042307
0.0877885010559

jsonTime
0.0155535560334
1.86935185106
0.0144613380544
0.51342127705
1.412547732
5.08262098103
0.0496823320864
0.0144788929028
0.0147309399908
0.0163299340056
0.745724431006
0.107509273919
0.015049544978
0.0146305660019
0.0194014810259
0.121210501995
0.0142125439597
0.0149965799646
0.0146907010349

layerTime
0.0123602229869
16.04019588
0.0120691449847
6.10326205695
15.332559651
44.601247494
0.163274696912
0.0120150200091
0.0120653819758
0.015237665968
7.79189413902
1.20423288003
0.0120714850491
0.012005771976
0.0210487399017
1.41810528201
0.012045177049
0.0119986829814
0.0119528819341

checksumTime
0.0116397580132
0.0121473139152
0.0120431509567
0.0120280320989
0.0115509988973
0.0120034479769
0.0120108590927
0.011680391035
0.0117589090951
0.0135337369284
0.011959037045
0.0119469390484
0.0117352949455
0.0120098950574
0.0116773740156
0.0114167790161
0.0118155030068
0.0117757540429
0.03651515604




layer number :  19
103.140165373
0.0871754790423

jsonTime
0.0160603839904
2.04920318094
0.0152463580016
0.51494059898
1.43080048496
4.57201134006
0.0510875670006
0.0145981109235
0.0146940670675
0.0192086870084
0.927904245094
0.110167426057
0.0156186720124
0.0153345089639
0.0196896509733
0.12806658505
0.0148437269963
0.0145386680961
0.014298939961

layerTime
0.0122882500291
15.9844434691
0.0119540710002
5.81573765399
15.80469782
44.699368897
0.149091930944
0.0120168260764
0.0122165059438
0.0163041719934
7.612532767
1.47088317294
0.0120315030217
0.0120829660445
0.0210313940188
1.14148465591
0.0120504939696
0.0120974829188
0.0121467059944

checksumTime
0.0115304139908
0.0117788999341
0.0117078879848
0.0121484081028
0.0119441209827
0.0170166649623
0.0118074400816
0.0118182769511
0.0118443419924
0.0112960409606
0.0118848459097
0.0117466950323
0.011791958008
0.0118205689359
0.0117640460376
0.0117912610294
0.0119337009965
0.0117275820812
0.0420962770004




layer number :  19
104.173426354
0.0869651730172

jsonTime
0.0317659219727
1.83553025604
0.0155623969622
0.62030527601
1.47667519597
4.75264098099
0.049351906986
0.0170871110167
0.0148582010297
0.0161477930378
0.926519302069
0.105806501932
0.0173569859471
0.0155725229997
0.0262178020785
0.168416162021
0.014912290033
0.0146526929457
0.0146987999324

layerTime
0.0124134280486
16.1547640719
0.0122198569588
6.00448723801
15.871154485
44.902711693
0.151094584959
0.0121064300183
0.0120967490366
0.0154937999323
7.46831300401
1.46793361707
0.0122093620012
0.0121755069122
0.0327681829222
1.51100538694
0.0122443890432
0.0123477589805
0.0122455650708

checksumTime
0.0119918209966
0.0119418040849
0.0118843900273
0.0117695890367
0.0117467439268
0.0119527290808
0.0164361119969
0.0118756119628
0.0117728719488
0.0117797480198
0.0118527140003
0.0137065449962
0.0118755430449
0.0118935960345
0.0119589540409
0.011835103971
0.011687560007
0.0119029320776
0.0322458539158




