layer number :  10
66.808165215
0.0619354569353

jsonTime
1.55683408806
0.0164334330475
0.0165318179643
2.408589156
0.0152212399989
0.0150207059924
0.0157298550475
1.39076210908
0.0335112028988
0.016428379924

layerTime
15.8801995789
0.0123196999775
0.0123625709675
26.120721761
0.0121216069674
0.0125318109058
0.0122258649208
18.70067838
0.331954200054
0.012348046992

checksumTime
0.0125572240213
0.0119920410216
0.012002438074
0.0120118589839
0.0118290240644
0.0119975820417
0.0116456929827
0.0123451170512
0.0148210780462
0.0318342390237




layer number :  10
66.4045801009
0.0637514139526

jsonTime
1.56569432002
0.0152627349598
0.0155082079582
2.40326530498
0.0162933929823
0.0326403259533
0.0165396669181
1.59955002705
0.0340308119776
0.0146646179492

layerTime
15.70235393
0.0121234339895
0.012097574072
25.657678404
0.0121989339823
0.0134799570078
0.0123294440564
18.8620850299
0.160957037937
0.012099065003

checksumTime
0.0124726040522
0.0117740610149
0.0126545029925
0.011819576961
0.0119858600665
0.0118855660548
0.0119602739578
0.0120665110881
0.0117482540663
0.0509335859679




layer number :  10
66.27219276
0.0646476129768

jsonTime
1.57012747403
0.0167838960188
0.0149691259721
2.19364304002
0.0162884560414
0.0157982350793
0.0162624329096
1.62453651009
0.0356882089982
0.0151196740335

layerTime
15.8594280919
0.0126013249392
0.0120346180629
26.084278251
0.012356690946
0.0125465149758
0.0122285690159
18.332270916
0.180571664008
0.0120852219407

checksumTime
0.0119937730487
0.0119983620243
0.0118073299527
0.0121439519571
0.0120275559602
0.0120037080487
0.0119377829833
0.0118638440035
0.0124132479541
0.0390064560343




layer number :  10
66.133945236
0.217576248921

jsonTime
1.42376252508
0.0318982590688
0.0164393070154
2.46802928299
0.0163416319992
0.0158383360831
0.0170049489243
1.60155200807
0.0523778300267
0.0170539910905

layerTime
15.687742115
0.0129095669836
0.0122572139371
25.46600812
0.0122157679871
0.0122791619506
0.0122761040693
18.50972327
0.364938391955
0.013901855913

checksumTime
0.0121947239386
0.011967828963
0.0122218950419
0.0122987970244
0.0120095199673
0.0119389670435
0.0119966919301
0.0121866170084
0.012033691979
0.0323058210779




layer number :  10
63.778694398
0.063236239017

jsonTime
1.56817488396
0.0156697710045
0.0150184689555
2.12324571598
0.0151085009566
0.0149217270082
0.0150981539628
1.19446913397
0.0330493649235
0.0147862000158

layerTime
15.891358727
0.0121123109711
0.0122731070733
23.580421992
0.0120544340461
0.0120524279773
0.0120824920014
18.849768461
0.150842113071
0.0129361940781

checksumTime
0.0127633590018
0.0125686890678
0.0117919530021
0.0120452960255
0.0119386049919
0.0119893120136
0.0118344640359
0.0117861990584
0.0117710059276
0.0405933558941




layer number :  10
64.6750547059
0.0622334990185

jsonTime
1.50871250394
0.0160930010024
0.0145624770084
2.10283434798
0.0161524299765
0.0167918360094
0.0161885030102
1.60574806901
0.0596881069941
0.0147941820323

layerTime
15.85171121
0.0122523980681
0.0120641880203
24.284963511
0.0123296550009
0.0123505149968
0.0122734260513
18.5757266671
0.277008994948
0.0121099449461

checksumTime
0.0134916870156
0.0120174179319
0.0118506059516
0.012165238033
0.0278116860427
0.0120454739081
0.0119648749242
0.0121056759963
0.0117835770361
0.0425248109968




layer number :  10
64.279688863
0.0613709889585

jsonTime
1.56187030696
0.0150284930132
0.0161700820317
2.17226421495
0.015943698003
0.0218437429285
0.015909116948
1.26179707004
0.039484295994
0.0161599699641

layerTime
15.906654534
0.0120132738957
0.0121660819277
24.6204686071
0.0121137120295
0.0121087820735
0.0121419109637
17.968373127
0.356582141016
0.0122768309666

checksumTime
0.0123812790262
0.0134549350478
0.0117068680702
0.012313960935
0.0117143490352
0.0117892969865
0.0118550580228
0.0112331239507
0.0121742699994
0.0377257460495




layer number :  10
66.078569739
0.0616240820382

jsonTime
1.51776665903
0.0150847389596
0.0149175910046
2.11521703401
0.0158159689745
0.0146751109278
0.0144863560563
1.45843367896
0.0405307699693
0.01636598201

layerTime
16.236099274
0.0121534699574
0.0121094239876
24.974791459
0.0120309439953
0.0120955340099
0.0120901949704
19.195105616
0.151051103021
0.0121188829653

checksumTime
0.0122980390443
0.0117749060737
0.0118584429147
0.012029428035
0.0117803920293
0.0117342110025
0.0117275860393
0.0119901660364
0.0154707259499
0.0427401850466




layer number :  10
66.069917949
0.0608296520077

jsonTime
1.40270721901
0.0158372409642
0.0148331830278
2.04049609299
0.0162223799853
0.0365642000688
0.0162733040052
1.60008464102
0.0331495419377
0.0155889960006

layerTime
16.177556982
0.0122049649945
0.0120734130032
25.3990267201
0.0122921790462
0.0135639529908
0.0123731299536
18.8512571011
0.158292411012
0.0120710290503

checksumTime
0.0124872770393
0.0120167969726
0.011690431973
0.0121618219418
0.0119918469572
0.0119443170261
0.0121180389542
0.0119369010208
0.0120727219619
0.0377244249685




layer number :  10
65.3434374409
0.0629741169978

jsonTime
1.56692413904
0.0153656610055
0.0146586759947
2.15923302097
0.0144800300477
0.0167455750052
0.0163256190717
1.62009936094
0.0683391540078
0.0180126510095

layerTime
15.8815587939
0.0121271839598
0.0120572029846
24.8594134389
0.012106803013
0.0114362429595
0.0122345458949
18.447664985
0.347040703986
0.0124266609782

checksumTime
0.0124403700465
0.0118065460119
0.0124404560775
0.0118246580241
0.0118412090233
0.0120203719707
0.0120471460978
0.0121806230163
0.0148472420406
0.0401105639758




