layer number :  18
167.767612922
0.0873171919957

jsonTime
2.44758790801
0.0173166260356
0.0168667250546
3.74219352799
0.724660836044
5.25836888491
0.0608538130764
0.068482207018
0.362939190003
0.0325495960424
0.0174765950069
0.0155289840186
0.342341445037
0.014836761984
0.0180286589311
0.0164202050073
0.0144720580429
0.022573243943

layerTime
25.413291174
0.0124301599571
0.012257653987
48.223624517
9.82735031995
61.587909091
0.264202421997
0.621570341988
4.34600700799
0.0123323849402
0.0132662330288
0.0122550590895
3.82195076498
0.0120012599509
0.0122808800079
0.0119185490767
0.0119289919967
0.0120417390717

checksumTime
0.0126225219574
0.0126852369867
0.0119909429923
0.0148130350281
0.0119595300639
0.0120486209635
0.0119705849793
0.0120553269517
0.0121576150414
0.0118819340132
0.0124183219159
0.0119546809001
0.0109674490523
0.0117449720856
0.0137665029615
0.011814259924
0.0115918420488
0.0391048459569




layer number :  18
170.269190299
0.0892149070278

jsonTime
2.43605875003
0.0161536940141
0.0172572410665
3.674541799
0.753271793015
5.88559758803
0.0657960979734
0.0659772310173
0.282942303922
0.0222268169746
0.0149504680885
0.0152720420156
0.299956262112
0.016226317035
0.0218033200363
0.0173189119669
0.0158502879785
0.0316442719195

layerTime
25.5200890379
0.0123330139322
0.0123737399699
48.762609763
9.22331379703
63.46050676
0.594179083011
0.636610053945
3.83183699497
0.0121706930222
0.0121285689529
0.0119824209251
4.124208975
0.0125107800122
0.0125389900059
0.0122460640268
0.0121572100325
0.0124298190931

checksumTime
0.0119932160014
0.0120620320085
0.0120215370553
0.013486803975
0.0144480789313
0.0121945010033
0.0121725630015
0.0118302970659
0.0117458590539
0.0116752509493
0.0117636260111
0.0117363960017
0.0120810879162
0.0118911579484
0.0119911340298
0.0119425189914
0.0118690920062
0.0332084589172




layer number :  18
170.601002153
0.0878992900252

jsonTime
2.43328703404
0.0151285399916
0.0163617960643
3.16868652601
0.982637609006
6.23256723804
0.0627243979834
0.0625670159934
0.368603299023
0.0149939509574
0.0231406090315
0.0148138680961
0.299757036963
0.017091621994
0.0215077589964
0.0169805270853
0.0157719351118
0.0157151659951

layerTime
26.12171268
0.0121014589677
0.0122924399329
47.38550312
9.61456313706
63.724598248
0.602654868038
0.588926426019
4.04347013298
0.0119754910702
0.0121438910719
0.012061876012
4.27393127501
0.0128938799025
0.012557632057
0.0123446759535
0.0122026599711
0.0122345719719

checksumTime
0.0123034330318
0.0121066999855
0.0117592669558
0.0121652639937
0.0120935769519
0.0129418899305
0.0124205630273
0.0121003679233
0.0117246450391
0.0117580539081
0.011724680895
0.0117740510032
0.0120170250302
0.0121060550446
0.0118703189073
0.0118780429475
0.0119095150148
0.0375839279732




layer number :  18
168.327192883
0.086673862068

jsonTime
2.14568699303
0.0160458650207
0.0153444589814
3.40474361496
0.985373012954
5.95188089099
0.0557848759927
0.0632199279498
0.364902524045
0.0240777460858
0.015954716946
0.0147579699988
0.311280286987
0.0158448140137
0.0173682210734
0.0225457180059
0.0151383519405
0.0147174759768

layerTime
25.887563888
0.0123538109474
0.0121064799605
46.711414427
9.95152678597
62.876884556
0.460205057985
0.642657518969
4.15504499199
0.0123390029185
0.0119354670169
0.0119920891011
3.72643481102
0.0124878769275
0.0125051359646
0.0125393000199
0.0121574340155
0.0119488700293

checksumTime
0.0122968540527
0.011985040037
0.0118007480633
0.0117658430245
0.0121880420484
0.0128635140136
0.0121149850311
0.01293514797
0.0143347709673
0.0117847271031
0.0116122679319
0.0118709979579
0.011836256017
0.0119019009871
0.0116855839733
0.0118363320362
0.0118301049806
0.0344648020109




layer number :  18
169.661409009
0.0856166940648

jsonTime
2.37506379199
0.0165560930036
0.0183205219219
3.871457787
0.922187722055
5.30666590401
0.0554271279834
0.0548953280086
0.36391939607
0.0224502299679
0.0157483409857
0.0146688160021
0.28263278096
0.0160135600017
0.021425480023
0.0173208030174
0.0159057090059
0.0316352320369

layerTime
25.663626998
0.0122959329747
0.0123436440481
48.92194404
9.83240594598
62.4566642409
0.256784017081
0.528928378946
3.94108521601
0.0120924649527
0.0120308559854
0.0120630930178
4.17301183008
0.0122527990025
0.0125241469359
0.0123091640417
0.012317621964
0.0123725489248

checksumTime
0.0126561380457
0.0119759830413
0.0120069569675
0.0124156440143
0.0118724310305
0.0113987330114
0.0117757819826
0.0120056140004
0.0119220829802
0.0123592780437
0.0117240550462
0.0124345859513
0.0120567040285
0.0119295369368
0.0119210840203
0.0119982149918
0.0119459580164
0.0412676490378




layer number :  18
171.820443317
0.0883331130026

jsonTime
2.14499000204
0.0151477738982
0.0331494719721
3.80578435399
0.916611428955
5.54062908608
0.0813081919914
0.0644674729556
0.306237131939
0.0151478840271
0.015159510076
0.0145530999871
0.311569920974
0.016576968017
0.0216145729646
0.0332718550926
0.0163429100066
0.0156105139758

layerTime
26.291385147
0.0122249260312
0.0131567070493
49.273667794
9.52177212597
63.573815365
0.601825064048
0.653726512101
3.83746854402
0.0120358010754
0.0119607099332
0.0120731350034
4.23486072605
0.0122984159971
0.0125758050708
0.0120440149913
0.0121838389896
0.0122391809709

checksumTime
0.0118377530016
0.0119010780472
0.0118677039864
0.0122214830481
0.0118243920151
0.0119036929682
0.0120735559613
0.0118407639675
0.0118938409723
0.011697958922
0.0116604419891
0.0135639200453
0.0121623469749
0.0122533449903
0.0120367779164
0.0121234830003
0.012023171992
0.0370145690395




layer number :  18
166.745843633
0.0868349979864

jsonTime
2.22852342599
0.0160831450485
0.0156314660562
3.11497895699
1.00275495206
5.60476174403
0.0532626289641
0.0669320099987
0.354302135995
0.0223809869494
0.0148298459826
0.0146356460173
0.279679064988
0.0149449720047
0.0166501200292
0.022903932957
0.0146681600017
0.0146246459335

layerTime
24.236590848
0.0120749180205
0.012116294005
47.54657377
8.93169897795
64.154113111
0.319397115032
0.641523787985
4.35290701804
0.0120613480685
0.0120377010899
0.0119679860072
3.22683599207
0.0120376370614
0.0123763399897
0.0122688880656
0.0121410010615
0.0119881950086

checksumTime
0.01245419099
0.0130179519765
0.0117869379465
0.0121740549803
0.0119905220345
0.0120003729826
0.0120256619994
0.011997938971
0.0118428650312
0.0117626539432
0.0117284859298
0.0138693599729
0.0118453359464
0.011551265954
0.0119438139955
0.0117287029279
0.0118270079838
0.0393549400615




layer number :  18
164.961454022
0.0858380879508

jsonTime
2.377763742
0.0149719220353
0.0155018619262
3.14224346494
0.957559556933
5.72281572199
0.0689840170089
0.0567622819217
0.369042839971
0.0224419679726
0.0159898679703
0.0157117289491
0.345521385083
0.0142961200327
0.0178877100116
0.0150957360165
0.0145026069367
0.021906577982

layerTime
26.119172875
0.0119802029803
0.012043022085
49.3194552821
9.42965047306
57.729470836
0.301471723011
0.638248328003
3.84013751603
0.0120848329971
0.0123622650281
0.012227623025
3.87564454798
0.0117222659755
0.0121956049697
0.0120954050217
0.0120902650524
0.0121560109546

checksumTime
0.011995012057
0.0117559320061
0.0116890909849
0.0120963730151
0.0118487540167
0.01620722597
0.0117898440221
0.0122005620506
0.0118624640163
0.0118967610179
0.0116520529846
0.0119715969777
0.0113255359465
0.0117210199824
0.0116736140335
0.0117899610195
0.0117492770078
0.0764996840153




layer number :  18
163.168295475
0.0851648899261

jsonTime
1.72194501199
0.0150166599778
0.0152446520515
3.26586009702
0.977804163005
5.50778738502
0.057357968064
0.0586770549417
0.368101043045
0.0164807100082
0.0170735470019
0.0156944879564
0.327839810983
0.0151648430619
0.0171920410357
0.0154874509899
0.0218609990552
0.0152966609458

layerTime
25.779026788
0.0120393290417
0.0120424759807
45.4995208939
9.71451746393
60.2094392671
0.255238038953
0.615181882982
4.22654086794
0.0122286159312
0.0122919699643
0.0123121060897
3.95500041102
0.0120621609967
0.0124519550009
0.0121323490748
0.012054988998
0.0121375410818

checksumTime
0.0121988030151
0.0117819489678
0.0118078780361
0.012198295095
0.0130320109893
0.0120128649287
0.0118974980433
0.0129904720234
0.0121001150692
0.0119964330224
0.0119012850337
0.0119729229482
0.0118811089778
0.0118431219598
0.0117341899313
0.0117995649343
0.0128590509994
0.0404013589723




layer number :  18
167.87577881
0.0898480479373

jsonTime
2.32741804991
0.0159438379342
0.0166797859129
3.89346004196
0.745478939964
5.384293015
0.0530544850044
0.0615619500168
0.364937545964
0.0173451649025
0.0148314919788
0.0146830430022
0.279222568031
0.0150099430466
0.0175837050192
0.0146372190211
0.0219877050258
0.0151952980086

layerTime
25.665287669
0.0122491230723
0.0121724400669
47.678164818
9.7015678481
62.284704363
0.397205281071
0.653448699974
4.21835589595
0.0122548181098
0.0120003969641
0.0120201980462
3.54623965092
0.0120612590108
0.0132023629267
0.0124274659902
0.0117025959771
0.0115270499373

checksumTime
0.0121778280009
0.0119479310233
0.0121227470227
0.0117619530065
0.0118183349259
0.0117791020311
0.0120262769051
0.0120120421052
0.0135694490746
0.0119812419871
0.0117470070254
0.0117248209426
0.0120106750401
0.0116851909552
0.0117049770197
0.011778893997
0.0115079210373
0.0320929550799




