layer number :  10
9.09258104698
0.0631188799161

jsonTime
0.0161091811024
0.144566684961
0.0147391830105
0.0148075569887
0.267637058976
0.0157835700084
0.0331354099326
0.0147240030346
0.674742515082
0.0218807499623

layerTime
0.0122459179256
1.370858685
0.0120270929765
0.0120345209725
3.02481787105
0.0120536530158
0.237041743007
0.0125012999633
2.95465196599
0.0120101709617

checksumTime
0.0116296280175
0.0117640030803
0.011760451016
0.0117258389946
0.0118754529394
0.0120126380352
0.0117793880636
0.0119878939586
0.0121046659769
0.0337146910606




layer number :  10
9.12918900198
0.0620858529583

jsonTime
0.0331799209816
0.121956782998
0.0146807010751
0.0146246709628
0.266855833004
0.0144646180561
0.0323919629445
0.0169701930135
0.626996055013
0.0155258090235

layerTime
0.0123856830178
1.44853707205
0.0120672680205
0.0119391180342
3.05683400296
0.0118763589999
0.235608375981
0.0122964249458
2.94225505402
0.0113337140065

checksumTime
0.0119621959748
0.0118457359495
0.0120233499911
0.0116732739843
0.0118913300103
0.01197296998
0.0124480160885
0.0121598469559
0.0126900599571
0.0349969150266




layer number :  10
8.62060380203
0.0623577589868

jsonTime
0.0154411899857
0.131686246954
0.0148923180532
0.0217087569181
0.256539547001
0.0230404350441
0.0324685389642
0.0155096460367
0.570410912973
0.0150153799914

layerTime
0.0123636389617
1.45988809504
0.011974122026
0.0120966770919
2.97257335798
0.0121123929275
0.228663276997
0.012058747001
2.57002357696
0.0123935480369

checksumTime
0.0119777470827
0.0120615669293
0.0116879399866
0.0117612159811
0.0118547129678
0.0117262240965
0.0117334269453
0.0117481980706
0.0120070519624
0.0402906390373




layer number :  10
8.7439511721
0.0624858280644

jsonTime
0.0155079260003
0.127111585927
0.0147501569008
0.0146115180105
0.261262847926
0.0234921870288
0.0327700269409
0.0147569339024
0.600899560959
0.0150915900012

layerTime
0.0123960680794
1.25514247909
0.0120363230817
0.0120074449806
2.83400625305
0.0121307299705
0.235831553
0.0120935540181
2.99970102508
0.0120264329016

checksumTime
0.0119931809604
0.0117406860227
0.011914519011
0.0117805770133
0.0118257389404
0.0119652880821
0.0118020990631
0.0118440280203
0.0126249740133
0.0457672741031




layer number :  10
8.70507312298
0.0620760539314

jsonTime
0.0154654219514
0.136381012038
0.0156836280366
0.0313477420714
0.344058644027
0.02313306008
0.0324489490595
0.0143313030712
0.442654729006
0.0160263350699

layerTime
0.0115558740217
1.10339335399
0.0122132319957
0.0123400499579
2.86810486706
0.0120809560176
0.228723371984
0.012149728951
3.12770659593
0.0279742209241

checksumTime
0.0113857709803
0.0118555109948
0.0119234769372
0.012214649003
0.0120744568994
0.0116811929038
0.011674948968
0.0118622110458
0.0121609009802
0.0379860390676




layer number :  10
9.37687165209
0.0627933910582

jsonTime
0.0150626230752
0.140910267015
0.0147602120414
0.0217110119993
0.252293138998
0.0233253539773
0.0325534270378
0.0158702629851
0.652504205937
0.0235822980758

layerTime
0.0121837239712
1.464453361
0.012208933942
0.0120502269128
3.24195460998
0.0123494950822
0.351019041962
0.0120349600911
2.83897289098
0.0121681819437

checksumTime
0.011924638995
0.0118226039922
0.0119546720525
0.0117859510938
0.0117972729495
0.0117914509028
0.0119655430317
0.011928308988
0.0122001729906
0.0344539220678




layer number :  10
8.66032958298
0.0625247899443

jsonTime
0.0150338880485
0.120818455936
0.0150139200268
0.0149777029874
0.263990306994
0.0150731930044
0.0408951819409
0.0158150920179
0.447640986997
0.0220571620157

layerTime
0.0117701180279
1.37535655801
0.0122423788998
0.012155035045
3.02038371703
0.0122795409989
0.225328552071
0.0120925389929
2.77800765203
0.0120949109551

checksumTime
0.0117624909617
0.0121008660644
0.011892582057
0.011729271966
0.0121424399549
0.0118700150633
0.0120536949253
0.0117934970185
0.0117463909555
0.0372662580339




layer number :  10
8.57853946998
0.0597724990221

jsonTime
0.0153822120046
0.121990846936
0.0158766960958
0.0156162600033
0.371820832952
0.0152054590872
0.040613346966
0.0145839999896
0.442248967942
0.0234703349415

layerTime
0.0122143960325
1.10784947907
0.0122113259276
0.0121470299782
2.88921120099
0.0120055439183
0.224843478063
0.0115218799328
2.99061390199
0.0120732700452

checksumTime
0.0120264160214
0.0118353319122
0.0118919670349
0.0118938640226
0.0121314129792
0.0116969400551
0.0117798380088
0.0115765280789
0.0118203060701
0.0398617609171




layer number :  10
9.15941993799
0.0658755870536

jsonTime
0.0329396050656
0.12707449391
0.0158245329512
0.0147338539828
0.262919262052
0.0151754149701
0.031544032041
0.0140433380147
0.435345088015
0.0152520400006

layerTime
0.0124369820114
1.41813765699
0.011906469008
0.012090167962
3.27985184395
0.0120207360014
0.242622482008
0.0120041519403
2.95883487805
0.0121435120236

checksumTime
0.0119705100078
0.0119552121032
0.011646789033
0.0118596620159
0.0118450990412
0.0115278189769
0.0114674579818
0.0117502759676
0.012578185997
0.039382732939




layer number :  10
9.14673278201
0.0617503260728

jsonTime
0.014886394958
0.138060876983
0.0147346459562
0.022536593955
0.24687446095
0.023779198993
0.032329640002
0.0145918648923
0.639818124007
0.0151192599442

layerTime
0.0121855209582
1.44402976404
0.0120856870199
0.0121035920456
3.02288914507
0.0120746570174
0.234538190998
0.0120698210085
2.98888810701
0.0121120490367

checksumTime
0.0119472160004
0.0118018790381
0.0117246559821
0.0120393070392
0.0118795769522
0.0117526609683
0.0116866250755
0.0117798560532
0.0121808419935
0.0420277439989




