layer number :  19
153.434546365
0.0876088800142

jsonTime
0.0319529540138
2.99308932899
0.0217403419083
0.0233278879896
0.0149908580352
0.0146958550904
0.0147907719947
2.78946429305
0.0156712330645
0.0149730519624
0.0152521940181
8.22546385904
1.02357753494
0.016718599014
0.0321210999973
1.74987287994
0.0413682600483
0.0161853199825
0.03159151203

layerTime
0.0122971259989
30.350914894
0.040632119053
0.0122266369872
0.012037359993
0.0120434439741
0.012100881082
34.032232952
0.0120115729515
0.0120734609663
0.0123885700013
51.875123463
5.31359501707
0.0122200180776
0.0130293839611
14.012925993
0.220612913952
0.0122926409822
0.012509276974

checksumTime
0.0120501869824
0.0126157520572
0.011673460016
0.0122924209572
0.0117313229712
0.0116673129378
0.0117887009401
0.0119982979959
0.0155322180362
0.0117689049803
0.0117701620329
0.0120093859732
0.0120506299427
0.0119493840029
0.0118955130456
0.0120519490447
0.0119793970371
0.0120248539606
0.0371598890051




layer number :  19
149.673888961
0.0887530570617

jsonTime
0.0155261749169
2.65631911601
0.0291620709468
0.0167053999612
0.0146904750727
0.014581192052
0.0158313360298
3.21315626509
0.0169710370246
0.0148459880147
0.0154915490421
8.07898680901
0.982927949983
0.0166481009219
0.0165897450643
1.80740844505
0.0420621068915
0.0161862469977
0.0317192570074

layerTime
0.012148378999
31.17142297
0.0406327410601
0.0120348040946
0.0121306079673
0.0120746599277
0.0122341279639
33.589268337
0.0123027539812
0.0120818170253
0.0122636409942
49.777646136
5.28732070304
0.0118784770602
0.0121832499281
12.066385188
0.223148873076
0.0123021099716
0.0119416769594

checksumTime
0.0119605880463
0.0121712390101
0.013122646953
0.0116442058934
0.0124799850164
0.011920792982
0.0120185019914
0.0163990469882
0.0118571729399
0.0118825989775
0.0116653599543
0.0130444440292
0.0119187349919
0.0119215259328
0.0118520560209
0.0119869150221
0.0119449510239
0.0119291449664
0.035583593999




layer number :  19
155.214469597
0.0884505329886

jsonTime
0.015640872065
2.77309115801
0.0301324260654
0.0368993229931
0.0155623459723
0.016366089927
0.0156125330832
3.01842713798
0.0182049139403
0.0147843089653
0.0173994159559
8.70656618394
1.26992763591
0.0192404619884
0.0154667880852
1.85458213999
0.0356759140268
0.0156190310372
0.0148767560022

layerTime
0.012243571924
31.776353076
0.0808591429377
0.0122947590426
0.0122684080852
0.0122728430433
0.0122393770143
34.2309297749
0.0132759229746
0.0121145860758
0.0122719820356
51.607458837
5.31613837706
0.0134290249553
0.0114079799969
13.678192615
0.100555788027
0.0124605599558
0.0120806479827

checksumTime
0.0119608279783
0.0124070360325
0.0119467970217
0.0119313609321
0.0119577309815
0.0121225069743
0.011917566997
0.0119481640868
0.0118304470088
0.0120357719716
0.0119309640722
0.0121759030735
0.0128394400235
0.0116412539501
0.0111620349344
0.0118771359557
0.011743274983
0.0117661140393
0.039607979008




layer number :  19
154.111172011
0.0888114001136

jsonTime
0.0418610019842
2.99606663699
0.0217649880797
0.015840966953
0.0147383479634
0.0158508479362
0.0157717099646
3.273810677
0.0234778890153
0.0180602279725
0.0157948310953
7.82161174808
1.19366295706
0.0170482969843
0.0325015929993
1.79022440605
0.0435497290455
0.0157059429912
0.0316385719925

layerTime
0.0120465450455
31.3617571749
0.0405177029315
0.0123232960468
0.0192292350112
0.0121972450288
0.0121892020106
34.19688405
0.0122058020206
0.013372745947
0.0169712048955
50.97577525
5.447752518
0.0123101569479
0.0131653880235
13.95085335
0.221944108955
0.0125203690259
0.0124374430161

checksumTime
0.0117321340367
0.0123998440104
0.0117963830708
0.0117894459981
0.011842663982
0.0118802080397
0.0123214729829
0.0119651099667
0.0120505440282
0.011884898995
0.0132945480291
0.0131938318955
0.0120105770184
0.0119476990076
0.0119427510072
0.0120748159243
0.0120019810274
0.0119296490448
0.038038726896




layer number :  19
150.224282189
0.0878759609768

jsonTime
0.0152868330479
2.86854880396
0.0459767970024
0.0170764859067
0.015532060992
0.0154249300249
0.015657978016
2.92406565999
0.0164824300446
0.015659363009
0.0233852620004
8.30044797203
0.737649734947
0.0242330159526
0.0140531070065
1.43226603302
0.041455909959
0.0168943210738
0.0157574339537

layerTime
0.0122609660029
30.978940626
0.0823885860154
0.0122980170418
0.0123203260591
0.012219046941
0.0122594379354
32.481820968
0.0125721349614
0.0122276470065
0.0123536098981
50.332139301
5.223502359
0.0130436039763
0.0112172410591
13.8289822739
0.238361674943
0.012351452955
0.0122706850525

checksumTime
0.011975646019
0.0122099400032
0.012015788001
0.0119513389654
0.011926378007
0.0119530040538
0.0127149950713
0.0119734079344
0.011943323072
0.0157896589953
0.0118761450285
0.0120415140409
0.0125955600524
0.0106223609764
0.0109838059871
0.0118630070938
0.0137190480018
0.0119774590712
0.0361815328943




layer number :  19
151.194153749
0.0921006889548

jsonTime
0.0153149120742
2.66725814599
0.0279291460756
0.0164592979709
0.0153982969932
0.0152881119866
0.0151912859874
2.762486174
0.0155223190086
0.0145991890458
0.0225808410905
7.78437343601
0.85036912607
0.0172643580008
0.0172670739703
1.67045453598
0.0279843169264
0.0218943899963
0.0154602179537

layerTime
0.0124495979398
30.922170953
0.0672884749947
0.012250942993
0.0122437379323
0.0122239670018
0.0123077030294
33.301454669
0.0120387439383
0.0119937199634
0.0122071409132
50.937447337
5.40521880297
0.0122311409796
0.0121578969993
13.954583375
0.101857407019
0.0121420529904
0.0120235520881

checksumTime
0.0119724130491
0.0124701139284
0.0119582019979
0.0119096180424
0.0119713210734
0.0119026099565
0.0119297750061
0.0119005630258
0.0116438920377
0.0117295229575
0.0117125480901
0.0120205009589
0.0135449259542
0.015078261029
0.0116046690382
0.0118713660631
0.0119368740125
0.0131733010057
0.0417181669036




layer number :  19
154.495296785
0.0902626719326

jsonTime
0.0154931970173
2.50864476396
0.0302440050291
0.0169994930038
0.0158976259409
0.0158873640466
0.0158627310302
2.87549158896
0.0165801000549
0.0146036089864
0.0337156821042
8.27902574092
1.13801783405
0.0153064120095
0.0150359009858
1.69444279699
0.0348467390286
0.0158195849508
0.0308356879978

layerTime
0.0122873890214
30.860954667
0.0817732309224
0.0122308640275
0.012739759055
0.012524935999
0.0123076139716
34.474072839
0.0124345649965
0.0120610980084
0.0139885708923
53.0182365561
5.36422675091
0.0120646560099
0.0118303389754
13.249233485
0.159819865017
0.0122386940056
0.0124713649275

checksumTime
0.0119191400008
0.0126194310142
0.0119870950002
0.0118908910081
0.0120153849712
0.0120791379595
0.0120346720796
0.0119722009404
0.0117540869396
0.0119523589965
0.012118244078
0.0114280269481
0.0118335700827
0.0117160639493
0.0119779560482
0.0136263830354
0.0119568699738
0.0125507720513
0.0366172750946




layer number :  19
152.039092099
0.0876656830078

jsonTime
0.0317434819881
3.06384720607
0.0316579469945
0.0169847860234
0.015502344002
0.0162639439804
0.0316051900154
3.02863197005
0.0158926059958
0.016696928069
0.0229339939542
7.49001332698
1.01715819398
0.0154318429995
0.0162171679549
1.38294153998
0.0276869479567
0.0315675339662
0.0158329409314

layerTime
0.0121726370417
31.6808561559
0.0817239159951
0.0122849489562
0.0122586080106
0.012247176026
0.013995430083
34.2185121659
0.0120101909852
0.0125399769749
0.0122254421003
50.762979866
5.1528004671
0.0120437950827
0.0125083830208
13.246218409
0.10010667704
0.0124167980393
0.0125140519813

checksumTime
0.0118823489174
0.0124134470243
0.011962219025
0.0118783060461
0.0119301039958
0.0118901228998
0.0116167309461
0.0119386990555
0.0133023229428
0.0113744119881
0.0117112819571
0.012038300978
0.012876545894
0.0126953499857
0.0117779190186
0.0118932760088
0.0117619589437
0.0124472180614
0.0423097150633




layer number :  19
149.235963513
0.0908894740278

jsonTime
0.0153092260007
2.64234961302
0.0218213170301
0.0154091010336
0.0144207490375
0.0148386689834
0.016364926938
3.15709026996
0.0154077589978
0.0145316930721
0.0176608670736
7.430351338
1.11538013408
0.0152890000027
0.0195229169913
1.59898574906
0.0277424360393
0.0148330179509
0.0218178799842

layerTime
0.0122145799687
31.23494458
0.0404928430216
0.0121583429864
0.0121837370098
0.0119953000685
0.0121733770939
32.457493694
0.0120882299962
0.0119760209927
0.012179117999
49.885260454
5.52757061296
0.012081356952
0.0135166490218
13.301300981
0.101484481944
0.0122081571026
0.0121151540661

checksumTime
0.011933865957
0.0119703219971
0.0118285359349
0.0117419899907
0.0121748889796
0.0117082899669
0.0119585669599
0.0118695419515
0.0116000940325
0.0168421629351
0.0117147999117
0.0122595559806
0.0117948839907
0.0118242800236
0.0117380439769
0.0118185339961
0.0117898610188
0.0117075669114
0.031575363013




layer number :  19
149.90483193
0.0887401779182

jsonTime
0.0153821050189
3.07245773706
0.0214934030082
0.0152432749746
0.0146820400842
0.0150004300522
0.0140314400196
3.01278138405
0.0159233979648
0.0147091279505
0.0153137210291
7.52089927101
1.14100240008
0.0159043279709
0.0150494601112
1.60827119905
0.0278831849573
0.0153150099795
0.0219862270169

layerTime
0.0122874820372
29.899318266
0.0412176280515
0.0121950419853
0.012069266988
0.0120355139952
0.0121253969846
34.346391898
0.0122321890667
0.0120382620953
0.0123134499881
49.63026317
5.52241463994
0.0122299459763
0.012117032893
13.269263949
0.100491477991
0.012053146027
0.0120850059902

checksumTime
0.0119426388992
0.0121164870216
0.0117878220044
0.0118520809337
0.0120749389753
0.0117411869578
0.0117980740033
0.0132305559237
0.0118005829863
0.0118101079715
0.0117348859785
0.0117289229529
0.0159428330371
0.0117984829703
0.011782067013
0.0117926190142
0.0118002860108
0.011809675023
0.038502175943




