layer number :  35
123.341578875
0.130537524004

jsonTime
0.0153503980255
2.88354155701
0.0228607909521
0.0154859169852
0.0155324019725
0.01481749292
0.0148695559474
0.0231003148947
0.0157792320242
0.0156354589853
0.0161223099567
5.84996698797
0.0160767209018
0.0248052480165
0.0497945869574
0.014731458039
0.022289169021
0.0158365999814
0.0147639180068
0.0145908690756
0.0147490709787
0.0217914399691
0.0158744219225
0.0156343720155
0.0183798020007
0.0157288489863
1.42828167405
0.0233744101133
0.0230372060323
1.01673430006
0.0672330260277
0.722493170993
0.0155228619697
0.122310181032
0.0280462080846

layerTime
0.0122391580371
24.704726555
0.0455898420187
0.0121057109209
0.0121773619903
0.0120613070903
0.0121179810958
0.0122052120278
0.0122635809239
0.0122474220116
0.0123478349997
57.2936858351
0.0120397410356
0.0892813000828
0.708714572014
0.012197552016
0.0122832990019
0.0120808701031
0.0119124180637
0.0120347710326
0.0119397989474
0.0121261769673
0.0121207060292
0.0121531860204
0.0122244859813
0.0121272120159
8.41925874399
0.0123020529281
0.063398196944
10.2899600529
0.354899727972
6.54082683695
0.0119349950692
1.31711394701
0.0121081989491

checksumTime
0.0119616449811
0.0118459099904
0.0118208200438
0.0119200380286
0.0117972641019
0.0117961219512
0.0117656789953
0.0117552350275
0.0119707420235
0.0120331330691
0.0120000590105
0.0165986639913
0.0158759859623
0.0117691250052
0.0114429859677
0.0117193629267
0.0117169789737
0.0116285448894
0.0117818969302
0.0115698539885
0.0117254450452
0.0119015011005
0.0120644849958
0.0120349919889
0.0119726910489
0.0119524179026
0.0115772519493
0.0113682430238
0.0118840789655
0.0118222750025
0.0130156570813
0.0130662890151
0.011988419923
0.0112146149622
0.0440022250405




layer number :  35
123.697777597
0.13262127398

jsonTime
0.0156168849207
3.09790318308
0.0221312450012
0.0155925159343
0.0145291480003
0.014437718899
0.0151934799505
0.0226155950222
0.0147282310063
0.0143458310049
0.0137797690695
5.71033603698
0.015286350972
0.0231346420478
0.0609954319661
0.0154644399881
0.0282636299962
0.0157078379998
0.0296421620296
0.015310211922
0.0159240929643
0.0313877629815
0.0159056560369
0.0158514770446
0.0182161910925
0.0157195909414
1.376619822
0.0233376279939
0.0230714729987
1.01549516409
0.0645241350867
0.799085662933
0.0159333850024
0.125521087903
0.0215994900791

layerTime
0.0122291460866
24.52968186
0.0438568959944
0.0119588630041
0.0119481930742
0.0118917060317
0.0118977790698
0.0120988029521
0.012205927982
0.0119217049796
0.0118777699536
57.655223235
0.0120955500752
0.0859772659605
0.888940450968
0.0122116560815
0.0126852120738
0.0122198349563
0.0122669120319
0.0117620159872
0.0123151170556
0.0173821310746
0.01255962695
0.0123782559531
0.0123707689345
0.0122385460418
8.28721767711
0.0122004840523
0.0657644440653
10.3399864379
0.374074060004
6.52997289004
0.0120663059643
1.26173847809
0.0119666209212

checksumTime
0.0119781239191
0.0122925019823
0.0116901299916
0.0115674349945
0.0116325400304
0.0115980380215
0.0118289629463
0.0115627431078
0.0117252880009
0.0112375159515
0.011632201029
0.0119170489488
0.011869512964
0.0139648630284
0.0119604900246
0.011868448928
0.0119864499429
0.0119516430423
0.0119670979911
0.011934336042
0.0119747519493
0.0140240889741
0.0120634509949
0.0119943959871
0.0119119100273
0.0119511239463
0.0118361219065
0.0118199599674
0.0115055629285
0.0120061769849
0.0117313129595
0.0150117049925
0.0120487140957
0.0116392099299
0.0324061630527




layer number :  35
123.768237546
0.13114631502

jsonTime
0.0162484759931
3.11335708899
0.0237317369319
0.0172255119542
0.0156734139891
0.0157909139525
0.0157738149865
0.0317769249668
0.0163565500407
0.0157070859568
0.0157462480711
5.49519135593
0.0168661329662
0.0235797310015
0.0507935200585
0.0148448740365
0.02341480006
0.0155553380027
0.0147566489177
0.0140079259872
0.0150371879572
0.021769235027
0.0146702319616
0.0147138619795
0.0158101359848
0.0147782589775
1.26540583605
0.0219972660998
0.0220462360885
1.05147645599
0.0644057940226
0.624522842001
0.0188046720577
0.124480462982
0.0220351980533

layerTime
0.0122829960892
25.191200951
0.0474175830605
0.0123469959944
0.0123427320505
0.0122889810009
0.0122772660106
0.013527611969
0.012236719951
0.0122066249605
0.0122909490019
57.2557658431
0.0121329770191
0.0871478419285
0.706599734956
0.0123488869285
0.0122052490478
0.0120839059819
0.0119938009884
0.0120720369741
0.0120576570043
0.0121722880285
0.0120663909474
0.0120498460019
0.0121736490401
0.011643261998
8.44390789699
0.0121022519888
0.0572481659474
9.947566399
0.647531314986
6.87609376595
0.0121514869388
1.34686578705
0.0121330219554

checksumTime
0.0119836019585
0.0134718100308
0.0119943639729
0.0119677910116
0.0120381090092
0.0119616490556
0.0119738390204
0.0119986790232
0.0119061040459
0.0119431050261
0.0119554139674
0.0161724829813
0.0115318490425
0.0110776060028
0.0117953669978
0.0122331139864
0.0117826109054
0.0117986591067
0.0116157650482
0.0122188030509
0.0118299759924
0.0117868590169
0.0119547130307
0.0117920580087
0.0117631970206
0.0110738619696
0.0121333459392
0.0117486729287
0.012694851961
0.0129255780485
0.0128456309903
0.0119465390453
0.0127143129939
0.0118588319747
0.0349795740331




layer number :  35
124.605609735
0.279231855064

jsonTime
0.0326059919316
2.89483158092
0.0217146358918
0.0161693380214
0.0158948309254
0.0315610400867
0.015941092046
0.0156081200112
0.0156810940243
0.0156354359351
0.0158567490289
5.754651097
0.0246750839287
0.0240013760049
0.0639091660269
0.0149789019488
0.0151902469806
0.0237306000199
0.0148105819244
0.0147066640202
0.0146449470194
0.021674220101
0.0148281559814
0.0145501449006
0.0168783890549
0.0148481429787
1.26124798402
0.021780473995
0.0230724969879
1.146712341
0.0607658510562
0.783732604003
0.015039691003
0.115578399971
0.0163486460224

layerTime
0.0123682660051
24.389403056
0.0409846310504
0.0121078509837
0.0121842509834
0.0137992729433
0.0121940500103
0.0122530299705
0.0122690639691
0.0122269690037
0.0122530559311
58.2254799569
0.0122874130029
0.104227178032
0.973328565015
0.012019546004
0.0120562249795
0.0120855619898
0.0120983580127
0.0121158059919
0.0120488440152
0.0121418789495
0.0121092180489
0.0119835480582
0.0121883660322
0.0123251050245
8.54217964201
0.0120984159876
0.0573918240843
10.068068902
0.571800305974
6.69786366296
0.0120247479063
1.31254038308
0.0120740840212

checksumTime
0.0119850890478
0.0122853791108
0.011738984962
0.0119821510743
0.0119206130039
0.012095937971
0.0119501129957
0.0119603440398
0.0119582170155
0.0119610270485
0.0120048620738
0.0125280410284
0.0118430600269
0.0118529589381
0.0117888610112
0.012851365027
0.014269575011
0.0118854370667
0.0117906220257
0.0116161439801
0.0117840719176
0.01174394798
0.0117943020305
0.0119144129567
0.0117352459347
0.0117555420147
0.0120447509689
0.0117663759738
0.0120510859415
0.0119647940155
0.0119769460289
0.0121534470236
0.0117507650284
0.0141044359189
0.0443621859886




layer number :  35
129.761427283
0.132997029927

jsonTime
0.0329109280137
3.05305299105
0.021807470941
0.015633411007
0.0144775069784
0.0223442189163
0.0146786160767
0.0145224599401
0.0144953889539
0.014559442061
0.014346800046
5.62896983593
0.0235364330001
0.02376142703
0.0485339428997
0.0156161609339
0.0154043158982
0.0295145490672
0.016306764097
0.0154527850682
0.0205021789297
0.0289685899625
0.0162504340988
0.0154581650859
0.01770337997
0.0154103309615
1.29380908597
0.0231017390033
0.0227126220707
1.01645017299
0.0594137709122
0.782090725959
0.0150987160159
0.108305976959
0.014976479928

layerTime
0.0124076249776
25.685647851
0.041087982012
0.0122505070176
0.0121444649994
0.0121632170631
0.0119175820146
0.0120094210142
0.0120666110888
0.012169209891
0.0112964429427
62.5847667961
0.0121691710083
0.0900059469277
0.693395220092
0.0122132931137
0.0122485670727
0.0123200420057
0.012258291943
0.0121927639702
0.0122332070023
0.0123849159572
0.0122391500045
0.0122129829833
0.0122954399558
0.012217723066
8.63469981705
0.0132271690527
0.0614365369547
10.557709701
0.432886645081
6.58029457997
0.0120536900358
1.01669005607
0.0120680950349

checksumTime
0.012242699042
0.0123836860294
0.0121220540022
0.0117422529729
0.0118361450732
0.0117813969264
0.0114685900044
0.0116690680152
0.0117873499403
0.011707370053
0.0117070990382
0.0129713770002
0.0145555869676
0.0119998260634
0.0120550469728
0.0119242609944
0.0119532089448
0.0118912619073
0.0119311329909
0.0120318100089
0.0119513830869
0.0119734359905
0.0119519518921
0.0119641820202
0.0118859120412
0.0119128479855
0.0116713589523
0.0118723988999
0.011879206053
0.0120265430305
0.0123738700058
0.0119330739835
0.01208546001
0.0120393499965
0.036846886971




layer number :  35
136.794150399
0.132256926037

jsonTime
0.0316093639703
2.89346827997
0.0345931750489
0.0157279910054
0.0157266170718
0.0146277510794
0.0146828630241
0.0157895119628
0.0314236240229
0.0158104609
0.0164102049312
5.85808452207
0.0159012470394
0.0240910819266
0.0561412030365
0.01495113899
0.0146426790161
0.0148556560744
0.0221078459872
0.014698805986
0.0147261860548
0.0149313709699
0.0147747430019
0.021818610956
0.0185573679628
0.0157113199821
1.36420313001
0.0161945739528
0.0294390430208
1.26074679196
0.0868247549515
0.763576444937
0.0222904740367
0.112613452948
0.0159743800759

layerTime
0.0123449210078
25.860136644
0.0410281899385
0.0121008680435
0.0121790089179
0.0120133269811
0.0120391770033
0.0118826690596
0.012323134928
0.0122472960502
0.0122261770302
67.149414176
0.0120823159814
0.0899555680808
0.710007664049
0.0121791929705
0.0119402019773
0.0120063709328
0.0120693469653
0.0120119469939
0.0119873019867
0.0122211769922
0.0119864040753
0.0120359599823
0.0123216049979
0.0122437230311
8.92860376905
0.0121194530511
0.121661448036
11.415493388
0.861419985071
7.09735569707
0.0121641099686
0.731645313092
0.0123303269502

checksumTime
0.012001943076
0.0122543269536
0.0118168400368
0.0117688629543
0.0117244679714
0.0118050969904
0.0120165259577
0.0119703540113
0.0119196150918
0.0119666670216
0.0119806879666
0.0130637979601
0.0157131500309
0.0120071019046
0.0131198039744
0.0117621379904
0.0116893670056
0.0116813790519
0.0117068240652
0.0117718279362
0.0120252430206
0.0116898199776
0.0118367630057
0.0117116110632
0.0119056829717
0.0119548169896
0.0122016329551
0.0119554819539
0.0121609800262
0.0123191850726
0.0122362039983
0.0116753849434
0.0116567719961
0.0120072679128
0.034582567052




layer number :  35
145.097517336
0.132356140995

jsonTime
0.0152698729653
2.68160620006
0.0306489999639
0.0172322069993
0.0156951330137
0.0156484809704
0.0158826271072
0.0345184881007
0.0156265700934
0.015700743068
0.0157375460258
5.73201218003
0.0522023340454
0.0230777419638
0.0469864510233
0.0167029430158
0.0166547140107
0.0319591599982
0.0156720209634
0.0156934160041
0.015665219049
0.015601814026
0.0315148889786
0.0165463690646
0.0181864199694
0.0157099639764
1.37169277191
0.0157307169866
0.0368351769866
1.25321392994
0.0778983429773
0.695454441011
0.0150009220233
0.102306974004
0.0149757420877

layerTime
0.0122730090516
29.775725213
0.0816887450637
0.0123353069648
0.0123895229772
0.0123025680659
0.0122356599895
0.0123603389366
0.0122437839163
0.0122646129457
0.0122531319503
69.351452977
0.0125593709527
0.0980330120074
0.680348276044
0.0122079529101
0.0127994259819
0.0124736110447
0.0122563319746
0.012253902969
0.0125124619808
0.0122541449964
0.0123846429633
0.0122615819564
0.012355173938
0.0122503640596
9.21605315199
0.0161997140385
0.113155929022
12.518976195
0.682437943062
8.136098271
0.0120273849461
1.02387178491
0.0120895189466

checksumTime
0.0119491119403
0.0142360340105
0.0119891429786
0.0120002910262
0.0119807489682
0.012276283931
0.0119511549128
0.0119788539596
0.0119706069818
0.0120254560607
0.0119810559554
0.0163911079289
0.0118115340592
0.0129907269729
0.0121407950064
0.0118820030475
0.0119923229795
0.0118855210021
0.0120551820146
0.0119686250109
0.0119508389616
0.012012914056
0.0119908699999
0.0119686140679
0.0119820720283
0.0119278390193
0.0132385870675
0.0120780169964
0.0119277649792
0.0132063790224
0.0122370099416
0.011891342001
0.0117154030595
0.011727834004
0.0390850140247




layer number :  35
152.705990862
0.127621610067

jsonTime
0.0324437569361
3.06283597299
0.0293660840252
0.0170972469496
0.0163540280191
0.0318953020032
0.016866852995
0.0156592320418
0.0156740249367
0.0156904450851
0.0313942600042
5.75806151296
0.0364161700709
0.0302146119066
0.058493233053
0.015670822002
0.0155955660157
0.0295182269765
0.0154109849827
0.0161333410069
0.0154724809108
0.016948075965
0.0289273500675
0.0162891671062
0.0176558549283
0.016183206928
1.28643022804
0.0152254049899
0.0276461349567
1.25819345389
0.0931583839701
0.781893969979
0.0149627119536
0.131967179943
0.0153556680307

layerTime
0.0124795980519
30.9430360771
0.0810524460394
0.0124917080393
0.0122009579791
0.0137141690357
0.0122626569355
0.0122909579659
0.0125801740214
0.0122641489143
0.0123963060323
72.61303158
0.0133855799213
0.187209415017
0.989160050987
0.0122565439669
0.0122512340313
0.0122998870211
0.0121870130533
0.0121590039926
0.01215963508
0.0122023300501
0.0123009359231
0.0121866179397
0.0122993279947
0.0121526090661
10.7020361089
0.0120232859626
0.119402160984
12.8092646281
0.850961041986
8.01076757198
0.0123897360172
1.52274696599
0.0116586469812

checksumTime
0.0114611289464
0.0125242469367
0.011959186988
0.0119988080114
0.0119071209338
0.0119801090332
0.0120492290007
0.0119900740683
0.0119878479745
0.0119674419984
0.0120229170425
0.0121783369686
0.0120457290905
0.0120028089732
0.0112323210342
0.011904592975
0.0119781940011
0.0118809799897
0.0118946919683
0.0118706240319
0.015704785008
0.0118924739072
0.0119608090026
0.0121924850391
0.011903366074
0.0119152159896
0.0121960580582
0.0117928610416
0.0119553700788
0.0120908590034
0.0121749889804
0.0118657920975
0.0120151960291
0.0134232370183
0.0335542559624




layer number :  35
153.934069433
0.12974918203

jsonTime
0.0329400340561
3.08608063392
0.022062106058
0.015365383937
0.0146242650226
0.0226031210041
0.0158179289429
0.0156399130356
0.0155937380623
0.0157052269205
0.0156429440249
5.81814995606
0.0327727670083
0.0283906999975
0.0638142700773
0.0220889089396
0.0163562999805
0.0147090200335
0.0146494759247
0.0171385280555
0.0217683160445
0.014734694967
0.0138818889391
0.0156307519646
0.0183812949108
0.0159646279644
1.35881095391
0.0167695020791
0.0292815889698
1.20493378909
0.0728135479148
0.77775352099
0.0140864730347
0.110618681996
0.0153430419741

layerTime
0.0120124159148
31.496259644
0.0404533389956
0.0121921930695
0.0120680009713
0.0116302410606
0.0122886180179
0.0122500229627
0.0122641399503
0.0122222050559
0.0121869199211
73.462982629
0.0158671910176
0.192192140967
0.801105923951
0.0121190650389
0.0121476099594
0.0120772899827
0.0120130180148
0.0121465600096
0.0131410429021
0.0120594160398
0.012165821041
0.0123089860426
0.0124494159827
0.0122271840228
10.520017829
0.0122348349541
0.119353385991
13.060451578
0.771579176071
8.56835147203
0.011985635967
1.01178597799
0.0130961069372

checksumTime
0.011827383074
0.0139939549845
0.0118199510034
0.0117489099503
0.0115320599871
0.0118155269884
0.0119622939965
0.0121670709923
0.0119034700328
0.0119675180176
0.0119710050058
0.0122027590405
0.0120320039568
0.0120124029927
0.0118592280196
0.0155859730439
0.0117166229757
0.0117351560621
0.0163888219977
0.0119636029704
0.0122472700896
0.011709399987
0.0117483299691
0.0118883680552
0.0120203531114
0.0120500579942
0.0120357410051
0.0119690010324
0.01193637494
0.0120060680201
0.0120392779354
0.0121683320031
0.0118124240544
0.0118120160187
0.035341550014




layer number :  35
152.564936583
0.132652319968

jsonTime
0.0336179409642
2.87750666495
0.0300577649614
0.0173824919621
0.0316326180473
0.0158554438967
0.0163732840447
0.0158564080484
0.0156726359855
0.0156425980385
0.0314717510482
5.80231775204
0.0163924089866
0.0261966399848
0.0541938169627
0.0149388390128
0.0160562479869
0.0147213230375
0.0220730890287
0.0169611959718
0.01453322405
0.0145669579506
0.0145481269574
0.0216867710697
0.0179382290225
0.0160097220214
1.34862229903
0.0151963210665
0.0292855860898
1.25309892697
0.0763528819662
0.77625542297
0.0221835749689
0.0999337059911
0.0167555080261

layerTime
0.0122618130408
31.8672740851
0.0826872009784
0.0122724750545
0.0138969769469
0.0122112520039
0.0125277669868
0.0122094430262
0.0121836209437
0.0121760990005
0.0123218119843
71.956918548
0.0122475640383
0.152951288968
0.806576322066
0.0120341210859
0.0120450960239
0.0119979189476
0.0121816530591
0.0119883930311
0.0119908290217
0.0120316330576
0.0119892550865
0.0120965850074
0.0123490130063
0.0124560149852
10.5544633489
0.0121758409077
0.119395106914
12.9253498761
0.864858304034
8.51309856994
0.0120740500279
1.01215757802
0.0127070449525

checksumTime
0.0119957060087
0.0121742279734
0.0119394230423
0.012011543964
0.0119726990815
0.0119046110194
0.0118399879429
0.0119700439973
0.0119111980312
0.0121001009829
0.0119494899409
0.012451195973
0.0118911360623
0.0116504100151
0.0131387019064
0.0140258589527
0.0120542009827
0.0117720139679
0.0163923020009
0.0118388929404
0.0117755249375
0.0118160049897
0.0117484439397
0.0117922829231
0.0119159310125
0.0120315239765
0.0118619690184
0.0119418950053
0.011945219012
0.0121056080097
0.0120652320329
0.0136999140959
0.0117698709946
0.0132828019559
0.0327832760522




