layer number :  9
0.626790230861
0.0187328578904

jsonTime
0.0041476059705
0.00443554320373
0.0831643671263
0.00922607001849
0.00849642604589
0.00878753792495
0.026211774908
0.00944888894446
0.0120851201937

layerTime
0.00194502295926
0.00190263590775
0.358959130011
0.00474747107364
0.00461669289507
0.0052099970635
0.006761088036
0.004501265008
0.00523549388163

checksumTime
0.00174671295099
0.00157508696429
0.00432693189941
0.00405003293417
0.00405766908079
0.00398205197416
0.00423281500116
0.00392574397847
0.0194437219761




layer number :  9
0.807679285062
0.0440743030049

jsonTime
0.0306387990713
0.00866841292009
0.0904987629037
0.00827341107652
0.0209954869933
0.00743521284312
0.00714296009392
0.00783266290091
0.0205299528316

layerTime
0.00762490509078
0.0047092740424
0.480574999005
0.00352921802551
0.00554844201542
0.00354450102895
0.00356075703166
0.00361630809493
0.00519117107615

checksumTime
0.00392246386036
0.00414223107509
0.00320909102447
0.00308844586834
0.00366687215865
0.00339588196948
0.00310345599428
0.00293288403191
0.014416703023




layer number :  9
0.821828091051
0.0432313790079

jsonTime
0.00794730801135
0.0290759431664
0.0911091400776
0.010044706054
0.00903197098523
0.02601515688
0.00923575600609
0.00967275188304
0.00787453493103

layerTime
0.00436808005907
0.00870714290068
0.482049217913
0.00441300100647
0.00436567282304
0.00815124507062
0.00457628001459
0.00420797709376
0.00424575200304

checksumTime
0.00398602592759
0.00417658989318
0.00441864109598
0.00413477304392
0.00439465721138
0.00442569702864
0.00417507393286
0.00394535809755
0.0180588269141




layer number :  9
0.805303195026
0.0420924311038

jsonTime
0.0076787089929
0.00902176019736
0.114833909087
0.00955846393481
0.0258170699235
0.00911252503283
0.00869880896062
0.00970967602916
0.00866402196698

layerTime
0.00416484707966
0.0044065869879
0.471938474802
0.00452246214263
0.00670357397757
0.00445329397917
0.00419015088119
0.00473625492305
0.00437906989828

checksumTime
0.00371682178229
0.00357036595233
0.00395409809425
0.00379930296913
0.00425539794378
0.00385590014048
0.00387123017572
0.00372538808733
0.0180914739612




layer number :  9
0.827964543831
0.0413396728691

jsonTime
0.00796861597337
0.0084048260469
0.07278498495
0.00998866208829
0.00856388104148
0.00815522903576
0.00833647092804
0.0272331959568
0.00872649019584

layerTime
0.00428935908712
0.00450580497272
0.537770177005
0.00480038300157
0.00443778093904
0.00407011294737
0.00431704591028
0.00641273590736
0.00501295179129

checksumTime
0.00375231495127
0.00391029706225
0.00414782389998
0.00439932290465
0.00398307107389
0.00389764411375
0.0038554831408
0.00420688395388
0.0168594480492




layer number :  9
0.822266155854
0.0440048240125

jsonTime
0.0308331788983
0.00900736986659
0.0903910021298
0.0102893859148
0.0253744421061
0.00884263403714
0.00873530702665
0.0100300530903
0.0258946530521

layerTime
0.0074324531015
0.00423765205778
0.465244462946
0.0046082129702
0.00674588698894
0.00433502602391
0.00455672899261
0.00424544792622
0.00607993802987

checksumTime
0.00458739208989
0.004067418864
0.00409468309954
0.00380630604923
0.00417343783192
0.00369672104716
0.00366135383956
0.00361236301251
0.0178285439033




layer number :  9
0.817488846136
0.0415736609139

jsonTime
0.0302248510998
0.00863489811309
0.0905527169816
0.00952386995777
0.025260290131
0.00843684002757
0.00849155616015
0.00921695586294
0.0251165090594

layerTime
0.00741679687053
0.00475234701298
0.466276367893
0.00430842209607
0.00626957090572
0.00448070396669
0.00457026297227
0.00481669604778
0.00590597605333

checksumTime
0.00422655697912
0.00415708194487
0.00408849003725
0.00387365696952
0.00422949204221
0.00404275185429
0.00397711805999
0.00400919490494
0.0173351611011




layer number :  9
0.811165485997
0.0416864880826

jsonTime
0.00808383990079
0.0285617099144
0.103313735919
0.0103408570867
0.00819035992026
0.0254367361777
0.00876634381711
0.00935761095025
0.00844730692916

layerTime
0.00455660000443
0.00839196401648
0.465259524062
0.00476032495499
0.00433369795792
0.00676903803833
0.00439633708447
0.00455065793358
0.00438081403263

checksumTime
0.00400046608411
0.00416522403248
0.00409677391872
0.00368012418039
0.00388556090184
0.00413468596525
0.00419389107265
0.00383445317857
0.0176915009506




layer number :  9
0.825964987045
0.0576214231551

jsonTime
0.00929045304656
0.0087741559837
0.109605652047
0.00907289911993
0.00824930798262
0.00790277612396
0.00772277009673
0.0098656390328
0.0238279141486

layerTime
0.0045206299983
0.00474024796858
0.478864235105
0.00411571003497
0.00395172508433
0.0042480789125
0.0041542078834
0.00433137407526
0.00611646194011

checksumTime
0.00404247199185
0.00396915292367
0.00387535686605
0.00362642598338
0.00365080381744
0.0036659759935
0.00374612002634
0.00341787887737
0.0174167559016




layer number :  9
0.794790199958
0.0373207649682

jsonTime
0.00811225408688
0.00844573695213
0.0898996070027
0.00934946187772
0.0256734688301
0.00808004406281
0.00833311816677
0.00960710388608
0.00800841092132

layerTime
0.00424769707024
0.00424896902405
0.474319211906
0.00448372401297
0.00681481813081
0.00484032207169
0.00416317977943
0.00437844311818
0.00420191814192

checksumTime
0.00392401288263
0.0238358511124
0.00421621510759
0.00366874109022
0.00404703593813
0.00400684284978
0.00388538418338
0.00388277694583
0.0170327958185




