layer number :  15
192.000923181
0.0494773159735

jsonTime
0.0292669429909
1.64591484796
0.0145288868807
0.00616661901586
13.9136267321
0.475431455998
0.277037414024
0.0175715978257
0.00451367907226
0.00559279299341
0.00449539488181
0.0126020859461
0.0046257278882
0.00397686590441
0.00460269697942

layerTime
0.00857858895324
12.710800983
0.00573976314627
0.00251017208211
159.811550363
0.851785463048
2.06011721794
0.00847098696977
0.0018398470711
0.00213316897862
0.00211358908564
0.00305428216234
0.00254162820056
0.00190596398897
0.00175937102176

checksumTime
0.00416070013307
0.00257537001744
0.00257752486505
0.00225653895177
0.0126911369152
0.00406515598297
0.00484173116274
0.00189823005348
0.00208141794428
0.0021845670417
0.00185421295464
0.00170231191441
0.00191386695951
0.00166723201983
0.00819837814197




layer number :  15
207.226581179
0.0507161510177

jsonTime
0.0297343609855
1.67338347714
0.00506821088493
0.0048477340024
14.1013801871
0.0956289828755
0.276866959175
0.0407710019499
0.00511807203293
0.00444049015641
0.00406012590975
0.00396242714487
0.00448351516388
0.0138479969464
0.00440408312716

layerTime
0.00852887704968
13.3549890479
0.00231813499704
0.00238362792879
174.835539433
0.610692106187
2.00973150996
0.0049100718461
0.00219594989903
0.00216519786045
0.00199324102141
0.00202519702725
0.00203481991775
0.00341846095398
0.00255363900214

checksumTime
0.00409740884788
0.00467190309428
0.00170621811412
0.00208401191048
0.0155883810949
0.00454204180278
0.00433693709783
0.00191090116277
0.0021813379135
0.00196697004139
0.00166558800265
0.00175298284739
0.00188734009862
0.00218462687917
0.0100665329956




layer number :  15
217.815949532
0.0501822941005

jsonTime
0.00811759009957
1.72425478813
0.0151261819992
0.00598798086867
14.2434461049
0.0909467521124
0.248010569951
0.0174325569533
0.00432513095438
0.00475626601838
0.00401103193872
0.0040953150019
0.00427745794877
0.0165080339648
0.00450695003383

layerTime
0.0042224060744
14.3962100248
0.00526408292353
0.00241557997651
184.991017391
0.458202274982
1.43901219498
0.00489418301731
0.00204740720801
0.00215569208376
0.00190864899196
0.00202895398252
0.00203232397325
0.00355725502595
0.00210910802707

checksumTime
0.00362738291733
0.00237158616073
0.00235101603903
0.00223379419185
0.0149268729147
0.00229693902656
0.00237004202791
0.00191205996089
0.00202958588488
0.00169005501084
0.00178116001189
0.00174970994703
0.00158049515449
0.00189392594621
0.00841563893482




layer number :  15
238.253293401
0.0507677800488

jsonTime
0.0285142969806
1.6262387482
0.0129863840993
0.00515141896904
14.170895509
0.0913220169023
0.252618625993
0.00567022501491
0.0042331609875
0.00450784200802
0.00410973187536
0.0125687159598
0.00447631790303
0.00506027298979
0.00415158108808

layerTime
0.0094696499873
16.088786396
0.00467562791891
0.00214828294702
203.05879836
0.54885117407
2.171229681
0.00213073682971
0.0021404819563
0.00211557000875
0.00191505602561
0.00300145894289
0.00195934507065
0.00209386390634
0.00191537593491

checksumTime
0.00418074685149
0.00224355584942
0.00206733611412
0.00212247902527
0.0153438891284
0.00220914906822
0.0163966480177
0.00211795605719
0.00196710205637
0.00182313309051
0.00185590400361
0.0017738242168
0.00178972096182
0.00191068206914
0.008925502887




layer number :  15
239.442753514
0.0501173939556

jsonTime
0.0293476828374
1.70986861293
0.0128662330098
0.00508219702169
15.1008022469
0.0948786009103
0.262919542845
0.00576491700485
0.0128439140972
0.00626909499988
0.00441195094027
0.00394911202602
0.00400511617772
0.00420161616057
0.0218215282075

layerTime
0.00850217998959
16.5460923649
0.00412823492661
0.00187983596697
202.916321094
0.419025773183
2.13074264093
0.00218986789696
0.00856732693501
0.00210522813722
0.00191100803204
0.00212412397377
0.00195372197777
0.00209001591429
0.00644185789861

checksumTime
0.0044619392138
0.00222036102787
0.00199777609669
0.00203042291105
0.00228513195179
0.00423910003155
0.00221071415581
0.0017843269743
0.00877318694256
0.00196999800391
0.00189033895731
0.00190334091894
0.00178725086153
0.00190712790936
0.0182109230664




layer number :  15
231.168223196
0.0535238750745

jsonTime
0.00831806403585
1.638067903
0.00894395005889
0.0103429141454
14.979667492
0.0990500638727
0.210142581025
0.0428050670307
0.00423866789788
0.0164810889401
0.00449452083558
0.00440782215446
0.00409847591072
0.00422625802457
0.00436085602269

layerTime
0.00433511915617
16.0362148879
0.00450638402253
0.00441809697077
194.923592893
0.989832619205
2.02251715981
0.0019728729967
0.00219065696001
0.00402819993906
0.0019018240273
0.0020590107888
0.00200838595629
0.00207046698779
0.00238416297361

checksumTime
0.00367568596266
0.00442185997963
0.00413029291667
0.00387928797863
0.0174079181161
0.0104575359728
0.00221455004066
0.00156785105355
0.00173848611303
0.00225690216757
0.00199828902259
0.00198127515614
0.00181965017691
0.00198739487678
0.00972270499915




layer number :  15
226.818401127
0.0513148971368

jsonTime
0.00808433303609
1.66026599589
0.00491368887015
0.00536445202306
14.1416351919
0.327769114869
0.258322885958
0.00587115692906
0.0128765930422
0.0049950319808
0.00421061809175
0.00389673607424
0.0126464138739
0.00451062805951
0.00427765911445

layerTime
0.00427471101284
15.3320906451
0.00246004015207
0.00204551708885
191.580280107
1.03023366397
2.27910874994
0.00230679218657
0.0037195070181
0.00206889188848
0.00189058785327
0.00188298500143
0.00305348006077
0.00217148987576
0.00199690996669

checksumTime
0.00390770402737
0.00237237499095
0.0019246628508
0.00170860509388
0.0151141351089
0.00392763316631
0.0050767660141
0.00193427293561
0.00225139898248
0.00189296202734
0.0016091989819
0.00158183905296
0.00185838807374
0.00201778602786
0.00900651002303




layer number :  15
240.523911077
0.048519091215

jsonTime
0.0303661450744
1.68644174398
0.0578882780392
0.0106796158943
15.0910666769
0.0897074260283
0.27594426088
0.0140642689075
0.00465539493598
0.00423208996654
0.00410518585704
0.00412260997109
0.00437472597696
0.0143645650242
0.0046250729356

layerTime
0.00840466492809
17.135314266
0.0045482411515
0.00483053619973
203.115355754
0.620278442977
2.19150208007
0.00452909898013
0.0018706349656
0.00192170008086
0.0020878999494
0.00212900410406
0.00200966303237
0.00328744901344
0.00194249092601

checksumTime
0.00437968899496
0.0174553859979
0.00393244391307
0.00409129192121
0.0157678241376
0.00438842596486
0.00478124502115
0.00215414515696
0.00176197709516
0.00161920301616
0.00198762910441
0.00171684287488
0.00183898000978
0.00203051604331
0.00889851502143




layer number :  15
239.394712273
0.0509252988268

jsonTime
0.00884002097882
1.70011932286
0.0134874179494
0.00571462698281
14.8764848851
0.089565154165
0.257526863134
0.00578561401926
0.0042712718714
0.004539296031
0.00395057816058
0.0128265810199
0.00437207799405
0.00432096421719
0.00405033794232

layerTime
0.00420324597508
16.133894966
0.00482450099662
0.00201985100284
202.769037276
0.883341234876
2.46414465387
0.00223493180238
0.00196305802092
0.00205880892463
0.0019100678619
0.00305099412799
0.00215636496432
0.00229981192388
0.00179995503277

checksumTime
0.00366053008474
0.0022856220603
0.00226181210019
0.00190517492592
0.0153749368619
0.00357781699859
0.0159739120863
0.00174111919478
0.00208445009775
0.00178883690387
0.00151830399409
0.00165792601183
0.00184511882253
0.00190963805653
0.00967312883586




layer number :  15
225.924702272
0.0629738969728

jsonTime
0.00815607397817
1.63438183209
0.00926420092583
0.0277296639979
14.5455438651
0.0976129940245
0.272366219899
0.00578071502969
0.0126280940603
0.00511637888849
0.00442122598179
0.00420827209018
0.00403483398259
0.00456487294286
0.0127234151587

layerTime
0.00430848496035
14.6169330049
0.00460534216836
0.00935431197286
191.650110138
0.540101364022
2.30811087415
0.0020118500106
0.00390462088399
0.0020744050853
0.00206277496181
0.00204067793675
0.00193958589807
0.00186613504775
0.00308163184673

checksumTime
0.00389870908111
0.00425419397652
0.00363030703738
0.00414035585709
0.012962146895
0.00390299595892
0.00232842192054
0.00189403095283
0.00203157309443
0.00197041104548
0.0018100689631
0.00177313410677
0.00153359305114
0.00177379394881
0.0111231340561




