layer number :  19
149.157407158
0.058549546171

jsonTime
0.00800286605954
2.81688253907
0.0691732191481
0.00580584886484
0.906923352042
0.00527800293639
0.00421767495573
0.0044912409503
0.00554162496701
10.5546791661
0.0166164580733
0.00473035010509
0.0048194299452
0.00473761605099
0.00422955513932
0.00420240708627
0.0126574919559
0.00465888506733
0.00418828497641

layerTime
0.00410521985032
24.0476870369
0.00352726690471
0.0019298940897
7.13585811085
0.00234462996013
0.00177766894922
0.0020213930402
0.00198123184964
103.368685309
0.00758770201355
0.00197643297724
0.00196982291527
0.00194404786453
0.00191841297783
0.00187049200758
0.00319303991273
0.00243428000249
0.00174862402491

checksumTime
0.00377274397761
0.00216731103137
0.00216935109347
0.00169696100056
0.00223499909043
0.00184137909673
0.00195635203272
0.00184204615653
0.00156455114484
0.0169231130276
0.00222640484571
0.00161348609254
0.0019038640894
0.00203323597088
0.00181538891047
0.0017129459884
0.0019575250335
0.0019047560636
0.00898796087131




layer number :  19
153.119183552
0.0598581449594

jsonTime
0.00776648987085
2.860521222
0.0407832590863
0.00631028902717
0.900329081109
0.00538317789324
0.00446799793281
0.00455897697248
0.00652322801761
10.713134489
0.00817879312672
0.0126777249388
0.00466994615272
0.00486338790506
0.0045371579472
0.00450116000138
0.00457786489278
0.0130037050694
0.00449306587689

layerTime
0.00421947101131
24.5190847691
0.0203431949485
0.00191329210065
7.02546780882
0.00245674303733
0.00199190201238
0.00203408906236
0.00267589697614
106.779156639
0.00256504188292
0.00747898803093
0.00237131491303
0.00201363000087
0.00206237006932
0.00215193605982
0.00201958208345
0.00350577407517
0.00210732105188

checksumTime
0.00359243410639
0.00230640592054
0.00189831689931
0.00157423689961
0.00265086418949
0.0020767969545
0.00171602307819
0.00222152401693
0.00128371384926
0.0165232589934
0.0018387620803
0.00234861695208
0.00207281508483
0.00204135803506
0.00194236985408
0.00164945609868
0.00170576991513
0.00224793097004
0.00912136398256




layer number :  19
151.651580042
0.0579127089586

jsonTime
0.030299034901
3.09330614517
0.0415481508244
0.00593295693398
0.902893502032
0.0787042190786
0.00448539294302
0.00418995181099
0.0142365610227
10.9009918231
0.0103975208476
0.00445829401724
0.0175706630107
0.0104950012174
0.00856926990673
0.00826001586393
0.00888299103826
0.0086807878688
0.0259513449855

layerTime
0.00668154307641
24.5883012419
0.0200527179986
0.00203611818142
7.01690404303
0.00219369283877
0.00208728411235
0.00187303498387
0.00401781196706
104.627943034
0.00248037907295
0.00213996507227
0.0161945819855
0.00451831892133
0.00418611406349
0.00433405302465
0.004336705897
0.00411591003649
0.00645197997801

checksumTime
0.00401331693865
0.00229876115918
0.00191352702677
0.00185369583778
0.00219272705726
0.00201733806171
0.00180543004535
0.00164522603154
0.00185838807374
0.0167882679962
0.00178116885945
0.00172538403422
0.0142615148798
0.00398231204599
0.00398630206473
0.00361157301813
0.00366337108426
0.00359342712909
0.0181608709972




layer number :  19
147.891458509
0.055868719006

jsonTime
0.00870954990387
2.76560626295
0.0598307971377
0.00548256398179
0.978319316171
0.00512572494335
0.00448346696794
0.00402612914331
0.00569924595766
10.6948668528
0.00838741194457
0.0131367549766
0.00426678312942
0.00444104196504
0.00428274599835
0.0128031740896
0.00464644702151
0.00422130711377
0.004308385076

layerTime
0.00470816716552
23.7880625671
0.0029917859938
0.0021803160198
6.89383070101
0.0024409040343
0.00211513903923
0.002186199883
0.00202339002863
102.458010722
0.00246926210821
0.00730931502767
0.00225903606042
0.00176968798041
0.00194920506328
0.00325844599865
0.00204691500403
0.00202945107594
0.00176499900408

checksumTime
0.00378346885554
0.00221498589963
0.00186388683505
0.00203280500136
0.00208849599585
0.00208249199204
0.0019447458908
0.00186943612061
0.0019186809659
0.0147245309781
0.00190604082309
0.00217011198401
0.00193569995463
0.0017333929427
0.00174500001594
0.00226065795869
0.00178097980097
0.00164840789512
0.0080247130245




layer number :  19
148.02459737
0.0550614697859

jsonTime
0.00798551202752
3.07390245702
0.0602053129114
0.00606881687418
0.933646820951
0.00511503708549
0.00449551199563
0.0130573059432
0.00628141406924
10.0924314181
0.00831892807037
0.00428387406282
0.00421653687954
0.00472582108341
0.0138949779794
0.00441430788487
0.00421365909278
0.00465306290425
0.00408859807067

layerTime
0.00414909794927
24.654406382
0.00400640489534
0.00225371215492
7.17755549005
0.00262251798995
0.00228359713219
0.00362476310693
0.00232346309349
101.771369843
0.00238994788378
0.00236786203459
0.00211079791188
0.00189074804075
0.00764385401271
0.00209554797038
0.00221157004125
0.00208581495099
0.00214338093065

checksumTime
0.00348893716
0.00253678602166
0.00192914810032
0.00212901900522
0.00240625091828
0.00194330187514
0.00192981795408
0.00208838284016
0.00193019583821
0.0174657278694
0.00184386107139
0.00197452004068
0.00186910503544
0.00184930092655
0.0023594640661
0.00213366607204
0.00183541793376
0.00211235205643
0.00841982499696




layer number :  19
149.053496895
0.0658188429661

jsonTime
0.00800731102936
2.87891817186
0.0496443209704
0.00639704009518
0.916779934894
0.013414846966
0.0043429499492
0.00442563090473
0.00653912592679
10.123382024
0.0164991649799
0.00834014103748
0.0083740381524
0.0090346231591
0.00845706602558
0.0229138920549
0.00809555104934
0.00830779690295
0.00820774608292

layerTime
0.004124435829
23.646005285
0.025751424022
0.00227658404037
7.10107138404
0.00433688494377
0.00217503402382
0.00181069108658
0.00197883602232
103.925568452
0.00522457808256
0.00415871711448
0.00447385781445
0.00436528888531
0.0219435028266
0.00460093305446
0.00438338401727
0.00445384113118
0.00444883690216

checksumTime
0.00400270917453
0.00209429301322
0.00219832197763
0.00185434799641
0.00210574106313
0.00196728715673
0.0018509440124
0.0016631539911
0.00187638308853
0.0184174110182
0.00388090289198
0.00368775683455
0.00386278703809
0.0036231870763
0.0193012980744
0.00411568582058
0.00377165200189
0.00405873497948
0.0183256671298




layer number :  19
150.080416865
0.0558359760325

jsonTime
0.00828071613796
2.88838453288
0.0409455851186
0.00638096081093
0.911959751043
0.00506297405809
0.00408462109044
0.0135572070722
0.00671332003549
10.570130443
0.00904893013649
0.00403255992569
0.00444543897174
0.0131528819911
0.00475858012214
0.00441039213911
0.00446887500584
0.00439441786148
0.00444261683151

layerTime
0.00432009785436
24.814316852
0.0202333889902
0.00200970401056
7.0640482998
0.0022189009469
0.00227143103257
0.0037651299499
0.00254413904622
103.514871419
0.00242671393789
0.00204347097315
0.00192036293447
0.00743231899105
0.0019325229805
0.00202334392816
0.00193920102902
0.00211604801007
0.00204941513948

checksumTime
0.00402695010416
0.00220173993148
0.0020352920983
0.00187758612446
0.00191882206127
0.00195769895799
0.00179575500078
0.0021955948323
0.00189304701053
0.0164980860427
0.00168457906693
0.00190074602142
0.00179094611667
0.00221512792632
0.00189092592336
0.00175816402771
0.00197373097762
0.00173220015131
0.00823319889605




layer number :  19
148.598832913
0.0586739159189

jsonTime
0.00873413379304
3.03672683286
0.0593128991313
0.00570386578329
0.922677576076
0.00593686406501
0.00423596706241
0.00446454179473
0.00641063181683
10.7996897739
0.00816047401167
0.00461906194687
0.00450381799601
0.0141427861527
0.00436721905135
0.00428713206202
0.00430599716492
0.00453784619458
0.00433613313362

layerTime
0.00450878520496
25.4222970181
0.00337221589871
0.00188352307305
6.25857935613
0.0020391959697
0.00191839109175
0.00203663599677
0.00218407600187
101.848641675
0.00252099800855
0.00226844009012
0.00212013791315
0.00725887203589
0.00192249193788
0.00193311297335
0.00202053482644
0.00206649093889
0.00208305404522

checksumTime
0.00370844593272
0.00222530798055
0.00226916209795
0.0016407049261
0.00222210888751
0.00185706792399
0.00157369300723
0.00185686419718
0.0018159551546
0.0159821780398
0.00192247796804
0.00188753707334
0.00188954686746
0.0022103828378
0.00192766007967
0.00203401292674
0.0018250469584
0.00177835789509
0.00899084587581




layer number :  19
150.98851426
0.0571381289046

jsonTime
0.00789107405581
3.22065163008
0.0601164889522
0.00599254388362
0.937026995933
0.0502213370055
0.00419798097573
0.00445108301938
0.00646576588042
10.8776686359
0.00870827119797
0.013382069068
0.00489212502725
0.00465017417446
0.00428082305007
0.00465523684397
0.00470776692964
0.0236046609934
0.0095042551402

layerTime
0.00455865799449
23.618383405
0.00353808817454
0.00236815307289
7.00314769219
0.00225076382048
0.00215929793194
0.00194407906383
0.00209499499761
104.932375814
0.00272238301113
0.00731998682022
0.00231840787455
0.00233892700635
0.00222692196257
0.002076667035
0.00214665220119
0.00601433310658
0.00499923084863

checksumTime
0.00366133684292
0.00211594393477
0.00190207595006
0.00202175602317
0.00207736599259
0.00215069507249
0.0016184609849
0.00202701310627
0.00174379209056
0.0150906818453
0.00187366595492
0.00236873608083
0.00201821001247
0.00202900893055
0.00181926204823
0.00194086600095
0.00174695486203
0.00414161989465
0.0191609240137




layer number :  19
148.585942784
0.0667403701227

jsonTime
0.0323269409128
3.19785136683
0.0595762319863
0.00530511303805
0.942137256032
0.00491565000266
0.00473344000056
0.0045239420142
0.0168783070985
10.7134842891
0.00845870492049
0.00417300593108
0.0128377631772
0.00498691108078
0.00434961798601
0.00400092592463
0.00422761100344
0.00410790601745
0.0127595411614

layerTime
0.00689927814528
24.6384665191
0.0032837879844
0.00226381211542
6.88368594507
0.00218219100498
0.00199048803188
0.00220081908628
0.0024170789402
101.845545487
0.00227558519691
0.00195532897487
0.00754978088662
0.00192139809951
0.00190255907364
0.00201160996221
0.00188482902013
0.00202838284895
0.00334554887377

checksumTime
0.00448179501109
0.00179508607835
0.00175957684405
0.00225023296662
0.00203947979026
0.00225725304335
0.00173050793819
0.00179144996218
0.0021622099448
0.0169799958821
0.00187617191114
0.00169752701186
0.00234802393243
0.00192395783961
0.00157260708511
0.00170622603036
0.00156898004934
0.00161765096709
0.0104751291219




