layer number :  17
20.795026212
0.0537203010172

jsonTime
0.0383836561814
0.0083857330028
0.171012616018
0.00526014901698
0.00846978602931
0.116292878054
0.0248965630308
0.00783125893213
0.00842539104633
1.55673513794
0.0156870889477
0.0684032088611
0.0090001039207
0.34189001983
0.00524930097163
0.00496990093961
0.00409786892124

layerTime
0.0157208410092
0.00433571613394
1.3322604408
0.0022240949329
0.00278762308881
0.943665700965
0.00697973091155
0.00443970621563
0.00416342006065
13.1352946649
0.00490039587021
0.288375301054
0.0045797158964
2.51590950601
0.0020361810457
0.00182829797268
0.00181572604924

checksumTime
0.0041713998653
0.00394348497503
0.00220402516425
0.00173305091448
0.00171496090479
0.00399280106649
0.00388055597432
0.00384914688766
0.00373079697601
0.00241621816531
0.00194233516231
0.00428617210127
0.00357620720752
0.0172920001205
0.00195255898871
0.00168455508538
0.0108632838819




layer number :  17
21.0239935152
0.0551246551331

jsonTime
0.00845891283825
0.0278729121201
0.166763790883
0.0052226728294
0.00794873991981
0.136174608022
0.00879925303161
0.00816751108505
0.00807022000663
1.52788688801
0.00451895804144
0.0683595722076
0.0130870789289
0.293612636859
0.0165240101051
0.00471251807176
0.0040975548327

layerTime
0.00443946407177
0.00841016997583
1.29467583401
0.00231760018505
0.00159798213281
0.954058447853
0.0039524929598
0.00412531686015
0.00438954401761
13.683891047
0.00214126589708
0.206464120885
0.00393550214358
2.40961059299
0.00408351095393
0.00221194210462
0.00223205401562

checksumTime
0.00379752297886
0.00447000702843
0.00396814011037
0.00198336085305
0.00203337706625
0.00406786007807
0.00337833794765
0.00367681612261
0.00368161383085
0.00206481106579
0.00206566695124
0.00202414602973
0.00178458495066
0.0120485490188
0.00204924796708
0.00178752699867
0.00910623813979




layer number :  17
21.3417374711
0.0552112099249

jsonTime
0.0370095442049
0.0086051991675
0.162950861966
0.00528606306762
0.00777059607208
0.111607166938
0.013868191978
0.00471464288421
0.00463973195292
1.35048568901
0.0136701369192
0.0679798170459
0.00863890885375
0.342286111088
0.00505758193322
0.00472706812434
0.0045224679634

layerTime
0.00494758086279
0.00458217179403
1.22979015112
0.00205312296748
0.00136949494481
0.380849376088
0.00418664282188
0.00234332308173
0.00227524200454
14.38865843
0.00417411909439
0.298351943959
0.00449833297171
2.73271244788
0.00213732710108
0.00203528394923
0.00188986212015

checksumTime
0.00428888597526
0.00415670406073
0.00239569391124
0.00197039288469
0.00168931204826
0.00202933512628
0.00187569716945
0.00215835892595
0.00174484006129
0.00233227014542
0.00221931887791
0.004066466121
0.00451302807778
0.015971173998
0.00187739497051
0.00198747892864
0.00884611904621




layer number :  17
20.0381907821
0.0525262949523

jsonTime
0.00788583303802
0.00841637281701
0.165674929041
0.00523071200587
0.00959231494926
0.134790110169
0.00465362798423
0.00429635704495
0.00425967411138
1.38723387523
0.00460901483893
0.0684266930912
0.0139809311368
0.300801746082
0.0252763330936
0.00853994605131
0.00866373186

layerTime
0.00438328296877
0.00426929909736
1.5191125439
0.00230765808374
0.00400760117918
0.44822525885
0.00220670411363
0.00208122702315
0.00190080096945
12.9104353699
0.00220934604295
0.217848138884
0.00407672580332
2.60403622501
0.00713405385613
0.00434271083213
0.00434202211909

checksumTime
0.00343330809847
0.0232955620158
0.00255353399552
0.00173495290801
0.00162827782333
0.00210177502595
0.0019285348244
0.00162248103879
0.00190765480511
0.00187197700143
0.00197704206221
0.00225784699433
0.00239967112429
0.00393350189552
0.00358342309482
0.00358797213994
0.0187938839663




layer number :  17
20.550707445
0.0544872200117

jsonTime
0.0303302130196
0.00974652497098
0.150637294864
0.00509160896763
0.0150469162036
0.0725213089027
0.00480784289539
0.00426442595199
0.0125102200545
1.32244687597
0.00462219514884
0.0689256130718
0.0129882239271
0.309652874945
0.0136984519195
0.00522265792824
0.00436089304276

layerTime
0.00786348595284
0.00442942301743
1.26827979693
0.00237181200646
0.00259913201444
0.427987860981
0.00224581197836
0.00215056398883
0.00355265592225
13.6161596191
0.00215835403651
0.206530611031
0.00371482595801
2.830383881
0.00348634109832
0.00236083217897
0.00218956405297

checksumTime
0.00426285993308
0.00403972715139
0.00224715005606
0.00189227797091
0.00209585693665
0.0022014901042
0.00178726809099
0.00197322200984
0.00199329713359
0.00216564582661
0.00225994479842
0.00203529000282
0.0019100070931
0.0155698391609
0.00193679588847
0.00189531687647
0.00894193490967




layer number :  17
19.9068584761
0.0564435070846

jsonTime
0.00782358692959
0.00926380394958
0.194887578953
0.0137106480543
0.00846246397123
0.0699074710719
0.00611822702922
0.00425827293657
0.00413704803213
1.31878537219
0.00558714591898
0.0678798358422
0.0256632941309
0.34266727115
0.0132988390978
0.00494387396611
0.0049859371502

layerTime
0.00434912415221
0.0043648800347
1.33547304501
0.00241713179275
0.0014591331128
0.508770192973
0.00197467207909
0.00205002306029
0.00187610508874
12.9339421319
0.00230251811445
0.268362100003
0.00748441391625
2.61357758194
0.00374337192625
0.00229870597832
0.00216850591823

checksumTime
0.00391510897316
0.00396140292287
0.00233751209453
0.00212024012581
0.0018415118102
0.00239679194055
0.00169172394089
0.00179165997542
0.00164412683807
0.00216158200055
0.00219295104034
0.0041214900557
0.00429233489558
0.00209239288233
0.00229387008585
0.00187975098379
0.00887889508158




layer number :  17
20.9883155681
0.0560174640268

jsonTime
0.029880765127
0.00896789017133
0.184691590024
0.00587045401335
0.00740642193705
0.0748184509575
0.00855341204442
0.00799637008458
0.0223672180437
1.49909634702
0.00461288308725
0.0887816140894
0.0254052071832
0.333183845971
0.0138123980723
0.00511774909683
0.00470481906086

layerTime
0.00780425686389
0.00443101394922
1.29372906499
0.00196688319556
0.0015277301427
0.923455187818
0.00410901801661
0.00387206091546
0.00605003791861
13.695138114
0.00210128189065
0.187480512774
0.00750546390191
2.38817588403
0.00374261010438
0.00217675999738
0.00199142983183

checksumTime
0.00447701895609
0.00396576500498
0.00217987387441
0.00161706283689
0.00152797508053
0.00398909416981
0.00377707183361
0.00387416803278
0.00369937508367
0.00212147482671
0.00209687813185
0.004072353011
0.00427372893319
0.0153610450216
0.00201757578179
0.00222431705333
0.00861659110524




layer number :  17
20.5313093439
0.0533261199016

jsonTime
0.00797557691112
0.00838089408353
0.183784859022
0.0132746519521
0.00786623102613
0.112635070924
0.0100934579968
0.00820359983481
0.00824111117981
1.57445477112
0.00500279292464
0.0688476569485
0.00929943402298
0.3222437941
0.00483764102682
0.00498413690366
0.0124861230142

layerTime
0.00420832005329
0.00433473708108
1.52689794498
0.00368785392493
0.00182407186367
0.566288125003
0.00451201200485
0.00447499216534
0.0041333839763
13.3421108511
0.00232627894729
0.247931410093
0.00422446103767
2.33097881405
0.0023005171679
0.00215046014637
0.00352792185731

checksumTime
0.00383371696807
0.00365347787738
0.00216976110823
0.00196434510872
0.00188114610501
0.00422806409188
0.00404667900875
0.00378042180091
0.0037927958183
0.00272211199626
0.00205562007613
0.00415675784461
0.00388655695133
0.00216725282371
0.00207379390486
0.00193415302783
0.0093298079446




layer number :  17
21.6322565319
0.0563297728077

jsonTime
0.034487752011
0.00914499210194
0.173597262008
0.00498388218693
0.00784428510815
0.127902324079
0.0256020731758
0.00838807295077
0.00824264390394
1.58092152211
0.0126638130751
0.0680143639911
0.00433799508028
0.294574802974
0.00529307383113
0.00494988099672
0.00508501683362

layerTime
0.0197556340136
0.00436742301099
1.23822337296
0.00245367293246
0.00158657692373
0.489757466828
0.00761752482504
0.00471707107499
0.00456561893225
14.63907873
0.00391920097172
0.206366656115
0.00181321101263
2.51376807597
0.00243444996886
0.00224926695228
0.00223938701674

checksumTime
0.00403171894141
0.00403539300896
0.00215297192335
0.00201750989072
0.00179590005428
0.00406960002147
0.00405829912052
0.00383211299777
0.00423978199251
0.00217361794785
0.00197446695529
0.00201364187524
0.00205962103792
0.00204254104756
0.0019715630915
0.00181501614861
0.00898874201812




layer number :  17
20.4695895799
0.0773192099296

jsonTime
0.00849841698073
0.00892402604222
0.164214190794
0.00544040906243
0.00896240002476
0.128248916008
0.0136494599283
0.00487971305847
0.0045246030204
1.34101709304
0.0128163108602
0.0679361599032
0.00445698387921
0.324303215835
0.00492883706465
0.0047700041905
0.00411429209635

layerTime
0.00434062303975
0.00460139010102
1.26725271018
0.00211729598232
0.00483181513846
0.39794893912
0.00399532588199
0.00224273186177
0.00217626406811
13.529441149
0.00407110410742
0.206392572029
0.00200766907074
2.79208483803
0.00215617404319
0.00208209780976
0.00187142402865

checksumTime
0.00404108897783
0.00386157305911
0.00211137882434
0.0018641629722
0.00173827284016
0.00224247504957
0.00235988805071
0.00207460601814
0.0019364010077
0.00205723708495
0.00205219094642
0.00213826913387
0.00167005206458
0.00220615393482
0.00196141190827
0.00183959305286
0.00853041885421




