layer number :  18
45.1314232321
0.0559233280364

jsonTime
0.00805798009969
2.82008434902
0.059396276949
0.00610359897837
0.0132333959918
0.282908445923
0.00477862684056
0.00441478891298
0.225123034092
0.432269748999
0.00409092800692
1.10025402484
0.00515206088312
0.00472645205446
0.00435098982416
0.0123752630316
0.00529096880928
0.00417230697349

layerTime
0.00433326186612
25.2329647022
0.00303520914167
0.00193403218873
0.00588383199647
3.24719955795
0.00211371411569
0.00183837395161
1.76024504984
0.00212314818054
0.00210444210097
9.75182940322
0.00210077501833
0.00212762202136
0.00209323503077
0.00403970293701
0.00241895020008
0.00213073496707

checksumTime
0.00363684399053
0.00224577984773
0.00187613186426
0.00161095685326
0.00242694816552
0.00258364714682
0.00202342798002
0.00194523506798
0.00214881799184
0.00189407286234
0.00200288300402
0.00232995697297
0.00194304902107
0.00217085098848
0.00181754003279
0.00226694415323
0.00184233486652
0.00964265316725




layer number :  18
44.3010023879
0.0609681219794

jsonTime
0.0305860240478
2.94805969391
0.0596758879256
0.0071320629213
0.0184096300509
0.274483265122
0.00536558195017
0.00495510688052
0.210752132814
0.00452182907611
0.00400214688852
0.861099237809
0.0052806918975
0.0128212049603
0.00479385792278
0.00418460601941
0.00392721686512
0.00423012417741

layerTime
0.00739017594606
25.8874776179
0.00622770516202
0.00240157404914
0.00257893488742
3.09143876983
0.00205829902552
0.0022408280056
1.59251907398
0.00224541593343
0.00196113204584
9.11456446303
0.00223023211583
0.0043327761814
0.00219291006215
0.0021331559401
0.00181723712012
0.00189139787108

checksumTime
0.00413774116896
0.00240492308512
0.00210208096541
0.00194097799249
0.00206245598383
0.00237125717103
0.00193076604046
0.00193066312931
0.0020631509833
0.00204576412216
0.00162180815823
0.00214920705184
0.00217050593346
0.00227536493912
0.00172880804166
0.00196606805548
0.00175693584606
0.00957501702942




layer number :  18
45.1638050429
0.0764674148522

jsonTime
0.0191287540365
3.23739191284
0.041507401038
0.00576521200128
0.00501377484761
0.270460447995
0.00490482896566
0.00432660197839
0.188087974908
0.00540052400902
0.00410746806301
0.921767184976
0.0144177970942
0.00513106002472
0.00431315600872
0.00432392698713
0.00409619300626
0.00417129602283

layerTime
0.00469394493848
25.684291373
0.0193395479582
0.00205101002939
0.00223823613487
3.346968028
0.0025760049466
0.00201952806674
1.81944571715
0.00216264999472
0.00191281293519
9.38493401092
0.00449896394275
0.00237293401733
0.00205509806983
0.00184966507368
0.00198248797096
0.00189810595475

checksumTime
0.00424224510789
0.00236814306118
0.00201805704273
0.00184767507017
0.00185995688662
0.00195958907716
0.0019690610934
0.00188536592759
0.00214991997927
0.00197682995349
0.00180607102811
0.0022250469774
0.0021087070927
0.00183588895015
0.00178877590224
0.00183140696026
0.001634337008
0.00837270892225




layer number :  18
43.1232380772
0.0570744860452

jsonTime
0.00758386100642
2.81304880092
0.0599702880718
0.015144887846
0.00550530711189
0.260711411014
0.00581440096721
0.00471341889352
0.224231058033
0.00467472500168
0.00414047809318
0.850732988911
0.00491083902307
0.0162697830237
0.00423476006836
0.00410048803315
0.00446280813776
0.00442033098079

layerTime
0.00449786498211
24.5630765939
0.00766175799072
0.00545881711878
0.00218020402826
3.30452968599
0.00252192909829
0.00208176393062
1.45444970904
0.00230387202464
0.00197234586813
9.36025922
0.00221639405936
0.00430042785592
0.00204659299925
0.00196128594689
0.00210922793485
0.00215473305434

checksumTime
0.00350988912396
0.00216975202784
0.00207062810659
0.00217162887566
0.00170466280542
0.0023672641255
0.00205884501338
0.00175274605863
0.00210347701795
0.00191600085236
0.00201072706841
0.00219285301864
0.00190242007375
0.00214228709228
0.00178627693094
0.00193270086311
0.00154465995729
0.00861044111662




layer number :  18
45.038161763
0.0558660519309

jsonTime
0.00812391890213
3.10748022515
0.0593815068714
0.00608303304762
0.00519512197934
0.273880976951
0.00473348679952
0.00429538497701
0.207568258047
0.324461265001
0.00463146599941
0.901076897979
0.0054539819248
0.0129147430416
0.00435987790115
0.0135442290921
0.00465429294854
0.00492306402884

layerTime
0.0042030189652
26.1132968608
0.00325561803766
0.00215485598892
0.00209011812694
2.71313623711
0.00228232820518
0.00196153810248
1.80186088895
0.00231920392253
0.00216477504
9.31722225202
0.00216185091995
0.00251775188372
0.00227569998242
0.00400188099593
0.0022319429554
0.00225885002874

checksumTime
0.00398949999362
0.00227074115537
0.00201272498816
0.00168749201111
0.00175018585287
0.00211000605486
0.00207576784305
0.00176600087434
0.00287524820305
0.0018553850241
0.00173700391315
0.00226075109094
0.00175176514313
0.0019702850841
0.00201183697209
0.00233118305914
0.00207457598299
0.00993359694257




layer number :  18
44.7031572768
0.0520477739628

jsonTime
0.00774509902112
3.10692910384
0.0593567260075
0.00593767501414
0.00533407507464
0.285695525119
0.00461092381738
0.00433410191908
0.200098567875
0.00489671900868
0.00438361498527
0.907648881897
0.00522872293368
0.00486582494341
0.00443429895677
0.0133566181175
0.00461431918666
0.00446299999021

layerTime
0.00457844114862
24.9830146921
0.00302719604224
0.00215931702405
0.00187488389201
2.98758891597
0.00217987410724
0.00191863998771
2.07167609502
0.00231787888333
0.00218354607932
9.89302463201
0.00221402687021
0.00222838413902
0.00209226598963
0.00436226185411
0.0022001308389
0.00201134290546

checksumTime
0.00356358103454
0.00210398598574
0.00181477190927
0.00192236201838
0.00155126699246
0.00194268301129
0.00179039197974
0.0018341911491
0.00288533815183
0.00203861203045
0.00194937596098
0.0021992281545
0.00213275104761
0.00182477897033
0.00186584400944
0.00213498296216
0.00172934914008
0.00958692096174




layer number :  18
43.6681959531
0.0576003810856

jsonTime
0.0307863361668
2.88432792202
0.0599681308959
0.00627835001796
0.013619608013
0.291828867979
0.00501020811498
0.00419041491114
0.231503744144
0.00464479601942
0.0045197759755
0.84040102805
0.00528650614433
0.0131756230257
0.00485548912548
0.00451956689358
0.00435194815509
0.0047169609461

layerTime
0.00734147196636
24.2102430591
0.00310590094887
0.00197877711616
0.00526061304845
3.49571897602
0.00212773005478
0.00186210405082
1.70680664992
0.00214812112972
0.00207776110619
9.69596923608
0.00204151705839
0.00408066995442
0.00197447906248
0.00202068011276
0.00199349201284
0.00209751096554

checksumTime
0.00475731492043
0.0020648939535
0.00209195702337
0.00165637396276
0.00230569788255
0.00211584498174
0.00197547394782
0.00180328590795
0.00220187194645
0.00200375681743
0.00183466495946
0.00212593981996
0.00219242181629
0.00216754898429
0.00203069392592
0.00189015991054
0.00205167499371
0.00888196611777




layer number :  18
45.855592635
0.0603382051922

jsonTime
0.03006902989
3.09524057503
0.0597564438358
0.0059650328476
0.0135009440128
0.279777499847
0.00494610401802
0.00434333994053
0.235609636875
0.00483957887627
0.00464524701238
0.920277846046
0.00959209399298
0.00858902814798
0.00789934583008
0.0255001611076
0.00868351897225
0.00833186786622

layerTime
0.00702920509502
25.64952916
0.00301069812849
0.00219336501323
0.00520892208442
3.31066188402
0.00211376999505
0.00192412594333
2.30453377008
0.00208534998819
0.00214685988612
9.68012763001
0.00462114694528
0.00451085506938
0.00424062111415
0.0077308670152
0.0044091870077
0.00449077202938

checksumTime
0.00434136996046
0.00206724903546
0.00191792007536
0.00181938102469
0.00210951198824
0.00226001394913
0.00189802912064
0.00191471516155
0.00277149002068
0.00216286210343
0.00174778699875
0.00434639607556
0.00383700290695
0.0036641350016
0.00387702090666
0.00432628300041
0.0040455260314
0.0162568239029




layer number :  18
44.9141715048
0.0545838268008

jsonTime
0.0301947449334
3.08195312391
0.0597705109976
0.00603228714317
0.0134820879903
0.272662212141
0.00480988202617
0.00472121010534
0.234753212892
0.0344105220865
0.00422574905679
0.858229378937
0.00493560289033
0.00496334489435
0.00424651289359
0.012424563989
0.00428168196231
0.00485575292259

layerTime
0.00742810708471
25.448449828
0.00319807813503
0.00213572382927
0.00536461104639
3.07472226699
0.00216215802357
0.00216058897786
2.01471121493
0.00236103404313
0.00217641703784
9.59301301907
0.00194896315224
0.00202686106786
0.00202654395252
0.00387658597901
0.0021493290551
0.00191637896933

checksumTime
0.00391177996062
0.00236780801788
0.0020952608902
0.00168800912797
0.00207342789508
0.00227866088971
0.00191682786681
0.00188943208195
0.00263893604279
0.00183441792615
0.00191652798094
0.00211986596696
0.00154756591655
0.00169511814602
0.00160335213877
0.00209416286089
0.00176850706339
0.00948011199944




layer number :  18
45.285223328
0.0558651250321

jsonTime
0.0301024410874
3.19692155812
0.0598329440691
0.00603238190524
0.0132638460491
0.286295182072
0.00561010814272
0.00453129201196
0.229322792962
0.404001442017
0.00809925491922
1.12230216619
0.00566151691601
0.0046363750007
0.00501367799006
0.0141070731916
0.00462502916344
0.00470342999324

layerTime
0.00706748198718
25.1195741079
0.00333339185454
0.0021617480088
0.00506818201393
2.97471385705
0.0023091759067
0.00202456605621
2.25003085495
0.00441389693879
0.00438764388673
9.38260567887
0.00232429197058
0.00227358192205
0.00204625795595
0.00408006994985
0.00205474393442
0.001996970037

checksumTime
0.00419417093508
0.00244569405913
0.00206919107586
0.00196410296485
0.00201992900111
0.00201566983014
0.0021585249342
0.00172879104502
0.00298360013403
0.00391908804886
0.003612970002
0.00229581212625
0.00193555606529
0.00204152916558
0.00189118785784
0.00213378784247
0.00170090002939
0.00889650196768




