layer number :  37
147.404581828
0.0926548189018

jsonTime
2.79257260007
0.0648992399219
0.0100298328325
0.0261139930226
0.00879769399762
6.37546189898
0.0672279121354
0.00902369292453
0.250875758938
0.016989110969
0.0133538809605
0.00443067890592
0.00426870607771
0.00406512711197
0.0048151880037
0.00411285692826
0.013008443173
0.00446628010832
0.00490674911998
0.429660930065
0.00494906189851
0.00438206107356
0.0039348739665
0.0134258070029
0.0045467549935
0.00386900897138
0.00404659495689
2.89414109802
0.00550497486256
0.0897218880709
0.00589842000045
3.77421277203
0.129219473107
0.00589556689374
0.00497518107295
0.00427130004391
0.0164041030221

layerTime
24.997851345
0.0670659311581
0.00473017408513
0.010826122947
0.00440962705761
49.8267483171
0.440089971991
0.00456740497611
1.88248082111
0.0140558900312
0.00439322507009
0.00210255105048
0.00222903606482
0.00222134799697
0.00209574098699
0.00190953607671
0.00335035496391
0.00218894984573
0.00190672487952
3.54948042287
0.00209796708077
0.00219612312503
0.00197195098735
0.00270196399651
0.00234568701126
0.00208421191201
0.0018628120888
25.9146967188
0.00221590418369
0.178711859975
0.00247567496262
22.7431512689
0.425615278073
0.00226486893371
0.00218095793389
0.00218304386362
0.00383107597008

checksumTime
0.00417716405354
0.00423151697032
0.00426794495434
0.00430362508632
0.00410781591199
0.0211100948509
0.0041770839598
0.00411157007329
0.00347075099126
0.0020168160554
0.00183352199383
0.00188114284538
0.00170081295073
0.0016724858433
0.00169155118056
0.00155287981033
0.00207066792063
0.00177124002948
0.00173545605503
0.00212395214476
0.00157556682825
0.00195484189317
0.00179348094389
0.00195178901777
0.00164142018184
0.0016883299686
0.00157056609169
0.00201253313571
0.00189960980788
0.002155484166
0.00189080089331
0.00226070801727
0.00225855899043
0.00215405598283
0.0018421150744
0.00185570702888
0.0098624730017




layer number :  37
142.161057945
0.0883449979592

jsonTime
3.06067553279
0.0494250890333
0.00637617008761
0.00464464398101
0.00503379898146
5.70101517392
0.0673166129272
0.00426141289063
0.219112032792
0.0169165809639
0.00477622798644
0.0126373860985
0.00540925795212
0.0041054431349
0.00510534900241
0.00428762100637
0.00398610089906
0.0127371121198
0.00452056201175
0.426542805973
0.00466777291149
0.0042073300574
0.00451401784085
0.00436606490985
0.0124347370584
0.0045576300472
0.00425781402737
2.53720646421
0.00475564808585
0.0799017017707
0.006138603203
3.56905364804
0.133150233189
0.00828188494779
0.023894314887
0.00803878717124
0.00843221182004

layerTime
23.3073068261
0.0249471289571
0.00226509687491
0.00192200299352
0.00235681305639
49.8794713649
0.186564285075
0.0020488279406
1.65420993208
0.0142159489915
0.00201991014183
0.00424371100962
0.00215778406709
0.00200101896189
0.00190004496835
0.00209818617441
0.00184289715253
0.00342672294937
0.00219079293311
3.5955238319
0.00231383391656
0.00196824385785
0.00188058614731
0.001825442072
0.00353660900146
0.00186838489026
0.00187522289343
24.4372871839
0.00204563792795
0.193412893219
0.0020062669646
22.0854863119
0.469959220849
0.00418567494489
0.00807955907658
0.00415355688892
0.00373178417794

checksumTime
0.00212673889473
0.00219375407323
0.00193462404422
0.00206343713216
0.00214998796582
0.0215843191836
0.00205542799085
0.00196396419778
0.00466249510646
0.00225739087909
0.00196821591817
0.00197951402515
0.00189344678074
0.0017749411054
0.00189477181993
0.00193820195273
0.00173449586146
0.00172611605376
0.00164307607338
0.00281728710979
0.00181854213588
0.00204977812245
0.00175618194044
0.00162341003306
0.00215229298919
0.00188127998263
0.00156296999194
0.00218258495443
0.00202923710458
0.00221739779226
0.00184626295231
0.00188703392632
0.00416092411615
0.00364405009896
0.00399823090993
0.00351386307739
0.0152618479915




layer number :  37
144.248669892
0.146336594131

jsonTime
3.2602886979
0.0596983630676
0.00532357697375
0.00425556511618
0.0126976429019
6.55442819302
0.0673338070046
0.00832481705584
0.264791836962
0.0176393107977
0.00445074192248
0.00422563194297
0.00391014083289
0.0127187180333
0.00543061294593
0.00391651596874
0.00471349107102
0.00391019298695
0.00401811092161
0.484563464066
0.00560984807089
0.00455014593899
0.00428956514224
0.00418872898445
0.00413321400993
0.00487504084595
0.0129386510234
2.62260517688
0.00475194398314
0.0799291988369
0.00608687591739
3.63661530381
0.119880495127
0.0231255581602
0.00790216308087
0.00792774790898
0.0072948068846

layerTime
23.736657561
0.00298950588331
0.00196551997215
0.00194849492982
0.00511529110372
50.0146625841
0.318820975954
0.00430512893945
1.69002835406
0.0139342600014
0.00228156498633
0.00209434190765
0.00187287502922
0.00362587207928
0.00218245014548
0.00193161191419
0.0021733129397
0.00204614107497
0.00202952604741
3.41264436487
0.00206244015135
0.00215885788202
0.00205923384055
0.00194188696332
0.00192154990509
0.00186564098112
0.00331861106679
24.57335161
0.0021450559143
0.189518939005
0.0022934852168
21.862421717
0.761960576987
0.00872609484941
0.00378848891705
0.00369658716954
0.00389248202555

checksumTime
0.00218270695768
0.00184611207806
0.00178592302836
0.00174929597415
0.00208683102392
0.0120797578711
0.00410941010341
0.00400996091776
0.00527323712595
0.00193714909256
0.00186559115537
0.00172730418853
0.00163730699569
0.00216233590618
0.00181203405373
0.00157751096413
0.00186612899415
0.00169023801573
0.0015357399825
0.00235166796483
0.00192628498189
0.00180624402128
0.00174261908978
0.00158482603729
0.00153703917749
0.00155383604579
0.00185194099322
0.0024904711172
0.00206822017208
0.00219906703569
0.00187338399701
0.00221416703425
0.00369813782163
0.0038500870578
0.00327818305232
0.00332012400031
0.014612887986




layer number :  37
142.279044325
0.121802736074

jsonTime
3.13665510411
0.0608108229935
0.00597806810401
0.00443221395835
0.0131147010252
5.70450656
0.0675636939704
0.00482753012329
0.209197397809
0.0169839248993
0.00524477893487
0.00419675000012
0.0127737189177
0.00427778204903
0.00552944699302
0.00386684783734
0.00380341289565
0.00413686712272
0.0127311300021
0.421808097977
0.0128519509453
0.00472781108692
0.00503798411228
0.00422503286973
0.0123861990869
0.00472267111763
0.00421231403016
2.56260562688
0.00560007896274
0.0774617509451
0.00608396600001
3.64401399298
0.126530288951
0.00719696213491
0.0210110100452
0.0072897169739
0.0067502700258

layerTime
22.9916989829
0.00261394889094
0.00240643206052
0.00197086809203
0.00574479298666
49.82729761
0.207882683026
0.00229877699167
1.68525408697
0.0146564710885
0.00188142899424
0.00210042996332
0.00404530204833
0.00219326582737
0.00203712517396
0.00182936806232
0.00197934592143
0.0019758658018
0.00318706803955
3.72478503897
0.00440334901214
0.00206286506727
0.00196584686637
0.00207198597491
0.00321375392377
0.00221363105811
0.00189853203483
24.4358911891
0.00219807494432
0.18893322302
0.00210026395507
21.8403095549
0.83414382604
0.00363445701078
0.00686850491911
0.00370978796855
0.00371160800569

checksumTime
0.00227379612625
0.00197438895702
0.00176724093035
0.00186976185068
0.00238637113944
0.0196342999116
0.00221539894119
0.00207151309587
0.00538854510523
0.00215246202424
0.00203717313707
0.00213530496694
0.00197911309078
0.00195245398208
0.00185728701763
0.00191469606943
0.00178879708983
0.0018243920058
0.00186218507588
0.00223187101074
0.00225660996512
0.00200259592384
0.00157044711523
0.00192815205082
0.00194318592548
0.00191114493646
0.00163577799685
0.00239296699874
0.00184276001528
0.00226917606778
0.00166492699645
0.00212246901356
0.00355546502396
0.00332561484538
0.00352440611459
0.00309654604644
0.0149229229428




layer number :  37
144.267743591
0.0916782710701

jsonTime
3.02077589696
0.0441520579625
0.00530210905708
0.00415419391356
0.0136942327954
5.89666424994
0.099144398002
0.0256025360432
0.240193198901
0.0171300030779
0.00464673899114
0.00489217694849
0.00430557015352
0.00408264412545
0.0141308859456
0.00430694711395
0.00417311210185
0.00405841204338
0.00525136501528
0.418311022921
0.00466093583964
0.0158172619995
0.0043094069697
0.00470071006566
0.00462161190808
0.00394723797217
0.00405494798906
2.63600273593
0.00516582001001
0.0790013170335
0.0293002398685
3.83623254811
0.126237056218
0.00534450798295
0.00453768414445
0.00431696209125
0.012640823843

layerTime
23.3569714699
0.0205026669428
0.00208750297315
0.00196972303092
0.00520934606902
49.6544203761
0.450282332022
0.00422034296207
1.83865054906
0.0224166729022
0.00218619918451
0.00204324885271
0.00222242204472
0.00182294496335
0.00299700698815
0.00182823208161
0.00211470690556
0.00199919310398
0.00199992698617
3.83283461793
0.00241694110446
0.00454087695107
0.00214294996113
0.00205017393455
0.0020202351734
0.00204211706296
0.00206082104705
24.666698985
0.00198381580412
0.359389246907
0.00771458004601
22.4781806839
0.695660354802
0.0021322069224
0.00206060102209
0.00198498996906
0.00374252907932

checksumTime
0.00225254008546
0.00199146801606
0.00174095714465
0.00223397207446
0.00219538807869
0.00233096187003
0.0173672910314
0.00371192605235
0.00204411800951
0.00416543590836
0.00174416601658
0.00191872101277
0.00200742087327
0.00148678803816
0.0016449468676
0.00203844881617
0.00158972200006
0.00174046400934
0.00187231996097
0.00231880717911
0.00189698906615
0.00206497404724
0.001709691016
0.00186055898666
0.00177793693729
0.0018481828738
0.00169337913394
0.0118051220197
0.00205543311313
0.0042433780618
0.00412076897919
0.00191773893312
0.00297160819173
0.00195749290287
0.00161975086667
0.00165986106731
0.00945660099387




layer number :  37
143.18674731
0.0897572170943

jsonTime
3.09651383106
0.0596786439419
0.00534914294258
0.0132653617766
0.00671279686503
6.28715615394
0.0679411911406
0.00825297599658
0.266639209818
0.0177658970933
0.0129436131101
0.00437079789117
0.00398571416736
0.00408072210848
0.004526542034
0.0043700360693
0.0126155430917
0.00435924809426
0.00414383783937
0.441452432191
0.00470411707647
0.00406520720571
0.00404458492994
0.0123736120295
0.00496928207576
0.0039548589848
0.00398558494635
2.59052911494
0.00512896897271
0.0890595589299
0.00604127207771
3.64301564614
0.118530265056
0.0215667558368
0.00783164589666
0.0070579610765
0.00765727297403

layerTime
23.575050781
0.0042976429686
0.00210794899613
0.00514027499594
0.00438886019401
49.9942595211
0.258058466949
0.00458821002394
1.49017448118
0.0141982799396
0.004418610828
0.00228608609177
0.00200669583865
0.00190622289665
0.00209664204158
0.00203560199589
0.00336614786647
0.00194884208031
0.00206301314756
3.56765565486
0.00202608993277
0.00216761580668
0.00180585193448
0.00343464897014
0.0021489309147
0.00209351698868
0.00205308198929
24.2150445441
0.00204811990261
0.178600750165
0.00205089896917
21.9422388498
0.791752019897
0.00876093702391
0.00346465501934
0.00345436506905
0.00359293702058

checksumTime
0.00220141001046
0.00185033213347
0.00192612712272
0.00218238914385
0.00438072788529
0.011794044869
0.00385273993015
0.00396109512076
0.00368314282969
0.0020589560736
0.00187808414921
0.00194529280998
0.00187588809058
0.00175313302316
0.00186706380919
0.00177923101
0.00208795396611
0.00185071001761
0.00204110983759
0.00224624900147
0.00201469892636
0.0018838911783
0.00175273697823
0.00181271601468
0.00167869916186
0.00187302799895
0.00160926696844
0.00212682806887
0.00191999506205
0.00213918182999
0.00191895896569
0.020612429129
0.00359490909614
0.00347150512971
0.00318040698767
0.00290855299681
0.0142852258869




layer number :  37
144.85896808
0.0932026549708

jsonTime
2.79415551806
0.0600257639308
0.00636557908729
0.00418167305179
0.0134936680552
5.85650090198
0.105969775002
0.00870683300309
0.250747961923
0.0209188470617
0.00494748703204
0.00431363889948
0.0044804259669
0.0039881488774
0.01694386499
0.00448413495906
0.00406199297868
0.00391692086123
0.00436637084931
0.45075246715
0.00485641998239
0.0127453191672
0.00551010295749
0.00428063096479
0.00403191684745
0.00391668104567
0.00415392196737
2.90467859898
0.00494855409488
0.0791679089889
0.0289234269876
3.86637983401
0.119189338991
0.00463398802094
0.00409007817507
0.0132421359885
0.00503083900549

layerTime
23.3070150621
0.00266994396225
0.00243132212199
0.00210132799111
0.00593847385608
50.576317823
0.460305359215
0.004359126091
2.08664474497
0.0288146049716
0.00225294008851
0.00207616901025
0.00200933706947
0.00181979616173
0.00369752501138
0.00190773303621
0.00182285904884
0.00237436196767
0.00208213413134
3.84385047201
0.00188374402933
0.00413461099379
0.00228450610302
0.00201823213138
0.00198564608581
0.001834055176
0.00195475504734
24.4518337501
0.00220978003927
0.238120461814
0.00776442396455
22.1982177
0.69131803792
0.00227796984836
0.00204465398565
0.00386319705285
0.00237241387367

checksumTime
0.00218945601955
0.00198407797143
0.00212222686969
0.00188127998263
0.00212281011045
0.0173369238619
0.0131450397894
0.00420183106326
0.00204174197279
0.00417825393379
0.00205771508627
0.00194136798382
0.00168557302095
0.00160716497339
0.00199617887847
0.00184736098163
0.00163242011331
0.00213099014945
0.00188714289106
0.00219305302016
0.0019913117867
0.00204012892209
0.00181987392716
0.00169530604035
0.00169557286426
0.00170109886676
0.00211547501385
0.0023940987885
0.00184122705832
0.00432815612294
0.00435978011228
0.00229006097652
0.00247182603925
0.00185925303958
0.00156065286137
0.00172129203565
0.00790738407522




layer number :  37
143.734501987
0.0935766040348

jsonTime
2.89953695983
0.0595651541371
0.00517272693105
0.0045606889762
0.00425937306136
5.88623959711
0.0672395171132
0.00430416711606
0.180627831025
0.0172162791714
0.00466173212044
0.00404418911785
0.00418171007186
0.0127914189361
0.00527011603117
0.00456838496029
0.00406201998703
0.00422941101715
0.00458183512092
0.455992086092
0.00453116907738
0.0126992459409
0.00497951987199
0.00433789519593
0.0048706100788
0.0129899808671
0.00491254101507
2.58444505511
0.0053493399173
0.0781713949982
0.00609401683323
3.69834974594
0.129440827994
0.00474126008339
0.012456116965
0.00475302385166
0.0040717269294

layerTime
23.1292596292
0.00263831205666
0.00200817314908
0.00207996787503
0.00200493400916
50.499741134
0.196498702979
0.0019176339265
1.71788977413
0.0140750668943
0.00201431289315
0.00194540992379
0.00208724010736
0.0040350810159
0.00221482105553
0.0018795770593
0.0018859540578
0.00221261684783
0.00187713094056
3.71539909183
0.00227137911133
0.00417196005583
0.00234310305677
0.00214236788452
0.00211506406777
0.00311385304667
0.00210790103301
24.6309537739
0.00224662711844
0.206377995899
0.00244136108086
22.4696972491
0.690708809998
0.0019914440345
0.00411679386161
0.00205472600646
0.00189266889356

checksumTime
0.00225574080832
0.00187838892452
0.00165056297556
0.00174006004818
0.00178585294634
0.0129276989028
0.00205899588764
0.0015683749225
0.00638866680674
0.00212552095763
0.00199185102247
0.00158039689995
0.00161634292454
0.00204612896778
0.00163751305081
0.00183694483712
0.00162645312957
0.00187590997666
0.00168735603802
0.00215782294981
0.00229155388661
0.00211647711694
0.00189293688163
0.00204439694062
0.00208147196099
0.00195220997557
0.00181626901031
0.00232208310626
0.0018963329494
0.00227904715575
0.00200244202279
0.00214995886199
0.00219876295887
0.00169893610291
0.00211169710383
0.00194251118228
0.00921822199598




layer number :  37
145.868789059
0.0915092350915

jsonTime
2.8497094342
0.0596999779809
0.00532244401984
0.00471982290037
0.0129046889488
6.28361057607
0.0757959759794
0.00998879899271
0.248559947824
0.120224436047
0.0128015710507
0.00477272085845
0.00431850296445
0.00421465421095
0.00501068099402
0.00418299296871
0.012810143875
0.00432430510409
0.00404256209731
0.435037862044
0.00489136902615
0.00454971799627
0.00491156312637
0.0126216760837
0.00545372883789
0.00427434081212
0.00420696497895
2.57458752906
0.00584763707593
0.0923175599892
0.00591419101693
3.49057930009
0.0668544638902
0.0184120559134
0.00528282206506
0.00449584890157
0.00479100993834

layerTime
23.6838479368
0.0031219299417
0.00221208296716
0.00196639704518
0.00504468102008
51.5486442219
0.197062927997
0.00507448194548
1.80759304715
0.014263167046
0.00405266089365
0.0022520700004
0.00199109292589
0.00190257886425
0.00195267493837
0.00190598401241
0.00315283495001
0.00184435700066
0.00219947192818
3.69768766384
0.00243090605363
0.00204195803963
0.0019724718295
0.00370021699928
0.00201302813366
0.00216920510866
0.00185250909999
24.9435910298
0.00227460707538
0.18840516801
0.00196014717221
22.5279744358
0.498706902144
0.00582912703976
0.00265921885148
0.00238851713948
0.00212970096618

checksumTime
0.00227565015666
0.0020016930066
0.00188032304868
0.00158093613572
0.00202641193755
0.0217973671388
0.0221813099924
0.00419515813701
0.00215401384048
0.00210598204285
0.00228459807113
0.00183965614997
0.0017054239288
0.0016921791248
0.00171145796776
0.00167706911452
0.00203194608912
0.00159579282627
0.00154816405848
0.00224369298667
0.00180631107651
0.00180858490057
0.0019924310036
0.00213861605152
0.00180860306136
0.00181009899825
0.00169185991399
0.00227210298181
0.00209307391196
0.00218428694643
0.00181807787158
0.00326394615695
0.00259986100718
0.00219772197306
0.00213980604894
0.00187490903772
0.00959301413968




layer number :  37
143.467524891
0.0902345299255

jsonTime
2.80972786481
0.0598622339312
0.0140157078858
0.00450535607524
0.00515650119632
5.96719627106
0.0761227551848
0.0100467340089
0.254139161902
0.0171811380424
0.00436449190602
0.00389357609674
0.0040897259023
0.00384315708652
0.0132843500469
0.00422780495137
0.00400080299005
0.00435608904809
0.00378528307192
0.435018843971
0.00505561497994
0.0125452300999
0.00443068309687
0.00384477316402
0.00430432707071
0.00414830911905
0.00418864702806
2.64506160188
0.00473563885316
0.089907102054
0.0142175860237
3.25893175602
0.131674034987
0.00511769205332
0.00410863896832
0.00439283298329
0.0123792849481

layerTime
23.0823313131
0.0028317279648
0.00484160799533
0.00223713298328
0.00188669282943
50.022411803
0.274978927802
0.00545029016212
1.79893038701
0.0223734630272
0.00212450604886
0.00209847604856
0.00194456521422
0.00213615200482
0.0036637999583
0.00209577800706
0.00216012401506
0.00199263100512
0.00190434488468
3.71234636405
0.00222367211245
0.00367446104065
0.00212375610135
0.00216257688589
0.00178277702071
0.00177097297274
0.00180023582652
24.8492385461
0.00228857318871
0.176269716118
0.00415874389
22.663101326
0.683481299086
0.00228799600154
0.00203155702911
0.00211773207411
0.00384163297713

checksumTime
0.00213981210254
0.00180855207145
0.00197675800882
0.00179895991459
0.00177820608951
0.0215219068341
0.0146608490031
0.00415198993869
0.00218939897604
0.00392821407877
0.00168387289159
0.00163287692703
0.00166632281616
0.00175973400474
0.00167446304113
0.00169474794529
0.00172638101503
0.0015912479721
0.00178651697934
0.0021723669488
0.00196035695262
0.0017647407949
0.00183872785419
0.00172048900276
0.00171272782609
0.00148413702846
0.00149394315667
0.001996970037
0.00211206381209
0.00211137998849
0.00188480806537
0.00220247893594
0.00264189997688
0.00174104701728
0.00193476281129
0.00172922108322
0.00895383302122




