layer number :  6
29.5440066629
0.0322336838581

jsonTime
0.00812812591903
3.31772508891
0.0597085701302
0.00537214614451
0.00419508386403
0.193597114878

layerTime
0.00441718217917
23.7985309639
0.00264738290571
0.00207543186843
0.00188910309225
2.08910047798

checksumTime
0.00410793395713
0.00216431706212
0.00216581090353
0.00170958111994
0.0018386261072
0.0104857010301




layer number :  6
28.8379402182
0.034353536088

jsonTime
0.00773153710179
3.1695245381
0.0595168911386
0.0055609671399
0.0131191730034
0.190295438981

layerTime
0.00449742400087
23.420148781
0.00375904305838
0.00232851086184
0.00502995983697
1.88703887118

checksumTime
0.00354468589649
0.00255394284613
0.00196268688887
0.00201084208675
0.00198465003632
0.0212135149632




layer number :  6
28.8222492381
0.0347745160107

jsonTime
0.00785039714538
3.09262336208
0.0599341830239
0.00561179104261
0.0127976639196
0.185162306065

layerTime
0.00468559400178
23.0590593738
0.00498733716086
0.00212792912498
0.00506592309102
2.32326608198

checksumTime
0.00374450394884
0.0022585419938
0.00213145185262
0.00170768192038
0.00221188389696
0.0104196860921




layer number :  6
29.948000479
0.0338791010436

jsonTime
0.0308794649318
2.77933591488
0.0594526720233
0.0053228540346
0.0124501059763
0.190271551022

layerTime
0.00753661501221
24.189345971
0.00292438594624
0.00203936686739
0.00488135404885
2.60567951505

checksumTime
0.00423765205778
0.00212511001155
0.00209340709262
0.00178866810165
0.00202804291621
0.00989360292442




layer number :  6
29.4466402931
0.0378476930782

jsonTime
0.00795811112039
3.07701041619
0.0595311620273
0.00518154585734
0.00402975291945
0.194705764065

layerTime
0.00420526484959
23.9061844409
0.00476606190205
0.00188033515587
0.0019734329544
2.11908600689

checksumTime
0.0036631419789
0.00228022993542
0.00173259316944
0.00159556302242
0.0016281940043
0.00953203416429




layer number :  6
29.9457493292
0.0359384291805

jsonTime
0.0308042620309
3.21954915393
0.0413683769293
0.00539026106708
0.012608764926
0.184620751999

layerTime
0.00920210382901
24.20656593
0.0194930229336
0.00207424000837
0.00506318011321
2.14954352495

checksumTime
0.00442373007536
0.00216905213892
0.00188447604887
0.00193733791821
0.00201777601615
0.00936580006965




layer number :  6
29.86181821
0.0331561360508

jsonTime
0.00809079105966
3.13262349507
0.0596585569438
0.00506034982391
0.00441093510017
0.196263496997

layerTime
0.00422715395689
24.268844472
0.00274342810735
0.00226546311751
0.00190596398897
2.11893461808

checksumTime
0.00388811295852
0.00209302990697
0.00198211404495
0.00200462993234
0.00157085899264
0.0102570208255




layer number :  6
29.5845550299
0.0320549819153

jsonTime
0.00818770099431
3.05995509983
0.0597003679723
0.00553122186102
0.00423537800089
0.196691632038

layerTime
0.00455550407059
24.091678414
0.00268106302246
0.00205286801793
0.0020843448583
2.08935714699

checksumTime
0.00370448897593
0.00217553507537
0.00207836204208
0.00186945614405
0.00180701911449
0.0118055788334




layer number :  6
30.176842205
0.0346472410019

jsonTime
0.0398985599168
2.81301591406
0.0687259181868
0.00580206210725
0.00439245905727
0.196467078058

layerTime
0.0224674481433
24.801207314
0.00837190682068
0.00230314489454
0.00202669599093
2.14467796287

checksumTime
0.00408531283028
0.00218609091826
0.00210790405981
0.00172338308766
0.00172794796526
0.0191351319663




layer number :  6
29.017490488
0.0345562479924

jsonTime
0.00798528292216
3.10242973501
0.0592756089754
0.00506914011203
0.00446429289877
0.210958356038

layerTime
0.00428859610111
23.730948827
0.00459421100095
0.00227805995382
0.00193925201893
1.82626857399

checksumTime
0.00359063991345
0.00205860496499
0.00182454893366
0.001888750121
0.00175890396349
0.009497116087




