layer number :  27
165.767725688
0.066911252914

jsonTime
0.00924605410546
3.16937821195
0.0643535538111
0.0126791279763
0.00949892611243
0.258644336136
0.00477797584608
3.02926948597
0.0278190269601
0.00968422694132
0.0299407069106
0.0082741889637
0.00874977814965
0.00863669300452
3.85504106898
0.0129522900097
0.00445428211242
0.00417129020207
0.00433448399417
0.00853457814083
1.65940593905
0.00486965919845
1.70835610316
0.00549415010028
0.00507872109301
0.00463426392525
0.00409098202363

layerTime
0.00437325495295
32.7523297069
0.0671734071802
0.00440280884504
0.00419232691638
1.22752022301
0.0017698451411
40.5857740371
0.0106849020813
0.00441903900355
0.0138779361732
0.00413315906189
0.00446703401394
0.00419301982038
41.630133498
0.00433475803584
0.00207185093313
0.00185934896581
0.00380634493195
0.00438468903303
15.1104743381
0.00223358580843
20.2206014739
0.00199837889522
0.00207377690822
0.00212921807542
0.0020147440955

checksumTime
0.00381945515983
0.00431919912808
0.00407706201077
0.00383448903449
0.00367210689001
0.00219377502799
0.00181005499326
0.00420342688449
0.00427451403812
0.00382636603899
0.00399787398055
0.00433156779036
0.00397921004333
0.00374911399558
0.00205113715492
0.00211219582707
0.0019529259298
0.00190207292326
0.00362551002763
0.00391622981988
0.00224820384756
0.00338414101861
0.00223894999363
0.0017533400096
0.0019093870651
0.00169622781686
0.0083201979287




layer number :  27
155.319452626
0.0899242230225

jsonTime
0.00850745895877
3.07978625805
0.0824587878305
0.0120686299633
0.010357983876
0.269431577995
0.00504252500832
3.11172611709
0.00901025417261
0.00794016802683
0.0259218330029
0.00800904608332
0.0229111020453
0.0073973860126
3.71033734293
0.00592185813002
0.00454252609052
0.00421891198494
0.00488331797533
0.00441776402295
1.61079993495
0.0050534370821
1.74223115598
0.00996372499503
0.00686768209562
0.00763728492893
0.00665260199457

layerTime
0.00438349507749
32.0377489559
0.066994208144
0.00469073001295
0.00431591505185
0.929651295999
0.00220597302541
38.5544173319
0.00387866399251
0.00373959890567
0.0163984810933
0.00361637305468
0.00885719084181
0.00369343697093
38.4962013171
0.00230145198293
0.0020957980305
0.0018836450763
0.00184625689872
0.0019059390761
13.359232543
0.00213683093898
17.8112453599
0.00380316609517
0.00367633299902
0.00361843593419
0.00344840902835

checksumTime
0.00379234389402
0.00438562221825
0.00874732201919
0.0041500129737
0.0036249300465
0.00197093002498
0.00186757789925
0.0132101778872
0.00366566795856
0.00336153898388
0.00356098986231
0.00346948602237
0.00332522299141
0.00314419018105
0.00219678482972
0.00208259490319
0.00189627893269
0.00166963599622
0.0017292140983
0.00180672993883
0.0022623129189
0.0020673580002
0.00455954112113
0.00318148289807
0.00329114496708
0.00291368900798
0.0138491501566




layer number :  27
146.386626127
0.0736524430104

jsonTime
0.00826746085659
2.99170089699
0.0682373251766
0.00625426415354
0.00504591083154
0.640467290068
0.00509599992074
3.09449725994
0.00519325700589
0.00456880405545
0.0138617749326
0.00491608912125
0.0127663630992
0.00494295102544
3.33104315912
0.00462437910028
0.00498732714914
0.00437381211668
0.0063585950993
0.0128743669484
1.47078163619
0.013976246817
1.7382436241
0.00514645990916
0.00490710698068
0.00455050100572
0.00429596379399

layerTime
0.00419234414585
32.1343265879
0.0064410190098
0.0022590958979
0.00197648303583
1.27313301479
0.00233577308245
35.305109892
0.00234911288135
0.00193262286484
0.0151509200223
0.00225015194155
0.00489782798104
0.00198061694391
35.1984382598
0.00211341190152
0.00198445096612
0.00201988196932
0.00195211102255
0.00316309905611
12.383381601
0.00415382906795
16.410220715
0.0023094790522
0.00195969920605
0.00220244494267
0.00191398407333

checksumTime
0.00391880306415
0.00202908692881
0.00226778979413
0.00185778411105
0.00170401809737
0.00229580816813
0.00189226400107
0.00226271804422
0.00193652906455
0.0019165200647
0.00193305592984
0.00186688592657
0.00208871904761
0.00215051299892
0.0043984760996
0.00213075289503
0.00188899692148
0.00199077790603
0.00184874702245
0.00230695982464
0.00195897207595
0.0019626589492
0.00203188695014
0.00201663398184
0.00193697889335
0.00201566214673
0.00859750295058




layer number :  27
137.287329067
0.0912301330827

jsonTime
0.00850705197081
3.2288870872
0.0602133399807
0.00694711110555
0.00536603713408
0.185842378065
0.0137565338518
2.93505189801
0.0061492419336
0.00471109687351
0.0140175640117
0.00434082793072
0.00503837806173
0.00479330890812
3.55626077997
0.0136016490869
0.00534031912684
0.00494549609721
0.00809531286359
0.00842591701075
1.67687844695
0.00998088414781
1.87235957012
0.0149770108983
0.00507619697601
0.00530314189382
0.00439188303426

layerTime
0.00413056602702
27.1336359698
0.00451508187689
0.00222095497884
0.002531317994
0.60378562496
0.00393469398841
32.7616374658
0.00211084797047
0.00216522603296
0.0153334350325
0.00199490017258
0.0019411300309
0.00206124107353
34.1479014158
0.00426190905273
0.00202305498533
0.00422142981552
0.00411310605705
0.00412269309163
12.629949
0.00462649483234
16.095151755
0.00442780205049
0.002081861021
0.00215305108577
0.00224037398584

checksumTime
0.00408837385476
0.00235355715267
0.00196027895436
0.00203915289603
0.00188562087715
0.00213893619366
0.00204595713876
0.00322691514157
0.00184111110866
0.00191232701764
0.00193925295025
0.00172111787833
0.00183306098916
0.00175592210144
0.00212679104879
0.00223260885105
0.00193463196047
0.00394031009637
0.0042249369435
0.00356406811625
0.00425636791624
0.00384900602512
0.00232537393458
0.00239960104227
0.00188616500236
0.00169922807254
0.0106188098434




layer number :  27
130.304679477
0.0716367000714

jsonTime
0.0355590379331
2.790271417
0.0608626711182
0.00756529578939
0.0158822129015
0.18056418607
0.00481611117721
2.79954831908
0.460145181976
0.0131394020282
0.0143492650241
0.00487402221188
0.00417590490542
0.00418713013642
3.67520164419
0.697318188846
0.0260158081073
0.00826700497419
0.00832997984253
0.00853170105256
1.66551664891
0.0052942361217
1.66009065486
0.006341899978
0.014602946816
0.00638589705341
0.00455176085234

layerTime
0.0196226590779
25.363609445
0.0154906429816
0.00239738519304
0.00591035094112
0.924171926919
0.00224809488282
31.647565756
0.00210459693335
0.0050854140427
0.0154012788553
0.0021341489628
0.00214513693936
0.00201377389021
31.7085841319
0.00454139104113
0.00847259094007
0.00453318795189
0.00421628402546
0.0044155868236
11.4373877381
0.00240856199525
14.776612981
0.00232516392134
0.00447718403302
0.00247068190947
0.00220987712964

checksumTime
0.00416245008819
0.00235642981716
0.00233532907441
0.00210564397275
0.00236743711866
0.00235824892297
0.00179693195969
0.00206931005232
0.00189114292152
0.00196047103964
0.00202164100483
0.00166947301477
0.00191110302694
0.00190088991076
0.00210433010943
0.00370579701848
0.00415483303368
0.00421090610325
0.00359624903649
0.00379714812152
0.00214363192208
0.00184008199722
0.0024553751573
0.00212426506914
0.00251959613524
0.00220519606955
0.0105094979517




layer number :  27
128.533052608
0.0674638319761

jsonTime
0.00796873192303
2.87932673097
0.0703735309653
0.00650628702715
0.00561959878542
0.254294076003
0.0047852890566
3.08459760994
0.00591246294789
0.00523332087323
0.0175802840386
0.00438327621669
0.00445803208277
0.00726327579468
4.08178999205
0.00496911397204
0.0041782760527
0.00414868188091
0.00413379305974
0.00482066906989
2.09126112214
0.00547622097656
1.763079233
0.00545849092305
0.00555912987329
0.00502297608182
0.0044541079551

layerTime
0.00432729814202
24.740750934
0.0193052180111
0.0022189700976
0.00231033214368
1.05247573182
0.00228051003069
30.590352976
0.00247419811785
0.00225117406808
0.0115955949295
0.00226008682512
0.00207533710636
0.00210641301237
31.308100271
0.0023175701499
0.00211167195812
0.00198414502665
0.00217290292494
0.00401641707867
10.9024177468
0.00224784598686
15.3766580841
0.0023568989709
0.00221641501412
0.00220887898467
0.00205792416818

checksumTime
0.00338698993437
0.00242389808409
0.00233302498236
0.00199514301494
0.00202522403561
0.00212144805118
0.00192404794507
0.00232796208002
0.00195032497868
0.00189616996795
0.00188323296607
0.00177717697807
0.0106555980165
0.00204503699206
0.00226871296763
0.00190643593669
0.00165150803514
0.00196009594947
0.00186129403301
0.00361992185935
0.00240073516034
0.00214935885742
0.00241342908703
0.00199610902928
0.00198369007558
0.00179947190918
0.00874559301883




layer number :  27
128.527997885
0.0679100311827

jsonTime
0.00802029902115
2.83758428507
0.0673787810374
0.00636233901605
0.00527080707252
0.187959180912
0.00571118714288
3.2409915321
0.00574388797395
0.00519451894797
0.0144006321207
0.0131635058206
0.00491196592338
0.00463882018812
3.21209592605
1.23505070992
0.00788977695629
0.00789922685362
0.00776860304177
0.0281623059418
1.65952126798
0.0049654559698
1.70779669005
0.00548345898278
0.00575621495955
0.0048594661057
0.00437418511137

layerTime
0.00429466180503
24.524897462
0.00763078592718
0.00217467197217
0.00213307188824
0.635735746007
0.00233037094586
30.1524732818
0.0024126181379
0.00208430807106
0.0151927850675
0.0047562411055
0.0020883991383
0.0021700898651
31.4901451601
0.00477008707821
0.00450933095999
0.00429396494292
0.00417349277996
0.00754282902926
11.6847723809
0.00213353312574
15.516899501
0.00231796898879
0.00202836398967
0.00195957510732
0.00191849190742

checksumTime
0.00369137199596
0.00203675311059
0.00179715687409
0.00190966809168
0.00157857709564
0.00274145998992
0.00183898792602
0.00234949006699
0.00201461394317
0.0018706668634
0.00190617400222
0.00193378096446
0.00197004084475
0.00202984199859
0.00214839493856
0.00406180904247
0.00389597308822
0.00367010617629
0.00354261207394
0.003970567137
0.00190953607671
0.00179311283864
0.00221415096894
0.00207215407863
0.00157004897483
0.00158333382569
0.00943738711067




layer number :  27
129.200921728
0.0740646470804

jsonTime
0.00828563608229
2.82311450713
0.059889413882
0.00617375411093
0.00523662613705
0.190511740046
0.00470163300633
3.06544584385
0.00554463989101
0.00474190711975
0.013740084134
0.00465644011274
0.0129240299575
0.00440472899936
3.447716675
0.0050569428131
0.004608576186
0.0041144748684
0.00534501299262
0.0164155550301
1.47352513485
0.00499472604133
1.65539283003
0.00514614279382
0.00483597209677
0.00506928889081
0.013036797056

layerTime
0.00422706687823
24.6131220839
0.0155569361523
0.00210946192965
0.00206642691046
1.14165668702
0.00223308382556
32.3256131941
0.00211165705696
0.00189554109238
0.0153353998903
0.00198837695643
0.00493864598684
0.0019469440449
31.570044612
0.0020843250677
0.00229446496814
0.00215841806494
0.00212983391248
0.00247027003206
11.3729743091
0.00220485706814
15.1048076511
0.00209968606941
0.0021693399176
0.00219887914136
0.0033638109453

checksumTime
0.00385394203477
0.0024249330163
0.00210998184048
0.00190751696937
0.00192926893942
0.0031892710831
0.0016731931828
0.0021932029631
0.00177035690285
0.00201127282344
0.0018541039899
0.00177745008841
0.00177840096876
0.00170948798768
0.00257752998732
0.00171013292857
0.00191882206127
0.00197246205062
0.00196310295723
0.00208864104934
0.00232420791872
0.00212315586396
0.0023970589973
0.00193378003314
0.00183847802691
0.00193880288862
0.00971459504217




layer number :  27
132.006285976
0.118042094167

jsonTime
0.00863137398846
2.76165342191
0.0597587609664
0.0177283841185
0.00583684584126
0.191081995144
0.0349652420264
3.45073318714
0.00571686797775
0.00488414312713
0.0136967559811
0.00452941493131
0.00463732006028
0.00430403393693
4.16169544193
0.00502088782378
0.00588751398027
0.00471365288831
0.00467400904745
0.00410727504641
1.5277800539
0.0143630851526
1.67355628312
0.0052506851498
0.00477242516354
0.00488989101723
0.00458526192233

layerTime
0.004139324883
26.2693355852
0.00297040515579
0.00254672695883
0.00247948011383
1.07996373903
0.00916334497742
30.7965154399
0.00200101011433
0.0019584489055
0.0155383842066
0.00201432406902
0.00189515994862
0.00199258606881
31.379427341
0.00220622308552
0.00241022300906
0.00241112709045
0.00196577212773
0.00210320600308
12.6893822432
0.00384759996086
15.5351263259
0.00225322996266
0.0021105799824
0.00217759306543
0.00194525206462

checksumTime
0.0039333361201
0.00206559384242
0.00176545791328
0.00198334106244
0.00196531182155
0.00410195882432
0.00419279001653
0.00382896908559
0.0021676288452
0.00193819892593
0.00177118298598
0.00191465183161
0.00177903310396
0.00181202893145
0.00263425614685
0.0104717919603
0.00198927009478
0.00186022091657
0.00168426684104
0.00164257199503
0.00233522383496
0.00219210493378
0.0023242929019
0.00191533192992
0.00185467884876
0.00182014098391
0.00891787209548




layer number :  27
129.071751118
0.067923595896

jsonTime
0.00790082407184
2.8229175969
0.0596641129814
0.00605585495941
0.00495486217551
0.187134077074
0.005532998126
2.72527330182
0.00614497601055
0.00483702681959
0.0147238210775
0.00441486597992
0.00432345503941
0.0132674840279
4.1456999369
0.0131617740262
0.00463019614108
0.00430579297245
0.00480172806419
0.00424911710434
1.49584058789
0.00492565706372
1.77477330202
0.0161177939735
0.00443485705182
0.0048105539754
0.00488092587329

layerTime
0.00426078401506
24.9881848472
0.00298647210002
0.00215364596806
0.00197181082331
0.601699825842
0.00202193902805
30.8064926912
0.00219338899478
0.00219022715464
0.0148600020912
0.00194221618585
0.00189685984515
0.00533001311123
32.4825189791
0.00423647393472
0.00207202485763
0.00236181286164
0.00219946005382
0.00196896796115
11.8769320871
0.00218663900159
14.768870774
0.00237694010139
0.00218796497211
0.00188674684614
0.00178229017183

checksumTime
0.0034220169764
0.00220837886445
0.00219356897287
0.00187140796334
0.00192153314129
0.00213781697676
0.00194548699073
0.00241880002432
0.00168923498131
0.00164288887754
0.00195872085169
0.0015913809184
0.00154244201258
0.00200486299582
0.00225285999477
0.00212337588891
0.00223427615128
0.00207332102582
0.001731115859
0.00190359307453
0.00222085090354
0.00216524489224
0.0021067741327
0.0020391328726
0.00178738008253
0.00177812715992
0.00931532587856




