layer number :  22
89.158280784
0.0664938029367

jsonTime
0.00747823691927
2.86044376995
0.0500639218371
0.00523904082365
0.00447269692086
0.00390971079469
1.58284181892
0.0105214200448
0.0110636129975
0.00891059194691
0.00870814314112
0.0094658061862
0.00982299400494
0.00952279008925
0.00806696410291
0.00793915311806
0.00831690197811
2.47945977305
0.23209086014
0.0163423358463
0.00428795395419
0.00507789594121

layerTime
0.00443464401178
31.055620091
0.0158954181243
0.00214743800461
0.00181673909537
0.001788739115
20.6825805609
0.00480584893376
0.00424923794344
0.00413215300068
0.00417713704519
0.0304316550028
0.00428969180211
0.00420645205304
0.004460247932
0.00421582488343
0.00410580611788
27.9227595401
1.8948050139
0.00457518105395
0.00213470403105
0.00188626418822

checksumTime
0.00372364209034
0.00226337299682
0.00241407006979
0.00201206305064
0.00166459009051
0.00165793206543
0.00443593715318
0.00442030397244
0.00372523907572
0.00364457792602
0.00389837380499
0.0166898160242
0.00403293198906
0.00363173685037
0.00404967204668
0.00366244697943
0.00365479686297
0.00242152484134
0.00204640906304
0.00213202601299
0.00209252000786
0.00819501793012




layer number :  22
85.7368072611
0.0806138461921

jsonTime
0.0313532070722
2.87297294289
0.0595346170012
0.00536455609836
0.0164542631246
0.00440587499179
1.53316076216
0.0137362638488
0.00590648897924
0.00467252801172
0.00449481094256
0.0047078919597
0.0133363911882
0.00462442589924
0.00446235202253
0.00395073299296
0.00393813406117
2.30887955497
0.307304054033
0.0174795931671
0.00466434494592
0.00479683605954

layerTime
0.00782188307494
30.345358293
0.0152289168909
0.00238764099777
0.00575076905079
0.00233054696582
19.030720524
0.00438750907779
0.00233111390844
0.00202185404487
0.00183511222713
0.00190713698976
0.00276681990363
0.00206868699752
0.00185982789844
0.00186084094457
0.00186043605208
26.8525473441
2.07891492196
0.00427995692007
0.00223934813403
0.00234715803526

checksumTime
0.00401324499398
0.00222153705545
0.00185215706006
0.00164421484806
0.0020129608456
0.00191110000014
0.00206670002081
0.00213826308027
0.00194858806208
0.00171057484113
0.00158428191207
0.00174659793265
0.00186501001008
0.00183696509339
0.00194626115263
0.00179671798833
0.00176150980406
0.00208725896664
0.0021146510262
0.00198844098486
0.00188060291111
0.00928258895874




layer number :  22
83.599073915
0.0824055201374

jsonTime
0.0298023561481
3.08900065999
0.0599164240994
0.00522491405718
0.0177172371186
0.00618921616115
1.87467580405
0.0107690519653
0.0287441120017
0.0090302140452
0.00898072612472
0.00905941706151
0.0270308170002
0.0106223348994
0.00874355691485
0.00880586099811
0.00867034588009
2.58546299301
0.307308336021
0.0284767898265
0.00442847399972
0.00434781913646

layerTime
0.00758036784828
29.4777133791
0.00311692990363
0.00217572902329
0.00233198096976
0.00419636094011
18.1745552141
0.00445646117441
0.00882919202559
0.00435208994895
0.00456952000968
0.00422718492337
0.00612879684195
0.00416846992448
0.00452983216383
0.00434404006228
0.00443131104112
25.51324756
2.0466969721
0.00738620618358
0.002226106124
0.00199829204939

checksumTime
0.0042237190064
0.00213814899325
0.00211527594365
0.00181770394556
0.00221337284893
0.0035180489067
0.0043355198577
0.00369339482859
0.00422889413312
0.00421760091558
0.00370914093219
0.00400976208039
0.00408293912187
0.00370075809769
0.00378863187507
0.00397187401541
0.00386098702438
0.00444421498105
0.0020984900184
0.00201779580675
0.00183193688281
0.00828677788377




layer number :  22
92.470442432
0.0678991759196

jsonTime
0.0302171150688
3.04521576501
0.0593687871005
0.00530726904981
0.012835578993
0.00475673703477
1.96995154908
0.00550569104962
0.0134358771611
0.00463911495171
0.00428818818182
0.00429930700921
0.0137065788731
0.00458451989107
0.00395667692646
0.00403337995522
0.00388056389056
2.270592127
0.310544566019
0.0169091820717
0.00558643392287
0.00445253378712

layerTime
0.00758906104602
33.185499405
0.00300512299873
0.00217067310587
0.00514510506764
0.00221641291864
21.0353654199
0.00205366802402
0.00409560580738
0.00213943212293
0.00181715097278
0.00197759782895
0.00288731604815
0.00212838011794
0.00180059298873
0.00196666806005
0.00196094019338
28.1598236752
2.11147584207
0.009398677852
0.00236959103495
0.00209809816442

checksumTime
0.00436403392814
0.00228201388381
0.00196160189807
0.00195124186575
0.0022142350208
0.00185370701365
0.00209450302646
0.00180914485827
0.00206539407372
0.00179461482912
0.00176907004789
0.00157745508477
0.0016986920964
0.0016799820587
0.00161337805912
0.0016719289124
0.00168265984394
0.00430332287215
0.00208697491325
0.00199379120022
0.00191042805091
0.00939373788424




layer number :  22
88.8759187651
0.0904424542096

jsonTime
0.00775338709354
2.87276324793
0.0598845181521
0.00518167810515
0.00417366297916
0.0043623780366
1.89145954815
0.00557542708702
0.00600466807373
0.0130446830299
0.00504888384603
0.00589272519574
0.00530276400968
0.00504817301407
0.00449128402397
0.014340339927
0.00446238205768
2.05639037001
0.264117207145
0.00763009791262
0.00470049190335
0.00428724079393

layerTime
0.00417411397211
33.0705320851
0.00380785902962
0.00235751294531
0.00211526290514
0.00195095292293
20.7304640699
0.00213849591091
0.00209793192334
0.00415565283038
0.00201482907869
0.00201225886121
0.00208231597207
0.00208784500137
0.00202405895106
0.00239614211023
0.00184241984971
25.269331617
2.36535048881
0.0022588421125
0.00198762817308
0.00215997220948

checksumTime
0.00407808902673
0.00225520483218
0.00197546789423
0.00202275300398
0.00182839506306
0.00186428101733
0.00210460997187
0.00184704805724
0.00171535904519
0.0020406851545
0.00217835791409
0.00176920299418
0.00163958314806
0.00181281589903
0.00191623810679
0.0021340479143
0.0018809530884
0.00235502189025
0.0021459411364
0.00223630294204
0.0016391070094
0.00900807487778




layer number :  22
93.6385447679
0.0645985009614

jsonTime
0.00788973993622
3.17722724495
0.0595465151127
0.0101921551395
0.0260847089812
0.0087924299296
2.55126917688
0.027708722977
0.0109536480159
0.00956551684067
0.0088777448982
0.0101903579198
0.0273274208885
0.0100246930961
0.0092170201242
0.00820225593634
0.00798642402515
2.56327691302
0.22457430698
0.0163285029121
0.00442771892995
0.00497585604899

layerTime
0.00442912220024
33.5059537571
0.00922941998579
0.00445316801779
0.0195279158652
0.0042924459558
20.6642363521
0.00877610011958
0.00462938705459
0.00461327005178
0.00452439207584
0.00421462510712
0.00609404500574
0.00461442978121
0.00446326099336
0.00425844220445
0.00430942606181
28.574993148
1.85938539496
0.00432871701196
0.00217763800174
0.00212961598299

checksumTime
0.00390168395825
0.00217029987834
0.00385702983476
0.00388382701203
0.00404779613018
0.00371431512758
0.00430584489368
0.00398099189624
0.00407940708101
0.0038861730136
0.00359255401418
0.00366807100363
0.0039668281097
0.0040139220655
0.00372922490351
0.00364820379764
0.00386722292751
0.00226657418534
0.00223752995953
0.00227898010053
0.00188166904263
0.00880611990578




layer number :  22
91.5268136819
0.0660403680522

jsonTime
0.00858060107566
3.12184637901
0.0637523501646
0.00980298710056
0.0080905649811
0.00836589792743
2.17606336391
0.00578954187222
0.0142337179277
0.00496859289706
0.0053538819775
0.00454356591217
0.0052544020582
0.00486208009534
0.00430341204628
0.00457301479764
0.00436565512791
2.29126392212
0.230163939064
0.0172072099522
0.00454626209103
0.00434002396651

layerTime
0.00419816793874
33.5276318099
0.0670791349839
0.0047672088258
0.00393115403131
0.00441710697487
20.985629508
0.00203693797812
0.00398276909254
0.00214064703323
0.00202843104489
0.00210466398858
0.00193118397146
0.0104759819806
0.00216166814789
0.0020099170506
0.00202813395299
26.6005852749
2.13745839987
0.00415123789571
0.00207179388963
0.00206205807626

checksumTime
0.00379716604948
0.0217813029885
0.00399114494212
0.0040662761312
0.00402877596207
0.00397045211866
0.00214993511327
0.00211050501093
0.00194401107728
0.00187271693721
0.00176219106652
0.00184499006718
0.00196909089573
0.00321672391146
0.00183984800242
0.00190101796761
0.0019247289747
0.00224490603432
0.00208912417293
0.00224817497656
0.00194442505017
0.00923016900197




layer number :  22
92.4517104661
0.0652706900146

jsonTime
0.00857015396468
2.79856750998
0.060336766066
0.00530120311305
0.00435565505177
0.0042700690683
1.54479843099
0.00584903312847
0.00556895486079
0.00494801905006
0.00465453485958
0.0065197609365
0.00508255697787
0.00483412388712
0.00420980388299
0.0252412171103
0.00897991890088
2.51282053115
0.219247312052
0.0179000680801
0.00810248102061
0.00812383601442

layerTime
0.00449864799157
32.9247999911
0.00309472600929
0.00199657795019
0.00176605209708
0.00201215990819
21.7114772669
0.00196883897297
0.00195809802972
0.00214529200457
0.00207024905831
0.00201316620223
0.00215496006422
0.00203963299282
0.00395894004032
0.0062147770077
0.00457613309845
28.0727913689
2.25960985897
0.0153899898287
0.00459047290497
0.00426471210085

checksumTime
0.00377930304967
0.00229403190315
0.00197657593526
0.00168467196636
0.001876904862
0.00169387017377
0.0020504379645
0.00184882502072
0.00186789711006
0.001762639964
0.010252306005
0.00188443693332
0.0016667030286
0.0017419711221
0.00359617988579
0.00411408697255
0.00379604892805
0.00207527703606
0.00515562691726
0.00381955318153
0.00385930994526
0.0182123389095




layer number :  22
89.8776792199
0.0652198540047

jsonTime
0.0295247330796
2.84869140899
0.0638890711125
0.00998058589175
0.0255538439378
0.00839966512285
1.92003008001
0.0137885140721
0.00585137284361
0.00460958783515
0.00440372503363
0.00474660284817
0.0135395529214
0.00516374106519
0.00412722094916
0.00423445599154
0.00421989592724
2.12101883511
0.289722783025
0.0162247330882
0.00452749314718
0.00421306188218

layerTime
0.00768568087369
31.44741616
0.0670015758369
0.00454409606755
0.0106794580352
0.00431040883996
21.2450629519
0.00425920402631
0.00211019604467
0.00210244604386
0.00185134098865
0.0019441540353
0.003225882072
0.00206926511601
0.00181194208562
0.00190730206668
0.00225023296662
27.154930257
2.35131657706
0.00429951585829
0.00208028405905
0.00185445696115

checksumTime
0.00417167600244
0.0211035830434
0.00404970906675
0.00414630700834
0.00421415199526
0.00380824320018
0.00214770785533
0.00232213106938
0.00152990315109
0.00155251193792
0.0019171051681
0.00197354098782
0.00210143695585
0.00163809396327
0.00175992981531
0.00191674404778
0.00159274204634
0.00205882592127
0.00209102290682
0.00214393995702
0.00194545695558
0.00946762505919




layer number :  22
91.3658335321
0.0643605920486

jsonTime
0.0305601321161
3.03394017508
0.0634342429694
0.0101865020115
0.0258280278649
0.00853577000089
1.95009383908
0.00545803201385
0.0135074930731
0.00460400502197
0.00432824692689
0.00468097114936
0.00575338001363
0.00501981307752
0.00420585297979
0.00504993507639
0.00414472399279
2.30048652296
0.230251580011
0.0162179081235
0.00504259392619
0.00407047593035

layerTime
0.00750241684727
33.5448997659
0.0669054130558
0.00461170612834
0.010817843955
0.00436927401461
19.656847331
0.00204309797846
0.00441891700029
0.00201351195574
0.00217804010026
0.00202631903812
0.0018555810675
0.0105632180348
0.00215324293822
0.00204955996014
0.00192790199071
28.2855967951
1.87903092103
0.0042026899755
0.00221295305528
0.00225229398347

checksumTime
0.00418257713318
0.00444791698828
0.00414012395777
0.00376616301946
0.0043414561078
0.00385277997702
0.00212434399873
0.00188182084821
0.00233743106946
0.00166169600561
0.00177187682129
0.00168274180032
0.00166583992541
0.00325711607002
0.00205662194639
0.00164215802215
0.0017836720217
0.0020420209039
0.00212428788655
0.0018354000058
0.00172095396556
0.00943645113148




