layer number :  12
97.025495491
0.0440595131367

jsonTime
1.97902700794
0.00502679403871
0.00509667000733
1.49495818303
0.00479797110893
5.54614944314
0.00607149209827
0.0125426319428
0.504750634078
0.0128276930191
0.00441141286865
0.00453205010854

layerTime
15.628834079
0.0023389828857
0.00215990189463
16.7750199279
0.00216787098907
50.946155878
0.00236018793657
0.00490796007216
3.96667995397
0.00419350806624
0.00215892796405
0.00220530899242

checksumTime
0.0182602519635
0.00204450613819
0.00180207006633
0.00205578701571
0.00192762189545
0.00214030686766
0.00176292005926
0.00231042294763
0.00210761581548
0.00203822413459
0.00195948500186
0.0218962158542




layer number :  12
94.7943444762
0.0349506090861

jsonTime
2.00549737411
0.00494763301685
0.00524535612203
1.53181342687
0.00494057219476
6.14266164904
0.00589073705487
0.00438589393161
0.512872372987
0.00463188299909
0.00448018591851
0.00444611883722

layerTime
15.1270666609
0.00189575902186
0.00208786991425
16.577734892
0.00225259386934
48.508763002
0.0023850069847
0.0079337072093
4.25887331809
0.00236981688067
0.00214699911885
0.00217091315426

checksumTime
0.00207501393743
0.00168676697649
0.00217734114267
0.00218775193207
0.00212882109918
0.00211541890167
0.0019357718993
0.00199238583446
0.00216554105282
0.00184292905033
0.00178932002746
0.00904656504281




layer number :  12
96.0792265751
0.0438018280547

jsonTime
2.14916302403
0.00482626981102
0.00571316806599
1.48492109403
0.00522654806264
6.24518378801
0.00573394820094
0.0124939559028
0.526719638845
0.0129553868901
0.00438937288709
0.00456519098952

layerTime
15.7615401421
0.00216092704795
0.00217764405534
16.2817367611
0.00221207900904
49.23315363
0.00212337588891
0.00483508291654
4.24037197605
0.00447683804668
0.00241453014314
0.00211225706153

checksumTime
0.00221164803952
0.00196440494619
0.00209980388172
0.00216905097477
0.00207923888229
0.00216843187809
0.00173508212902
0.00236373115331
0.00220935512334
0.00217063701712
0.00199658493511
0.00897093303502




layer number :  12
96.631345283
0.0530308939051

jsonTime
2.18883940997
0.00483792903833
0.0051090028137
1.51750797196
0.577469510958
5.90590794897
0.00571408704855
0.00446054595523
0.506153056165
0.0128427639138
0.00472459685989
0.00415721884929

layerTime
16.14919709
0.00191939901561
0.0104749030434
16.760756592
0.00828588008881
48.7860521779
0.00198020297103
0.00228405394591
4.06277496694
0.00428433413617
0.00229526008479
0.00194187508896

checksumTime
0.00215290207416
0.00167651404627
0.00473552010953
0.00209592888132
0.00413777912036
0.0122194369324
0.00188808818348
0.00192922190763
0.00216575199738
0.00228790403344
0.00205154204741
0.00931969401427




layer number :  12
94.7448731142
0.0691991019994

jsonTime
2.02901778999
0.00478993006982
0.00540720601566
1.49781604204
0.206514724996
5.702983859
0.00537659204565
0.00439130794257
0.528164493153
0.00487354188226
0.00470498087816
0.0043573579751

layerTime
15.156622946
0.00221462198533
0.00218652980402
17.0466823219
0.00212351698428
48.7174030179
0.00214997096919
0.00221494701691
3.70662452793
0.00224614609033
0.00198804214597
0.00197054818273

checksumTime
0.00214687688276
0.00192146608606
0.00177492410876
0.00217523495667
0.00171004608274
0.00209301104769
0.00184878706932
0.00183788593858
0.00218737404794
0.00200515403412
0.00175167084672
0.00977127696387




layer number :  12
95.9203160529
0.0433289739303

jsonTime
2.16068308102
0.00494768586941
0.00509784393944
1.69248770503
0.00550442398526
5.72384939785
0.0149236200377
0.004450985929
0.522283359896
0.00456727691926
0.00445767887868
0.00437590386719

layerTime
15.297487672
0.00231017009355
0.0021612548735
16.615480358
0.00209842715412
49.5797633161
0.00518299988471
0.00221463106573
4.18339575012
0.0020750311669
0.00206082500517
0.00215913308784

checksumTime
0.00204305606894
0.00200120313093
0.00187542499043
0.00212031695992
0.00165849202313
0.0020834619645
0.00201415410265
0.00191011303104
0.00268496293575
0.00202650297433
0.00168430712074
0.00911795790307




layer number :  12
94.8122877688
0.0843168748543

jsonTime
2.01577329705
0.00538078602403
0.00537880510092
1.5240000491
0.005234350916
5.90022023092
0.0138556701131
0.0055079550948
0.50258079893
0.00471775606275
0.0043337168172
0.00428576814011

layerTime
15.2949143641
0.00220545800403
0.00210619694553
16.4030124969
0.0021717431955
48.604314243
0.00489708106034
0.00207072100602
4.38218281092
0.00207410706207
0.00192833505571
0.0019217368681

checksumTime
0.00220147380605
0.0020722639747
0.00171689502895
0.00204376899637
0.00187374302186
0.00220111291856
0.00235181581229
0.00196460611187
0.0027256780304
0.00178606295958
0.00155947101302
0.00792562193237




layer number :  12
97.3015575169
0.0438994648866

jsonTime
2.08270371193
0.00459142890759
0.00517064100131
1.56405038596
0.00536132091656
6.23689689697
0.013909477042
0.00450815586373
0.509947780054
0.00476379413158
0.00477253110148
0.00435465783812

layerTime
15.4916549909
0.00206831004471
0.00248054601252
16.3066864789
0.00218609091826
50.8494613289
0.00471221585758
0.00208402099088
4.11598858191
0.00196759495884
0.00184852187522
0.00194074609317

checksumTime
0.00209801411256
0.00180594599806
0.00197144201957
0.00206742016599
0.00185523205437
0.00225953711197
0.00214764918201
0.002026546048
0.00270443898626
0.00207782397047
0.00156952813268
0.00933665991761




layer number :  12
94.6333541709
0.0699488329701

jsonTime
2.04837949411
0.00467639300041
0.00563879404217
1.5383237442
0.0049292340409
5.59550891211
0.0143451360054
0.00446786405519
0.523123502964
0.00457171583548
0.00417527998798
0.00394464912824

layerTime
15.5624656649
0.0020753799472
0.00193366687745
16.389646322
0.00215277494863
48.4137568239
0.00471302797087
0.0019891159609
4.37977076718
0.00225545908324
0.0020198749844
0.00179079384543

checksumTime
0.00219959393144
0.00210680509917
0.00188412098214
0.00215589581057
0.00197337102145
0.00226020719856
0.00201379391365
0.00180485495366
0.00318633299321
0.00184178096242
0.00186884799041
0.00883159204386




layer number :  12
96.1934661141
0.0473802131601

jsonTime
2.10731570306
0.00561363296583
0.00532940402627
1.54429291817
0.00483700609766
5.71614440507
0.0147464689799
0.0046806470491
0.500794050982
0.00472704414278
0.00475572817959
0.00440954091027

layerTime
16.243780632
0.00208442099392
0.00222457782365
17.3341368178
0.00214455602691
48.2085210341
0.00497237010859
0.00200861296616
4.389809035
0.00200969586149
0.00206588883884
0.00219544093125

checksumTime
0.0021501109004
0.00181640917435
0.00176088698208
0.00220814603381
0.00176330981776
0.00212580384687
0.00202185404487
0.00188815803267
0.00281350384466
0.00210146396421
0.00180808315054
0.00821136916056




