layer number :  11
162.786698052
0.0466559189372

jsonTime
1.64303954993
0.0162246029358
0.220991225913
1.43209863408
4.3184708159
0.0141747130547
0.0188116300851
0.00436047418043
11.9302125711
0.0114325289614
0.00756346411072

layerTime
12.0138508861
0.00212459801696
2.31707821018
14.0645629559
38.338626713
0.00549922301434
0.0208997710142
0.00207390892319
76.2950594858
0.00895822700113
0.00207222090103

checksumTime
0.0026735260617
0.00191572192125
0.00259490590543
0.00218780315481
0.00211379001848
0.00205386593007
0.00205477280542
0.00194026599638
0.021349547198
0.00222825491801
0.00907803396694




layer number :  11
163.947313562
0.0484147369862

jsonTime
1.62017209386
0.00529686105438
0.244423616212
1.40874133189
4.46006353805
0.013327913126
0.0197204141878
0.00465190201066
11.2619510849
0.0113444761373
0.00810555601493

layerTime
11.722762398
0.00216996693052
2.16515986691
14.1325226841
39.6387164909
0.00570971285924
0.0203903368674
0.00226778886281
77.081649025
0.00856472388841
0.00231075310148

checksumTime
0.0021970521193
0.00199662288651
0.0023171340581
0.00222618388943
0.0117503220681
0.00213658693247
0.0019160520751
0.00192653015256
0.0196108219679
0.0019666289445
0.00910020503215




layer number :  11
160.95616024
0.0442226710729

jsonTime
1.55473083584
0.00466802716255
0.221309301909
1.37546584313
4.03975103796
0.0141546949744
0.0196698009968
0.00433758203872
11.2111891222
0.0108519331552
0.00794246303849

layerTime
12.4807444392
0.00216424604878
2.45161128906
14.0505551698
39.020917153
0.00564053794369
0.020787361078
0.00190228410065
74.3505064908
0.00865804590285
0.0022577540949

checksumTime
0.00226908479817
0.00212301197462
0.00329432589933
0.00224853819236
0.0021860320121
0.00221587507986
0.00178628577851
0.00184672488831
0.0214513440151
0.0018806939479
0.00897091603838




layer number :  11
167.821308895
0.043242787011

jsonTime
1.57559854817
0.0123466968071
0.208781274036
1.40758123109
4.75480699493
0.0137432587799
0.0186191988178
0.00451551796868
12.2001500519
0.0106613491662
0.00785300997086

layerTime
11.9970052759
0.00208443519659
1.88607057696
14.551595567
42.0507887062
0.00560140516609
0.0211141430773
0.00183621793985
76.9807442601
0.00925449794158
0.00211704988033

checksumTime
0.00198513013311
0.00194720784202
0.00236592302099
0.0150023698807
0.00197996804491
0.00231933104806
0.00215092510916
0.00160989002325
0.012575164903
0.00191120104864
0.00956820207648




layer number :  11
167.518733742
0.0431199569721

jsonTime
1.59650480794
0.00602290197276
0.261765344068
1.41980830394
4.43890598114
0.0138312438503
0.0191613219213
0.00445514009334
11.2917182168
0.0108198379166
0.0077339510899

layerTime
12.6693258029
0.00209927395917
1.88539311988
14.409845388
42.052518493
0.00570682808757
0.020613539964
0.00220448989421
77.3026284911
0.0085972789675
0.00235895486549

checksumTime
0.00240555708297
0.00191916502081
0.00304033607244
0.00207476690412
0.00217283098027
0.00221837009303
0.00162144796923
0.00190795911476
0.0132509460673
0.00217364705168
0.00902337906882




layer number :  11
166.831839132
0.0555990301073

jsonTime
1.6179681879
0.0048157509882
0.246226413874
1.55944355321
3.99368058797
0.0131811290048
0.0195527130272
0.0045320938807
11.2842570271
0.0219226661138
0.0148159591481

layerTime
12.809881872
0.00241063116118
2.70013493206
14.820950547
40.5756818829
0.00563338701613
0.0207522080746
0.00201880116947
76.9726557459
0.0226313360035
0.00477575394325

checksumTime
0.00257252994925
0.00205018301494
0.00283900485374
0.00220276601613
0.00232243398204
0.00222845189273
0.00194937107153
0.00195816787891
0.0170171069913
0.00401723780669
0.0173609820195




layer number :  11
170.684663828
0.0489374890458

jsonTime
1.61289740982
0.00514327618293
0.2695600281
1.4099537991
4.53854359896
0.0136867221445
0.0195839169901
0.00504117598757
11.711256342
0.0109332429711
0.0074828970246

layerTime
12.237443404
0.00235878699459
2.19110303605
15.0452771951
41.682662477
0.00573263200931
0.0206734708045
0.00207703188062
79.7713281319
0.00909744389355
0.00228253798559

checksumTime
0.0207675979473
0.00214726082049
0.00218490790576
0.00223985593766
0.00247525190935
0.00206127902493
0.00176860718057
0.00196394906379
0.0137324971147
0.00196615606546
0.00849910196848




layer number :  11
168.674326299
0.0643139190506

jsonTime
1.6323250609
0.0164554670919
0.202223896049
1.45268995711
4.56849430501
0.0132635999471
0.0198273709975
0.00460737105459
11.1736217279
0.0138330070768
0.00798283400945

layerTime
12.69052085
0.00260856701061
1.94217489893
14.961847032
41.2463081391
0.00562299299054
0.0200957960915
0.00222581811249
78.5728867252
0.00656824093312
0.00248080398887

checksumTime
0.00237050000578
0.00192551780492
0.00247853505425
0.00260462798178
0.00193385803141
0.00230141798966
0.00207306980155
0.00207327795215
0.0211988838855
0.00187564105727
0.00881654885598




layer number :  11
170.11515864
0.0429579410702

jsonTime
1.63549616514
0.00513990805484
0.376929025166
1.43109546788
4.01343323686
0.00530089600943
0.0317343268543
0.00500607094727
11.331714476
0.0108571900055
0.00746440002695

layerTime
12.6752408899
0.00227483198978
2.61452519288
15.0100260091
41.1186727451
0.00253410101868
0.0229565240443
0.00240374589339
79.676071038
0.00907516502775
0.00273846206255

checksumTime
0.00237489701249
0.0017726928927
0.00239649717696
0.0172222480178
0.0159994340502
0.00223911902867
0.00238764309324
0.00199198001064
0.0221199081279
0.00190577981994
0.00938797998242




layer number :  11
170.163203265
0.0608821150381

jsonTime
1.66217156802
0.00495941401459
0.262848043116
1.65618602
4.22304854798
0.00470471102744
0.0193934030831
0.00444773794152
12.182080688
0.0224861800671
0.0147203770466

layerTime
12.9611625189
0.00239695003256
2.25494630286
14.782811461
40.736281228
0.00216336804442
0.0205802689306
0.00226254109293
79.2008133051
0.0226090780925
0.00496025988832

checksumTime
0.00234935898334
0.00183266191743
0.00247122999281
0.00239692092873
0.00231037801132
0.00196680892259
0.00196274206974
0.00195922702551
0.0148285957985
0.00401811092161
0.0164552561473




