layer number :  21
83.5300053991
0.0850454361644

jsonTime
0.00796681293286
2.89407695294
0.0687846590299
0.00621454394422
0.00572780403309
0.331117487978
0.0130018959753
0.00454459991306
0.00413596094586
0.00424514501356
3.73770672595
0.00489608221687
1.47735702316
0.0133347851224
0.00465228618123
0.00446151406504
0.00498720793985
0.004558253102
0.00534326815978
0.0124929440208
0.00488801300526

layerTime
0.00416894094087
26.2320422742
0.00377562688664
0.00209603412077
0.00200477708131
3.38465328398
0.00387580692768
0.0022990971338
0.00209196796641
0.00206658011302
32.9613257281
0.00228944793344
12.1571737078
0.00435656006448
0.00204135081731
0.00206629396416
0.00204369612038
0.00203530280851
0.00183642702177
0.00336486892775
0.00232557603158

checksumTime
0.00377283804119
0.00213144998997
0.00210584700108
0.0019155528862
0.00155084487051
0.00205860915594
0.00208601308987
0.0018697839696
0.00155247491784
0.00177982496098
0.00240524485707
0.00199005985633
0.0024280929938
0.00182636780664
0.00186079111882
0.0019529289566
0.00166085292585
0.00177227403037
0.0016026829835
0.00191471888684
0.00848232512362




layer number :  21
82.7793316809
0.0632312369999

jsonTime
0.0324910890777
2.85764941387
0.0600807548035
0.0205113280099
0.00546399690211
0.285332205007
0.00497362203896
0.00448476686142
0.00439945189282
0.0126224970445
4.11773715098
0.00486140791327
1.54099407513
0.00483277603053
0.00482513289899
0.00556870200671
0.0164177811239
0.00476634199731
0.00496354699135
0.00404228805564
0.00399074191228

layerTime
0.00700349407271
24.6631819319
0.00296113407239
0.00850053108297
0.00204767193645
3.10165061383
0.00231050001457
0.00192485307343
0.00197898503393
0.00320856180042
32.7666692401
0.00214324216358
13.0817610819
0.00212253001519
0.00226832507178
0.00207180110738
0.00429392186925
0.00196617492475
0.0021560320165
0.00193356093951
0.00204993900843

checksumTime
0.00402954500169
0.00211676419713
0.00189058599062
0.00218815403059
0.00198280112818
0.00216945004649
0.00176765210927
0.0015951229725
0.00192086910829
0.00227067712694
0.00218055094592
0.00160996080376
0.0021038139239
0.00189735810272
0.00167212891392
0.00187999987975
0.00199475418776
0.00191183295101
0.00196500797756
0.00158754503354
0.0082340859808




layer number :  21
82.7343474559
0.0569356419146

jsonTime
0.00742077315226
2.87002239702
0.059556451859
0.00637659803033
0.00517674884759
0.29004732403
0.00480500003323
0.00478388299234
0.0125685459934
0.00651870900765
3.74512783391
0.88420773414
1.77725024102
0.0128728381824
0.00481469393708
0.00460917502642
0.00543145998381
0.00552130909637
0.00561198708601
0.0135484370403
0.00444844504818

layerTime
0.00415781489573
25.746978567
0.00276604597457
0.0021365028806
0.00191792915575
3.23317838879
0.00218506692909
0.00203393120319
0.00388449011371
0.00464789406396
31.5595962622
0.00894078891724
12.29835111
0.00402853800915
0.00194143201225
0.00193708296865
0.0020031221211
0.00190249411389
0.00189787498675
0.00304646487348
0.00191690493375

checksumTime
0.00388893997297
0.00228994316421
0.00205414206721
0.00182929914445
0.00195242301561
0.00208470807411
0.00211581098847
0.0016559548676
0.00218329695053
0.0041600659024
0.00218623783439
0.00419784407131
0.00214677187614
0.00222259387374
0.00174289708957
0.0021109438967
0.00192312686704
0.00158502883278
0.00175027805381
0.00192119297571
0.00943185505457




layer number :  21
83.4298190121
0.0668582450598

jsonTime
0.0310648099985
3.19390843716
0.0592909378465
0.0141593727749
0.0053161198739
0.300366821
0.0049725419376
0.00446280790493
0.00431168684736
0.0124721641187
3.86189040705
0.00479670008644
1.54584000399
0.0049270670861
0.0046990159899
0.00515996897593
0.0163440869655
0.00490435305983
0.00544753414579
0.00421965913847
0.00417791400105

layerTime
0.00689822202548
25.2565905019
0.00330650107935
0.00505460705608
0.00242780102417
3.60898339283
0.00207000505179
0.00223667314276
0.00209015305154
0.00321206985973
31.850221643
0.00205374206416
13.45369563
0.0020894438494
0.00203899410553
0.00222644908354
0.00437907595187
0.00211421097629
0.00208334694616
0.00208741985261
0.00194020196795

checksumTime
0.00409172289073
0.00221290206537
0.00201339414343
0.00185804115608
0.00185840507038
0.00222887820564
0.0018843319267
0.00206190603785
0.00179856992327
0.00231520202942
0.00232067191973
0.00180344097316
0.00206845905632
0.00239777797833
0.0018368489109
0.00196070200764
0.00201960606501
0.00200481689535
0.00173976295628
0.00181258004159
0.00838358211331




layer number :  21
83.5703503708
0.0705345098395

jsonTime
0.00793961598538
3.09184955386
0.0598022739869
0.00692184502259
0.00529678608291
0.285751736956
0.00481578009203
0.012306770077
0.00439496897161
0.00460467394441
3.38480961812
0.53704243782
1.71302381111
0.00518357707188
0.012931073783
0.00482167303562
0.00470734201372
0.00442806794308
0.00537473801523
0.00437721796334
0.0127313828561

layerTime
0.00435313000344
25.2789841741
0.00306318514049
0.00195330101997
0.00213247304782
3.539876058
0.00229836907238
0.00398059398867
0.00231862696819
0.00238210894167
33.046535237
0.00455844495445
12.360303269
0.0022332679946
0.00405729515478
0.00216659111902
0.0020042557735
0.00194594101049
0.00217768596485
0.00177864613943
0.00312425498851

checksumTime
0.00382566917688
0.0020974338986
0.00210953387432
0.00182714289986
0.00176956295036
0.00225687399507
0.00183308380656
0.00218064012006
0.00213381904177
0.00198060693219
0.00230206409469
0.00373884802684
0.00203818199225
0.00205840403214
0.00190315884538
0.00212575704791
0.00186562305316
0.00165393715724
0.00174814392813
0.00174954999238
0.00954889599234




layer number :  21
81.8085721291
0.0640930961818

jsonTime
0.00787210208364
3.22899691202
0.0409593519289
0.0062096118927
0.00510996300727
0.279008758022
0.0136878159828
0.00480669690296
0.00455447891727
0.00523398886435
3.50813298998
0.00485520204529
2.5355385202
0.00531270983629
0.00505402707495
0.00508022704162
0.00491561298259
0.00485853408463
0.0140171330422
0.00453724293038
0.00474632089026

layerTime
0.00444136583246
24.7441854931
0.0204473379999
0.00210196198896
0.00188022013754
3.25758414506
0.00422647595406
0.00207976810634
0.00208847201429
0.00209730118513
31.5451034829
0.00204401789233
12.392560767
0.0024296999909
0.00212380988523
0.00211851787753
0.00207737018354
0.00228391494602
0.00302022788674
0.0021505120676
0.0021346709691

checksumTime
0.00361385405995
0.00208424404263
0.00206047506072
0.00184581498615
0.00168647291139
0.00197721994482
0.0022371110972
0.00194894894958
0.00190511508845
0.00171173899435
0.00215534796007
0.00184030900709
0.00239795795642
0.00207310612313
0.00175340403803
0.0020577670075
0.00196404382586
0.00213415105827
0.00187733909115
0.00200273306109
0.00876559806056




layer number :  21
81.704751523
0.118956319056

jsonTime
0.00834407005459
2.72468694695
0.0692511200905
0.00656122411601
0.00553578720428
0.30865432811
0.00547311687842
0.00441178004257
0.0128568529617
0.00425925990567
3.54550527409
0.0128090190701
2.74843816902
0.0128375079948
0.00480846804567
0.00479864305817
0.00442414800636
0.00438122497872
0.00538905407302
0.0126757279504
0.0040240038652

layerTime
0.00486490014009
24.865188631
0.0176161979325
0.00242652697489
0.00219325092621
3.30694853491
0.00208067893982
0.00187876913697
0.00360989407636
0.00208636093885
31.4052416268
0.00420267600566
12.3849150259
0.0039743159432
0.00190021796152
0.00189593387768
0.00215581897646
0.00201094686054
0.00187410297804
0.00327979004942
0.00212229508907

checksumTime
0.00390823394991
0.00228128698654
0.00232797092758
0.00209571188316
0.00191435893066
0.00214365310967
0.0019073060248
0.00176954292692
0.00192658300512
0.00218482408673
0.00207408308052
0.00233377492987
0.00232596020214
0.00199667387642
0.00203295703977
0.00162831204943
0.00178801617585
0.00180934695527
0.00156832206994
0.00177993508987
0.00946682086214




layer number :  21
81.8722481581
0.060846837936

jsonTime
0.00748310307972
3.09524319693
0.04200824094
0.00619501899928
0.00477381399833
0.294218148105
0.00484353513457
0.00439960812218
0.0129330670461
0.00477425311692
3.47504536808
0.0129812380765
1.46688699396
0.00462633813731
0.00489693298005
0.00524071184918
0.0127523220144
0.00468679796904
0.00504314596765
0.00422078301199
0.00412103603594

layerTime
0.00441558193415
24.8847356529
0.0197999270167
0.00220931600779
0.00218353699893
3.13322196598
0.00220679189079
0.00190853793174
0.00405654800124
0.00233534909785
32.4177343699
0.00427377200685
12.7835935422
0.00241608405486
0.00195463513955
0.00183739210479
0.00365518289618
0.00214107008651
0.00213753501885
0.0019432650879
0.00188869796693

checksumTime
0.00345265911892
0.00355292716995
0.00201746402308
0.00176341482438
0.00211896002293
0.00215545692481
0.00209926301613
0.00170285999775
0.00206867582165
0.00174194388092
0.00215472606942
0.00202445685863
0.00232159183361
0.00211897585541
0.00199853302911
0.0019776429981
0.00172697706148
0.00213089585304
0.00161180598661
0.0016940459609
0.00911050708964




layer number :  21
81.646641918
0.064085359918

jsonTime
0.0290942310821
3.05583400093
0.0409956558142
0.00617307517678
0.0133950680029
0.282347867033
0.00532916118391
0.00470104790293
0.00455892598256
0.0048646251671
3.23986809701
0.0049084238708
2.35545553779
0.00489837303758
0.00456442893483
0.00477008987218
0.00442734290846
0.0130674981046
0.00582593609579
0.00405456009321
0.0047132500913

layerTime
0.00809110095724
25.6031785691
0.0199731572066
0.00228937785141
0.00482121505775
3.32370809698
0.0021732528694
0.00232172198594
0.00210574711673
0.00213509378955
31.3226964262
0.00231709214859
12.110055251
0.00242893700488
0.00205272110179
0.00201962213032
0.00187304313295
0.00370277790353
0.00225371099077
0.00203611887991
0.00191470305435

checksumTime
0.00442392705008
0.0135557879694
0.00208014179952
0.00183904799633
0.00197521201335
0.00243152189068
0.00190446409397
0.00201935204677
0.00179017684422
0.00203464599326
0.00213464396074
0.0020026890561
0.00201503210701
0.00171743589453
0.00189386704005
0.00175952492282
0.00178324291483
0.00245808600448
0.00205159489997
0.00171941099688
0.0089045970235




layer number :  21
81.3978406689
0.0644558309577

jsonTime
0.00928665301763
2.80840250291
0.0597755808849
0.00623974297196
0.0137903259601
0.292746485909
0.00483838096261
0.00439762417227
0.00409915391356
0.00422464497387
4.23382116691
0.00487833097577
1.48051213403
0.00498045701534
0.00461718905717
0.00475601200014
0.00455193198286
0.0139364080969
0.00642358302139
0.00450971792452
0.00422355299816

layerTime
0.004361723084
24.803955005
0.00581473810598
0.00195133592933
0.00495400209911
3.01241638511
0.0020533320494
0.00206982181408
0.00177167006768
0.00197410793044
31.8538563601
0.00214659189805
12.590114488
0.00247092102654
0.00209734286182
0.00213793292642
0.0020565581508
0.00370016600937
0.00205812696368
0.00195674295537
0.00228607701138

checksumTime
0.00374147295952
0.00236243312247
0.00195288495161
0.0016073321458
0.00200926093385
0.0023663379252
0.00209744693711
0.00179527816363
0.00171914999373
0.00182131701149
0.00230725808069
0.00179114402272
0.00224977498874
0.00198232894763
0.00174573506229
0.00209692702629
0.00163262989372
0.0021480419673
0.00181903201155
0.0017771651037
0.00947521696799




