layer number :  28
183.367237902
0.111214043107

jsonTime
0.00768730510026
3.05525649199
0.0408857699949
0.0138193259481
0.936384601053
0.00511213811114
0.0124523520935
0.622720181942
0.00453173392452
0.0128477897961
0.00486924406141
4.83022393403
0.0177275328897
0.00454934709705
0.00816920003854
3.05957198213
0.0307258130051
0.00724943401292
0.00689862295985
0.0072361738421
0.00784870912321
0.00691274111159
0.0212296079844
1.49229605705
1.53277165303
0.00537827680819
0.00432419218123
0.00432493491098

layerTime
0.00404487899505
31.286173594
0.0200548279099
0.00518112606369
7.93137414102
0.00221282592975
0.0042303299997
8.12169013312
0.00208829296753
0.00394548708573
0.00215553399175
55.5905254129
0.00431550107896
0.00387954688631
0.00451110093854
36.4369319919
0.0129706969019
0.0036568059586
0.00342651619576
0.00366125814617
0.00354499090463
0.00338078686036
0.00533017609268
14.861958957
13.0751510561
0.00212838803418
0.00187543197535
0.00190488900989

checksumTime
0.00394536391832
0.00238373619504
0.00188379106112
0.00219024089165
0.00212916289456
0.00193172693253
0.00213636294939
0.00211602798663
0.00191424321383
0.00217352202162
0.00191798200831
0.00236207502894
0.00214385194704
0.00406815507449
0.00369580392726
0.00367988809012
0.00931262108497
0.003232186893
0.00320001598448
0.0032354358118
0.00288951699622
0.00292200804688
0.00347756897099
0.00431356090121
0.00245589204133
0.00185125297867
0.00191777292639
0.00851853005588




layer number :  28
175.153040798
0.0737610231154

jsonTime
0.0080548832193
3.21655437816
0.0595339280553
0.00649036699906
0.892308971845
0.00988988997415
0.0086235771887
0.83343502786
0.00477121514268
0.00414701621048
0.00409960304387
5.09848163486
0.00835444801487
0.00438602990471
0.0126698561944
2.84244573186
0.00868263281882
0.00433075707406
0.00407988997176
0.0129425809719
0.00439807097428
0.00406981189735
0.0043538780883
1.40198423597
1.51655506319
0.0136872089934
0.00492110615596
0.00493137398735

layerTime
0.00415868591517
29.5521597639
0.00369334593415
0.00237843487412
8.37432365003
0.00430585816503
0.0047197570093
7.68644906511
0.00201239390299
0.00215057493187
0.00209235004149
51.837936616
0.00212314794771
0.00209353794344
0.0039570319932
34.0514426141
0.00229611410759
0.00185507000424
0.00199231295846
0.00406667008065
0.00209284899756
0.00207076501101
0.00211673998274
14.256846677
13.1877182368
0.00375572382472
0.00237706699409
0.00206754705869

checksumTime
0.00367467990145
0.00218738405965
0.00201697601005
0.0020916222129
0.00432956195436
0.00391858583316
0.00408712797798
0.00287234387361
0.00174714392051
0.00198071799241
0.0019029059913
0.00210171192884
0.0018151581753
0.00165330898017
0.00220281002112
0.00218254607171
0.00187628297135
0.00154179194942
0.00158144510351
0.00209941482171
0.0021388521418
0.00183670897968
0.00197901506908
0.00428841379471
0.00235290220007
0.00200879597105
0.00203937198967
0.00866266083904




layer number :  28
181.207436129
0.094660524046

jsonTime
0.00776125187986
3.04746645596
0.423913975945
0.0293753710575
1.06598195294
0.00514881592244
0.0139273679815
0.644563877024
0.00792040908709
0.0224367389455
0.00725949183106
5.32907955814
0.0206034989096
0.00819584098645
0.00857578613795
2.92084085895
0.00820061308332
0.00533499894664
0.00400881678797
0.00423431093805
0.00438462896273
0.012788400054
0.00433547794819
1.4162153611
1.48538427101
0.0135759371333
0.00501601002179
0.00431537604891

layerTime
0.0042212610133
31.5823987529
0.0469468641095
0.0112803699449
7.94772483199
0.00218328903429
0.00405767792836
8.11610737513
0.00427688495256
0.00816055294126
0.0036062351428
56.8969130269
0.0161979231052
0.00447894097306
0.00457116798498
32.3910440311
0.00225086393766
0.00208471901715
0.00196634209715
0.00201490987092
0.00191278592683
0.00383244687691
0.00218903506175
13.9670841959
13.4641669949
0.00395482801832
0.00204450893216
0.00208956585266

checksumTime
0.00384776107967
0.0019394881092
0.00405865581706
0.00408604508266
0.00203557917848
0.00185714801773
0.00186641095206
0.00426833191887
0.00343592301942
0.00330661516637
0.003111010883
0.00435125199147
0.00389094301499
0.00379932788201
0.00418864702806
0.00210316781886
0.00188978714868
0.00187226803973
0.00173745909706
0.00165158510208
0.0016048650723
0.00172054907307
0.00174211198464
0.00214894698001
0.00205711601302
0.00202656188048
0.00180709315464
0.00796704995446




layer number :  28
178.096435677
0.0798195230309

jsonTime
0.0306387790479
3.27541041607
0.0595024051145
0.00558943185024
0.937273702119
0.00503622810356
0.00442211795598
0.676638022996
0.00443793996237
0.00434133596718
0.0126240400132
4.91538498015
0.00831764307804
0.0127324089408
0.00453571695834
2.84837673302
0.551298311912
0.0261372339446
0.0125869910698
0.00845976499841
0.00875004800037
0.00874079507776
0.00877646892332
1.62700501713
1.35744331707
0.00975617719814
0.00838592997752
0.00825992505997

layerTime
0.00783422286622
31.1900400009
0.00354165490717
0.00208245799877
7.82006713888
0.00215360103175
0.00238134618849
7.72679770901
0.00225591403432
0.00204673293047
0.00405628699809
53.1005777949
0.00245399400592
0.00400332198478
0.00208900193684
34.0622864759
0.0153064760379
0.00878399191424
0.0042468351312
0.00439242017455
0.00417215703055
0.00415784888901
0.00451357802376
13.5819327089
13.9058576159
0.00464530289173
0.00432752911001
0.00454180198722

checksumTime
0.00410811509937
0.002321138978
0.00196441006847
0.00176576897502
0.00193299399689
0.00186733691953
0.0020720239263
0.00198866496794
0.0021029850468
0.00190607598051
0.00208085100166
0.00216031889431
0.00174106005579
0.00202410807833
0.00193253508769
0.00217189313844
0.00372566399164
0.00409574201331
0.00408898480237
0.00383257889189
0.00367551692761
0.00367354718037
0.00400856789201
0.00218829908408
0.0042404809501
0.00388815300539
0.00394867081195
0.0163659721147




layer number :  28
178.274596318
0.11766260094

jsonTime
0.00807967712171
2.82691377401
0.0595110231079
0.00548420590349
0.948298797943
0.00537414988503
0.00481320312247
0.638728145976
0.0083605768159
0.00818548211828
0.00838365708478
5.66610915703
0.00868139602244
0.00462358095683
0.00398383289576
2.84131397004
0.00937952892855
0.00445083994418
0.00417686696164
0.00423751305789
0.0164497860242
0.00496491999365
0.00476269493811
1.417726557
1.42149074515
0.00567042292096
0.012734486023
0.00883239903487

layerTime
0.00464684888721
31.130979422
0.00378825888038
0.00212929304689
8.95529808919
0.0104059369769
0.0022166040726
7.54225903517
0.00459561520256
0.00434941891581
0.00411317287944
55.93627876
0.00244515598752
0.00190032413229
0.00207177805714
33.018169519
0.00245266896673
0.00209049205296
0.00218725786544
0.00200922600925
0.00424255616963
0.00213123601861
0.0024781730026
11.884539685
13.5642827319
0.00216717692092
0.0067199699115
0.00458612199873

checksumTime
0.00385448895395
0.00208859099075
0.00143615808338
0.00185030698776
0.00206208392046
0.00423229299486
0.00172930886038
0.00655954401009
0.00471695279703
0.00402476801537
0.00362637313083
0.00210912502371
0.00166641990654
0.00176292401738
0.0015899729915
0.00216819788329
0.00197499617934
0.00204217201099
0.0018565680366
0.0019312358927
0.00229284190573
0.00185217405669
0.00182674592361
0.00232153898105
0.00234640017152
0.00186635414138
0.00418978091329
0.0179149890319




layer number :  28
182.616647135
0.0749065149575

jsonTime
0.00853363191709
2.89598695701
0.0596085600555
0.00678863795474
0.882267149165
0.00493996310979
0.00443864101544
0.89462361997
0.00519810896367
0.0046371021308
0.0126455128193
4.84932371299
0.00884533207864
0.0132788929623
0.00506252702326
2.66662791301
0.00840868498199
0.00445135403425
0.0124395608436
0.00423265597783
0.00426507391967
0.00392519310117
0.0039652469568
1.39396396186
1.33732717903
0.00970561709255
0.00848445598967
0.00822101486847

layerTime
0.00441011809744
33.209303953
0.00418667681515
0.00201386888511
9.19139376399
0.00195378484204
0.00213087396696
8.12455625506
0.0024070860818
0.002071934985
0.00387345510535
54.801024281
0.0024878969416
0.00440090103075
0.00200138194486
35.1487138099
0.00251160212792
0.00235761702061
0.00417667208239
0.00206207903102
0.00193779706024
0.00187718798406
0.00202904106118
13.670436492
13.1339885939
0.00453595095314
0.00424497714266
0.00426678499207

checksumTime
0.00374153582379
0.00219990010373
0.00177513016388
0.00173258199356
0.00208532693796
0.00195117900148
0.00187228503637
0.00233938801102
0.00186123885214
0.00189986405894
0.00203138706274
0.00216958695091
0.00179060711525
0.00209340383299
0.00169893214479
0.00214312295429
0.00202898797579
0.00166913401335
0.00192098203115
0.00203359895386
0.00166250998154
0.00182470097207
0.00172971305437
0.00206754705869
0.00410785898566
0.00415067002177
0.00375906797126
0.0161388800479




layer number :  28
179.633497052
0.121967101004

jsonTime
0.00816795392893
2.87624883605
0.0602946178988
0.0138693309855
0.939135295805
0.0052270621527
0.0134337551426
0.799207075965
0.00458847009577
0.0127315090504
0.00457455310971
4.82205179613
0.0372407289688
0.0089483668562
0.00835543987341
3.17054488789
0.311638543149
0.0168319549412
0.00870686792769
0.00846128817648
0.0083918380551
0.00894925696775
0.0266924619209
1.60486707301
1.43333787099
0.00957608316094
0.00899503193796
0.00827533309348

layerTime
0.00421867799014
30.012741195
0.00306443800218
0.00527291512117
8.19764844514
0.00217751297168
0.00402782997116
7.89791866113
0.00204896205105
0.00434297695756
0.00224004499614
55.8197397729
0.0223073521629
0.00455665914342
0.00437776301987
33.707748791
0.00506812799722
0.00444329995662
0.00425733090378
0.0042624080088
0.00424336711876
0.00426218193024
0.00636488804594
14.1579370571
13.265324723
0.00458269496448
0.0042580710724
0.00424508098513

checksumTime
0.00366897694767
0.00215870002285
0.00200647697784
0.00228445301764
0.00229070987552
0.00197663088329
0.00204177689739
0.00226219091564
0.00203384994529
0.00216569495387
0.00191411678679
0.00438351300545
0.00421506096609
0.00430117803626
0.00445707305335
0.0044073460158
0.00415648403578
0.00394807010889
0.00353897898458
0.00389928580262
0.00381575594656
0.00392810604535
0.00405659107491
0.00233486690558
0.00451866793446
0.00374731095508
0.00397283001803
0.0180153469555




layer number :  28
182.473188164
0.0715541369282

jsonTime
0.00861888402142
3.13079434587
0.059573053848
0.0057542421855
0.948940548813
0.00502542406321
0.00427584303543
0.668463374022
0.0045387072023
0.00411065900698
0.00431262794882
4.94663773803
0.0197340021841
0.00880767009221
0.00838625710458
3.1333886541
0.0164887339342
0.00801148614846
0.025713019073
0.00845670513809
0.00829359004274
0.00830043898895
0.00863920710981
1.53429570002
1.41515242914
0.00549249304458
0.00432983995415
0.00419624196365

layerTime
0.00457533192821
30.513824366
0.0151998251677
0.00212296098471
7.84499404603
0.00221203989349
0.00207220087759
8.15520627191
0.00204163184389
0.00202502915636
0.0018419129774
54.572594302
0.0162935249973
0.00409470894374
0.00432558590546
35.8412916849
0.00485352496617
0.00469042686746
0.00882891309448
0.00451474101283
0.00432916800492
0.00423530093394
0.00431348197162
14.6901253639
14.582651115
0.00220985803753
0.00204041507095
0.00203123805113

checksumTime
0.00393846514635
0.00208309106529
0.00169262383133
0.00180404400453
0.00286306510679
0.0021034530364
0.00190203404054
0.00298982998356
0.00190157396719
0.00190683500841
0.00170816900209
0.00410298584029
0.00406833784655
0.00399972102605
0.00376481097192
0.00637011509389
0.0040253479965
0.00392942596227
0.0041293958202
0.00405433797278
0.00393761694431
0.00372335803695
0.00386248901486
0.00220894697122
0.00208855583332
0.00170637993142
0.00180449499749
0.00905780191533




layer number :  28
183.846341555
0.115120811854

jsonTime
0.00772722600959
3.20942727779
0.064008338144
0.011130345054
1.41820332012
0.0135953421704
0.0045321660582
0.626016310882
0.0260924471077
0.00871956208721
0.00851100217551
5.45148164011
0.0143666861113
0.00778190302663
0.00939594884403
3.08496025903
0.00846372405067
0.0041203990113
0.00397461699322
0.0041864879895
0.00438458891585
0.0129201789387
0.00450482591987
1.44086991413
1.61852846108
0.00600440613925
0.00410974700935
0.012724256143

layerTime
0.00412873295136
30.7904738311
0.0672251989599
0.00466108997352
8.73267917498
0.00415888894349
0.00211760099046
8.148133229
0.00901872501709
0.00443098391406
0.00420000683516
56.57654412
0.00431439490058
0.0038752311375
0.0038167340681
36.006879122
0.0024654509034
0.00223038694821
0.00201774993911
0.00171628198586
0.00211420794949
0.00363162602298
0.00236864504404
12.8627401988
13.2695048619
0.0020569160115
0.00205245311372
0.00369173893705

checksumTime
0.00384628213942
0.0213494428899
0.00409109890461
0.0041078790091
0.00205416884273
0.00212836498395
0.00189741607755
0.00399428792298
0.00448401994072
0.00400121393614
0.00375705095939
0.0039679009933
0.00352269294672
0.0037348549813
0.00319352396764
0.013836737955
0.00166021520272
0.00187663291581
0.00180023419671
0.00169667601585
0.00179868307896
0.0018678039778
0.00189110497013
0.00437041604891
0.00208374997601
0.00189719186164
0.00178799685091
0.00873453612439




layer number :  28
180.308834736
0.0746135690715

jsonTime
0.0305404798128
2.91061976389
0.0406254620757
0.00583180203103
1.56030401704
0.00571205397137
0.00458532897756
0.660179977072
0.00428178021684
0.00402659596875
0.0165318860672
5.02742395201
0.0171781568788
0.0256836391054
0.00828327215277
3.13745880104
0.0168767990544
0.00821477081627
0.0260741270613
0.00917723402381
0.00905024888925
0.00854140589945
0.00874076900072
1.56173639093
1.41257199692
0.00506624602713
0.0047112039756
0.00490732281469

layerTime
0.0074863571208
31.1142697029
0.0204201599117
0.00239982502535
8.50648316788
0.00225103995763
0.00239174999297
7.22880547098
0.00227546785027
0.00211255508475
0.00459902011789
56.3604258341
0.00518456310965
0.00869074184448
0.0047308539506
35.736183933
0.00503855803981
0.00424746400677
0.00879330188036
0.00427866191603
0.00463837012649
0.0043345449958
0.00440892996266
12.6444077231
11.912758078
0.00206313887611
0.00232468103059
0.00221288111061

checksumTime
0.00407316209748
0.00234403810464
0.00184074603021
0.00195497088134
0.00218746415339
0.00187102006748
0.00196510995738
0.0022463388741
0.00199724500999
0.00171971786767
0.00209423294291
0.00423789094202
0.00344660994597
0.00397128099576
0.00423208693974
0.00407620496117
0.00389759405516
0.00384234008379
0.00425395811908
0.00388080906123
0.00395092996769
0.00393260410056
0.00374141102657
0.002052471973
0.00228315708227
0.00190865411423
0.00205004308373
0.00933388387784




