layer number :  18
142.292251467
0.0535922709387

jsonTime
0.00780291110277
2.89621436689
0.0409858971834
0.0145925669931
0.94445879804
0.00520209013484
0.0126266670413
0.669423728948
0.0126225370914
0.00461332802661
0.00414612097666
5.21334364498
0.00830634799786
0.00410207407549
0.00402022502385
2.91945021995
0.0195968651678
0.00837465096265

layerTime
0.00432762899436
28.8161587301
0.0201696839649
0.00531465886161
7.17370172497
0.00227029784583
0.00408288906328
7.24089334789
0.00428846804425
0.00187138118781
0.00213513989002
52.815860607
0.00225859601051
0.00213957601227
0.00186632294208
33.274831251
0.0159874809906
0.00457077496685

checksumTime
0.00383094092831
0.00223880494013
0.00190671603195
0.00213439296931
0.00212210603058
0.00196109805256
0.00196844595484
0.00198048003949
0.00223246682435
0.00168612599373
0.00177075504325
0.00217439397238
0.00161963002756
0.00184441590682
0.00194347300567
0.00214790902101
0.00355841894634
0.0171130001545




layer number :  18
141.458423662
0.0566970959771

jsonTime
0.0304613001645
3.03159554512
0.0408946899697
0.00550688500516
0.984985854011
0.00504784006625
0.00450804596767
0.64208559203
0.02136302297
0.0154665580485
0.00513166212477
4.89994232799
0.0165199928451
0.00839258101769
0.00808975682594
3.1945795978
0.0230894200504
0.0053642669227

layerTime
0.00744849187322
29.2891411949
0.020395822823
0.00213242694736
7.91916219494
0.00234414194711
0.00215096608736
6.99933000305
0.00218657404184
0.00486618489958
0.00199839100242
52.7847836642
0.00507372105494
0.00418379693292
0.00435745203868
31.3438843731
0.0074674601201
0.00231290212832

checksumTime
0.00432681897655
0.00219223811291
0.00196413113736
0.00197820807807
0.00212347391061
0.00222727004439
0.00197367393412
0.00205397489481
0.00200680899434
0.00193771300837
0.00179793592542
0.00427626096644
0.00387739599682
0.00389174418524
0.00396977714263
0.00222568796016
0.00188476894982
0.00894425390288




layer number :  18
145.003183997
0.0565981159452

jsonTime
0.029811972985
2.91904944298
0.059521476971
0.00573635194451
0.931488264818
0.00513241393492
0.00435066316277
0.624467474874
0.00968725397252
0.0257633000147
0.0086265031714
5.46886536083
0.00841358909383
0.00466030207463
0.00443926011212
2.66843538499
0.0179292547982
0.00481173605658

layerTime
0.008429575013
29.5543372189
0.00655060098507
0.00221473211423
8.3290070002
0.00229311804287
0.00201321789064
7.69478665804
0.0043428230565
0.00859168008901
0.00461221300066
52.144277028
0.00240572099574
0.00207520485856
0.0019641360268
34.30284713
0.00433700019494
0.00221085292287

checksumTime
0.00439592404291
0.00211792113259
0.00206996803172
0.00185057800263
0.00224738288671
0.00198735995218
0.00188146508299
0.00422129104845
0.00411634892225
0.00427307887003
0.00369321694598
0.0137649860699
0.00197111791931
0.00180974695832
0.00165788596496
0.00268883211538
0.00206828094088
0.00940992310643




layer number :  18
136.141281085
0.0547111099586

jsonTime
0.0297579579055
3.18785391795
0.0590847351123
0.00614200299606
0.946491254959
0.00489606591873
0.00469369790517
0.61460482399
0.00463848211803
0.0128343841061
0.00453623617068
4.862727609
0.00818646489643
0.00433862977661
0.0042753489688
2.76843195991
0.0168937980197
0.00474876211956

layerTime
0.00810153805651
27.590767808
0.0152560328133
0.00198422884569
8.32815671014
0.00219374196604
0.00217257603072
6.37141009606
0.00206158589572
0.0040250569582
0.00226382887922
47.9570947001
0.00241058901884
0.00212915916927
0.00197202712297
33.1960070832
0.00459516607225
0.0019961069338

checksumTime
0.00425110105425
0.00226525589824
0.00193456117995
0.00179434800521
0.00207692501135
0.00185489910655
0.00165823707357
0.00224594282918
0.00195731804706
0.0021143888589
0.00210931594484
0.00217265007086
0.0017765101511
0.0016520419158
0.00197664392181
0.00205438584089
0.00216521089897
0.00911055714823




layer number :  18
144.860035241
0.0560659710318

jsonTime
0.0281093991362
3.10682327719
0.0769183768425
0.0109810510185
1.04108495684
0.00949864205904
0.00801987200975
0.791983760893
0.00464390404522
0.0156320058741
0.00412422791123
4.92608885001
0.00876542390324
0.00432008807547
0.00400421302766
2.74458652409
0.0421661699656
0.00918650114909

layerTime
0.0095088398084
28.7556152488
0.0670335800387
0.00461274595
9.03106958
0.0045765589457
0.00371387600899
7.70666207699
0.00211819983087
0.00497991009615
0.00217313412577
52.708357099
0.00251388293691
0.00193880195729
0.00202994490974
33.561800736
0.00529463496059
0.00426284782588

checksumTime
0.00423608999699
0.0214453281369
0.0042846610304
0.00393179012462
0.00404982804321
0.0037385111209
0.00348979397677
0.00218211207539
0.00185223016888
0.0020419920329
0.00165030779317
0.00234156521037
0.00176807004027
0.00169090903364
0.00199292693287
0.00413423706777
0.00394459394738
0.0180671790149




layer number :  18
157.905621373
0.0567099000327

jsonTime
0.0294378139079
3.23443354107
0.0599516720977
0.00552510214038
0.999565063044
0.004818379879
0.00408173282631
0.673872997984
0.00856118602678
0.0257067058701
0.00855408702046
5.3475657329
0.0526611539535
0.00413810205646
0.00404887506738
2.86107483599
0.0167558249086
0.00435613305308

layerTime
0.00792745407671
32.3376830979
0.00311696808785
0.00192948896438
9.03929089685
0.0021392761264
0.00209962413646
7.77298723394
0.00446131709032
0.00867126113735
0.00436512916349
57.131178115
0.00251434789971
0.00178125500679
0.00180996092968
38.1208497391
0.00433590798639
0.00222110189497

checksumTime
0.00407986296341
0.00205897097476
0.00175853981636
0.00161626306362
0.00207814504392
0.0018759870436
0.00187286105938
0.00475017493591
0.00416655396111
0.00406819186173
0.00394960399717
0.00220570806414
0.00177252013236
0.00176331680268
0.00192132405937
0.00209764298052
0.00181224104017
0.00884539005347




layer number :  18
158.606167061
0.111101211049

jsonTime
0.00837005791254
2.872329365
0.0636294060387
0.0279882459436
1.02668251796
0.00498462095857
0.012928643031
0.636257001897
0.00473546399735
0.00433663884178
0.00408196193166
5.05686144088
0.0202532100957
0.00769415101968
0.00743042584509
3.07305466803
0.00828416110016
0.00494500505738

layerTime
0.00440444191918
33.3384575201
0.0667666639201
0.011178979883
9.45306828897
0.00217040418647
0.00414942391217
8.53235166008
0.00213455385529
0.00213200016879
0.00180653901771
57.5107455091
0.0156581390183
0.00375514500774
0.00412989105098
36.6329750512
0.00242619402707
0.00175754982047

checksumTime
0.00375103997067
0.00419398397207
0.00389121309854
0.0044008102268
0.00208934792317
0.00189035991207
0.00199855514802
0.00307104899548
0.00210794410668
0.00199084402993
0.00162344006822
0.00432992493734
0.0038056508638
0.00348090007901
0.00359429093078
0.00157485879026
0.00198400602676
0.00861297105439




layer number :  18
159.547441376
0.077474219026

jsonTime
0.00816212990321
3.21071295999
0.059695814969
0.00665680901147
1.27144060005
0.00508450111374
0.00402874592692
0.59028376895
0.00490827322938
0.00422198092565
0.00397932599299
5.06422642805
0.0188246939797
0.0260791699402
0.00948248710483
3.08423404186
0.0306082530878
0.00443833391182

layerTime
0.00419528712519
33.5219260289
0.00308298319578
0.004330632044
9.32665094291
0.00235855788924
0.00185275007971
8.31326524005
0.00211482797749
0.00213022506796
0.00224955589511
57.5136208469
0.00487487600185
0.00871320697479
0.00406785798259
37.2723494582
0.00427330005914
0.00199800403789

checksumTime
0.00377027899958
0.0141938249581
0.00197122083046
0.00358609599061
0.00206402805634
0.00228559807874
0.00166471791454
0.00233379588462
0.00194499990903
0.00163541501388
0.00192048214376
0.00429128808901
0.00408096401952
0.0039590629749
0.00411801598966
0.00213369680569
0.0021005559247
0.00904291006736




layer number :  18
160.416097401
0.101917532971

jsonTime
0.00840783421881
2.7375439289
0.0595993879251
0.0137416329235
0.9284994849
0.00911887199618
0.0261199541856
0.830683405977
0.00516740116291
0.00418876600452
0.00432194583118
4.7373038549
0.00797568890266
0.00420132395811
0.00458726217039
2.71146014892
0.0204343891237
0.00902174692601

layerTime
0.00438924389891
33.0991543361
0.00333494297229
0.00524742598645
8.41911540995
0.00428750389256
0.00846402300522
8.65071388287
0.00213214801624
0.00185086601414
0.00188627908938
60.2039565709
0.00240367208607
0.00206905999221
0.00200810097158
37.693653255
0.0154052090365
0.00439980300143

checksumTime
0.00403353897855
0.00218308204785
0.00191220105626
0.00227996008471
0.00406571221538
0.00402249093167
0.00411738292314
0.00315304100513
0.00222653988749
0.00158166512847
0.00159727106802
0.00229277717881
0.00222671590745
0.00169065897353
0.00177390803583
0.00453948392533
0.00409546797164
0.0174393870402




layer number :  18
157.230652082
0.0872253449634

jsonTime
0.00820282194763
3.22547603888
0.0797750139609
0.0103409080766
1.01613086602
0.0136252378579
0.0045732811559
0.701736887917
0.00483911298215
0.00431080395356
0.0041666389443
4.9880803281
0.0169016299769
0.00827973801643
0.00846343697049
3.13161967089
0.0196482860483
0.00922379689291

layerTime
0.0041249319911
32.586518358
0.0672206250019
0.00472797988914
8.69717774098
0.00434412108734
0.00224659894593
8.08587504714
0.00240958784707
0.00197694217786
0.00202692695893
56.4296958421
0.00512668513693
0.00434388802387
0.00421556388028
37.891170114
0.015722281998
0.00436737504788

checksumTime
0.00353419804014
0.00211986107752
0.00857120798901
0.00396210700274
0.00204735714942
0.00186315295286
0.00196400796995
0.00227314303629
0.00164178200066
0.00181662896648
0.00165821495466
0.00403972784989
0.00392919685692
0.00404316815548
0.0038843350485
0.00457875407301
0.0038657260593
0.0173224790487




