layer number :  15
62.2519410732
0.051208387129

jsonTime
2.14703480504
0.00564360199496
2.99274377897
0.00588608905673
0.184394406155
0.437131328974
0.00558970286511
0.00583408307284
0.00485770287924
0.0146257609595
0.00575139094144
0.00446048215963
0.00503430701792
0.00485510891303
0.00442240713164

layerTime
20.0427274059
0.00231798086315
28.01619686
0.00219838810153
1.38185694395
6.85723833204
0.00238472106867
0.00215533794835
0.00213190214708
0.00358558888547
0.00193826691248
0.00191314588301
0.00211507896893
0.00201684003696
0.00179158197716

checksumTime
0.00234171911143
0.00174938305281
0.0019694629591
0.00177244283259
0.0134442988783
0.00242343312129
0.00215252698399
0.00190672301687
0.00192691106349
0.00216841115616
0.00192947499454
0.00189330405556
0.00186546496116
0.00180213199928
0.00874888105318




layer number :  15
60.439990975
0.0489938450046

jsonTime
1.97387876292
0.00502883293666
2.91219462617
0.00571095594205
0.195096113021
0.467136435909
0.00509039009921
0.0242373631336
0.00944895693101
0.0101902158931
0.0106287880335
0.00839653308503
0.00862607616
0.00878911791369
0.0085845917929

layerTime
18.986373567
0.00241524307057
27.9357735729
0.00216423091479
1.39528270392
6.2968240981
0.00211733579636
0.00803482392803
0.00451182806864
0.00436659995466
0.00445196800865
0.00434550596401
0.00450039491989
0.00457322993316
0.00430488912389

checksumTime
0.00212159310468
0.00175664387643
0.00220454414375
0.00195130403154
0.00316036911681
0.00208602193743
0.00183489802293
0.00441706413403
0.00366771197878
0.00369157502428
0.0037676889915
0.00379586289637
0.0210279100575
0.00376704917289
0.0168924329337




layer number :  15
60.4866968461
0.0491585941054

jsonTime
2.14801997202
0.0133557468653
2.65572575293
0.00598961510696
0.178948418936
0.441658068914
0.00536759197712
0.0060175221879
0.00508554303087
0.00518392608501
0.00549126416445
0.0129394768737
0.00553478696384
0.00473932106979
0.00468062399887

layerTime
19.3270898031
0.00481238402426
27.9967624501
0.00242018606514
1.08726226306
6.44846402598
0.00208491808735
0.00220460491255
0.00209525111131
0.00207589706406
0.00201154593378
0.00298767606728
0.00186029495671
0.00203269091435
0.00209035584703

checksumTime
0.00217460701242
0.00219705607742
0.0023381258361
0.00213192193769
0.0153308750596
0.00285667506978
0.00175570580177
0.00192664097995
0.00185825582594
0.00181364780292
0.00201348704286
0.00208808714524
0.00199398188852
0.00196889019571
0.00836092908867




layer number :  15
69.0418571229
0.0514784757979

jsonTime
2.11131811305
0.00560021284036
3.04121946194
0.152884658892
0.227355358889
0.473647736013
0.0131737119518
0.00545029086061
0.00442351517268
0.00501829991117
0.00525207701139
0.012763320934
0.00450453511439
0.00463896710426
0.00402326602489

layerTime
20.9246672809
0.00213950895704
32.654515137
0.00441404408775
1.72040454205
7.51784839993
0.00433417409658
0.00215486111119
0.00211370293982
0.00191979506053
0.00223130080849
0.00316241197288
0.00216084695421
0.00208546500653
0.00199610600248

checksumTime
0.00223598815501
0.00186298415065
0.0160628140438
0.00367810204625
0.0207727539819
0.00219839205965
0.00178600009531
0.00204123486765
0.00167871802114
0.00174947502092
0.00182810612023
0.00208561797626
0.00175223895349
0.00165300187655
0.00979646109045




layer number :  15
62.021334352
0.0484323909041

jsonTime
2.16781121795
0.0133514809422
3.00645748107
0.00597658799961
0.181240676902
0.470393085852
0.00509762903675
0.00531320995651
0.00477253110148
0.00512630003504
0.00604324089363
0.0124242471065
0.00452607986517
0.00431047705933
0.00422124890611

layerTime
20.214744187
0.00474835815839
27.3162455731
0.00209220615216
1.63724805112
6.84366884595
0.00210847891867
0.00217955815606
0.00195325398818
0.00204479694366
0.00184043915942
0.00298217195086
0.00197395891882
0.00199465709738
0.0019710760098

checksumTime
0.00210280297324
0.00214638886973
0.00219119084068
0.00188125297427
0.00210339901969
0.00315451715142
0.00182328093797
0.00203668186441
0.00171381188557
0.00164972012863
0.00175593281165
0.00190117117018
0.00154492002912
0.00178359192796
0.00840551406145




layer number :  15
59.31819472
0.0464514989872

jsonTime
1.99577300507
0.00485806888901
2.64584252285
0.00595260900445
0.19735047291
0.453629539115
0.00525565701537
0.00590595300309
0.00449140509591
0.0166918530595
0.005396933062
0.00405962695368
0.0039723191876
0.00462653604336
0.00417105993256

layerTime
19.1156841789
0.00216090213507
27.558582363
0.00216745608486
1.43511143723
5.74094401207
0.00250013102777
0.00219416315667
0.00189883005805
0.00445499503985
0.00226801703684
0.00210630591027
0.00213442300446
0.00187651091255
0.00192325003445

checksumTime
0.00206106412224
0.00203137705103
0.00211062910967
0.00164955388755
0.00386749580503
0.00202860496938
0.00177445379086
0.00187260983512
0.00165763683617
0.0016842179466
0.00187162705697
0.00168128195219
0.00177771388553
0.00154929701239
0.00850944011472




layer number :  15
62.575151888
0.0482385829091

jsonTime
2.06381188682
0.0129008269869
2.92934463313
0.0061823008582
0.174811075907
0.537308514118
0.00522504909895
0.0145179878455
0.00526370294392
0.00495915301144
0.00536488508806
0.00446009892039
0.00459908507764
0.00507436017506
0.00426053116098

layerTime
18.885523041
0.00450656097382
29.4024025418
0.00215381802991
1.6777295582
6.68954662094
0.00229107681662
0.00449384120293
0.00217349897139
0.00210382603109
0.00210284395143
0.00201567215845
0.00205893302336
0.00219032284804
0.00225959997624

checksumTime
0.00199768715538
0.00209126295522
0.0199384521693
0.00184311298653
0.00221926788799
0.00227301195264
0.00195363513194
0.00215704995207
0.00210911897011
0.00177718396299
0.00167001504451
0.00165180186741
0.0106177688576
0.00204210495576
0.00912283291109




layer number :  15
61.362403274
0.0485525170807

jsonTime
2.16562229302
0.0128638749011
2.70604265598
0.00635525002144
0.174466054887
0.45531614311
0.0052233019378
0.00548167107627
0.00449903006665
0.00497227488086
0.0053143419791
0.0125516559929
0.00434088893235
0.00417445600033
0.00408716290258

layerTime
20.4201414541
0.00482910103165
27.27990102
0.00239403708838
1.06919366005
6.89752244391
0.00216400693171
0.00203069206327
0.00209127785638
0.00191434519365
0.00198786403053
0.00306311296299
0.00215329998173
0.00182500504889
0.0018889720086

checksumTime
0.00215018796735
0.00191180501133
0.00223814300261
0.00197256403044
0.0132080079056
0.00373004912399
0.00169123592786
0.00157706998289
0.00176110607572
0.00155056989752
0.00169024104252
0.00210839300416
0.00173929706216
0.00175660708919
0.00867008301429




layer number :  15
58.2304539871
0.0472923060879

jsonTime
2.09524481604
0.00478421105072
2.89881725796
0.029266766971
0.171480136923
0.442473134026
0.0151544190012
0.00505953701213
0.0045729521662
0.00500287790783
0.00556773110293
0.0125665250234
0.00525361509062
0.00400853995234
0.00407348992303

layerTime
17.89177292
0.00186007516459
27.180920488
0.00197002198547
1.05123151699
6.29496287694
0.00225413194858
0.00200525298715
0.00193046685308
0.00209590699524
0.00226010195911
0.00327945803292
0.00216803397052
0.00194611400366
0.00193921895698

checksumTime
0.00220998981968
0.00220952695236
0.0022064789664
0.00157079705968
0.00211063516326
0.00203757500276
0.00185024295934
0.00164957996458
0.00182138709351
0.00172818801366
0.00191092095338
0.0020997049287
0.00177976395935
0.00166437914595
0.00867342017591




layer number :  15
62.103554049
0.0517089390196

jsonTime
1.93320439104
0.00488987402059
2.88029908505
0.00786328804679
0.180117445998
0.457923424896
0.0058288439177
0.00494431890547
0.00485490099527
0.00511595397256
0.00514342589304
0.01253163605
0.00423300499097
0.00461773993447
0.00397106190212

layerTime
19.266483305
0.00208708201535
28.8611639719
0.00258522201329
1.63260244112
6.6985919571
0.00237228116021
0.00211227405816
0.00201994809322
0.00191509490833
0.00214113318361
0.00334940897301
0.00218543992378
0.00182128115557
0.0020794251468

checksumTime
0.00226097600535
0.00192966195755
0.00240689702332
0.00181664689444
0.0150780100375
0.00354517693631
0.00190272694454
0.00185799691826
0.0019319250714
0.00154678104445
0.00179088185541
0.00169005105272
0.00188052002341
0.00167400296777
0.0096347569488




