layer number :  24
99.7077663611
0.0664063598961

jsonTime
3.14918228099
0.0594331289176
0.00508250202984
0.0131320641376
0.00502851000056
0.00448284787126
0.874532529153
0.00489166309126
0.00511863804422
0.00533396797255
0.0256663360633
0.00483605777845
0.00530787790194
0.00506516103633
0.00449600396678
0.0143122749869
0.0568874059245
0.00491331308149
0.0040788941551
0.00401010084897
0.00485576596111
4.86441556807
1.39549146802
0.377966854954

layerTime
23.605414758
0.00353308394551
0.00205171201378
0.00516304187477
0.00239051086828
0.00233607506379
7.51902053994
0.00223827408627
0.00204677483998
0.00197546905838
0.0178148150444
0.0022074400913
0.00199128198437
0.00224812095985
0.00192756601609
0.00347634614445
0.0967913290951
0.00216874899343
0.00208425382152
0.00202986015938
0.0020518831443
41.676131167
11.9890323149
3.73937360314

checksumTime
0.00220465403982
0.00187394092791
0.00182759994641
0.00223685218953
0.00169772515073
0.00192879885435
0.00220274692401
0.00196037394926
0.00184197514318
0.00162274483591
0.00220481306314
0.00199282402173
0.00170735316351
0.00180813693441
0.00163418496959
0.00218693190254
0.00206963601522
0.00183757883497
0.00173057219945
0.00200926885009
0.00171624496579
0.0022395469714
0.00200459407642
0.0110957890283




layer number :  24
97.9038194208
0.0798086198047

jsonTime
3.24264977011
0.0596594610251
0.0140628130175
0.00449233897962
0.00477623101324
0.00439399597235
0.944831469795
0.0116716660559
0.00577948312275
0.014059982961
0.0171657910105
0.00494815898128
0.00503115612082
0.0049991379492
0.0136423681397
0.00577871897258
0.0660811399575
0.00494205788709
0.00422270107083
0.0153600329068
0.0177476690151
4.89056414715
1.12619897607
0.315434465883

layerTime
23.6211748009
0.00492236111313
0.00529149407521
0.00197923392989
0.00225733383559
0.00192933599465
7.05858651106
0.00224077398889
0.00203357893042
0.00404441007413
0.0143909261096
0.00208485289477
0.00203440990299
0.00189251103438
0.00323266698979
0.00196783500724
0.106195803965
0.00189552200027
0.00204923888668
0.00631243502721
0.00423058401793
40.1714917938
11.934126796
4.00811186107

checksumTime
0.00216728798114
0.00183582887985
0.00201849802397
0.00199090410024
0.00175496516749
0.00183038203977
0.00235226098448
0.00191738689318
0.00179170607589
0.00223687593825
0.00173191097565
0.00185552402399
0.00163601106033
0.00169360288419
0.00204380904324
0.00167847494595
0.00205118511803
0.00169185805134
0.00151112512685
0.00408786186017
0.00393864698708
0.00213169516064
0.0022749369964
0.0110473919194




layer number :  24
96.561302308
0.0661875009537

jsonTime
2.78919232613
0.0600081479643
0.00556103908457
0.0183021659032
0.00484550488181
0.00463423714973
1.08696006797
0.00477157509886
0.0133732839022
0.00517820613459
0.0164572729263
0.00484111509286
0.00538892997429
0.0136117148213
0.00466358894482
0.00496790604666
0.0664181890897
0.00492874998599
0.012381818844
0.00435289391316
0.00398044195026
4.37872899696
1.10962848598
0.325383613817

layerTime
23.6267712959
0.00778477801941
0.0022550157737
0.00258067902178
0.00220305006951
0.00240999390371
7.58668570989
0.00216311798431
0.00421696202829
0.00232005305588
0.0142582959961
0.00207099900581
0.00238186400384
0.00329593801871
0.00186458206736
0.00188981415704
0.0866823541
0.00216500204988
0.00316997617483
0.00216454197653
0.00234146602452
39.8078106521
11.6007698399
3.71909753513

checksumTime
0.00251954095438
0.00210509006865
0.00199784315191
0.00222733407281
0.00188591890037
0.00212251208723
0.00211664009839
0.00177060696296
0.00197510793805
0.00169079191983
0.0019065530505
0.00178851792589
0.00161594711244
0.00189841911197
0.00164808984846
0.001552764792
0.0021787029691
0.00175251998007
0.00186102092266
0.00215420708992
0.00203657802194
0.00252878596075
0.00210551219061
0.0100794509053




layer number :  24
99.1767938999
0.0654872220475

jsonTime
2.97624770296
0.0596753549762
0.00528582697734
0.013925756095
0.0045011441689
0.00470163393766
0.878700628877
0.00600104196928
0.00502582802437
0.00498300115578
0.0248646209948
0.00573362014256
0.00507712899707
0.00500776991248
0.00497797410935
0.01342574507
0.0667793340981
0.54318930814
0.00829842407256
0.00800529285334
0.00801952905022
4.4035120348
1.14025115408
0.322611877928

layerTime
24.6864599921
0.00345428101718
0.00223680818453
0.00494265300222
0.00221708184108
0.00196023611352
7.99722313904
0.00220583193004
0.00211875699461
0.00192673387937
0.0179535001516
0.00228595105
0.00192036293447
0.00200640503317
0.00190896494314
0.00345779000781
0.0958662379999
0.00452915485948
0.00439578690566
0.00478447601199
0.00446738488972
40.9460076021
11.150111431
3.5826702402

checksumTime
0.00230112113059
0.00218744482845
0.00197502784431
0.002197207883
0.00199405709282
0.00196139793843
0.00195316015743
0.00157664995641
0.0017005619593
0.00175000098534
0.00217277882621
0.00189594784752
0.00162809318863
0.00163656193763
0.00153352902271
0.00221628881991
0.00214280793443
0.00384859903716
0.00388743309304
0.00433558900841
0.00403829221614
0.00221756892279
0.00218147388659
0.0104811778292




layer number :  24
98.3538678149
0.067566615995

jsonTime
3.16499908501
0.0596566048916
0.00540475198068
0.00410610996187
0.0129165488761
0.0049653921742
0.940758554963
0.00635563116521
0.00534447608516
0.00761648383923
0.0169514699373
0.0129543850198
0.0054255540017
0.00509696383961
0.00506190699525
0.00472476286814
0.0750681550708
0.0100526260212
0.00832976796664
0.00812456407584
0.00813231896609
4.33500866708
1.15062903007
0.316431843909

layerTime
24.274439259
0.00329200411215
0.00206481898203
0.00197072606534
0.00485538714565
0.00185963488184
7.62006291421
0.00238754483871
0.00233217701316
0.0023932850454
0.0142986311112
0.00383272697218
0.00201003509574
0.00221836194396
0.0021472570952
0.00194077007473
0.197867573937
0.00468292087317
0.0043003379833
0.00442557106726
0.00431884801947
40.213299596
11.5320166738
4.08855166216

checksumTime
0.00204465119168
0.00232491292991
0.00183064001612
0.00189326400869
0.00208255182952
0.00157703598961
0.0216168637853
0.00202122004703
0.00206298800185
0.00189799303189
0.00178826600313
0.00215178495273
0.00173419504426
0.00184246106073
0.00160225201398
0.00164858694188
0.00420844112523
0.00407097209245
0.00386268692091
0.00399507395923
0.00387903000228
0.0021382109262
0.00202467408963
0.0446955098305




layer number :  24
97.6514186931
0.0691640861332

jsonTime
2.87606180203
0.0592111609876
0.00568655086681
0.00481608393602
0.013038208941
0.00475139101036
0.899074777961
0.00523789296858
0.00523137417622
0.00492076994851
0.0165640590712
0.013670170214
0.00520877307281
0.00516727892682
0.00479505700059
0.00445513008162
0.0761352579575
0.00500137801282
0.00429219193757
0.00397820607759
0.00401697400957
4.80250242888
1.13628033991
0.30462282896

layerTime
24.0871111669
0.00298200407997
0.00236160797067
0.00220253085718
0.00495257414877
0.0025598378852
7.49165579118
0.00206689606421
0.0019822018221
0.00210454408079
0.014265478123
0.00395262497477
0.00218669790775
0.0019828369841
0.00222965888679
0.00198243302293
0.106115465984
0.00205765804276
0.00199712999165
0.00209635798819
0.00204336387105
39.7305422581
11.5655349072
4.19356358401

checksumTime
0.00223302398808
0.00220682402141
0.00193168618716
0.00190037605353
0.00195505796
0.00198415806517
0.0208893369418
0.00191278685816
0.00182621111162
0.00175250181928
0.0019180458039
0.0019412599504
0.00205669202842
0.00165581307374
0.00174257298931
0.00172465504147
0.0023789149709
0.00195430708118
0.0018147979863
0.00177415693179
0.00174544518813
0.0021462419536
0.0140904518776
0.00970760616474




layer number :  24
96.1704844031
0.0681807801593

jsonTime
2.95490091899
0.060035845032
0.00520174601115
0.00432194303721
0.013453498017
0.00471004704013
0.877007876989
0.0058682160452
0.00552005390637
0.0134687249083
0.0170496948995
0.00483138090931
0.00495743891224
0.00552365090698
0.0131487168837
0.00473494781181
0.0761973201297
0.00485038594343
0.00427777785808
0.0041772571858
0.00512062315829
3.94595796801
1.12471819785
0.334027735051

layerTime
24.0447388699
0.00507458602078
0.00227791699581
0.00189139088616
0.0053915118333
0.0021370430477
7.54620248196
0.0023817429319
0.00216291402467
0.00389167992398
0.0142082630191
0.00195339904167
0.00202811695635
0.00200889096595
0.00332004902884
0.00220951018855
0.0959111889824
0.00214966200292
0.00212106807157
0.010681129992
0.00239997589961
39.722831948
11.1417974271
3.92035277491

checksumTime
0.0116643360816
0.00193919683807
0.00201946310699
0.00168477208354
0.00228670309298
0.00168385496363
0.00219476898201
0.00176558806561
0.00173821812496
0.00194438709877
0.00198313011788
0.00180496904068
0.00185274216346
0.00166386808269
0.00192914716899
0.00173707981594
0.00204719509929
0.00213474198245
0.00179616594687
0.00368119985797
0.00199643196538
0.00217541214079
0.00222791498527
0.0104519680608




layer number :  24
97.4381020952
0.118424955057

jsonTime
3.14383562491
0.0408981901128
0.00575116602704
0.012626338983
0.00937077682465
0.00842909188941
1.18470959505
0.004902160028
0.00503232586198
0.00543555500917
0.0253672190011
0.00988681707531
0.00967757101171
0.00945402798243
0.00910302717239
0.00931149395183
0.0895303699654
0.554508215049
0.0082492060028
0.00835069804452
0.00839301105589
4.47683027503
1.10390305216
0.325443295995

layerTime
23.4560668692
0.0204668699298
0.00213652080856
0.0105535590556
0.00429755216464
0.00478447903879
7.70627127192
0.00211923196912
0.00213084905408
0.00211211410351
0.0249138888903
0.00462953583337
0.00416966993362
0.00445407791995
0.00417624996044
0.00453864806332
0.251681627007
0.00509954197332
0.0044673779048
0.0174651450943
0.00443778396584
40.3117304479
10.8475500289
3.45137450704

checksumTime
0.00214541587047
0.00226742704399
0.0018065541517
0.00432564597577
0.00391259696335
0.00401185802184
0.00253470311873
0.00200290000066
0.00185670191422
0.00161447399296
0.0167729731183
0.00384458014742
0.00383635004982
0.00394381093793
0.00400214502588
0.00396066391841
0.0041882309597
0.00371883809566
0.00392794702202
0.00393870682456
0.00397270498797
0.00233099004254
0.0022944980301
0.00956654595211




layer number :  24
96.92142099
0.0600270701107

jsonTime
2.93800651794
0.0595499388874
0.0132463250775
0.00468322704546
0.0042303618975
0.00411198311485
1.07114936714
0.00497779715806
0.0143924111035
0.00512792286463
0.0177179360762
0.00459952582605
0.0050830130931
0.00505470717326
0.0135321700945
0.0053744178731
0.0457633440383
0.00512282596901
0.00501507101581
0.0126086361706
0.00551734818146
4.82051620702
1.16421816708
0.324018234853

layerTime
23.9046600081
0.00304162804969
0.00499423407018
0.00220272201113
0.00212419312447
0.00202292599715
7.63496711687
0.00221339287236
0.00423027900979
0.00203881203197
0.0145296689589
0.0020361142233
0.00204549892806
0.00188724300824
0.00326447607949
0.00190622918308
0.126163959038
0.00213866890408
0.00179380108602
0.00335398386233
0.00213816994801
40.044970951
10.3087792099
4.1733494231

checksumTime
0.00218852399848
0.00209808093496
0.00204906496219
0.00194537895732
0.00207695388235
0.00177947687916
0.00214412598871
0.00195698300377
0.00222341995686
0.00181003799662
0.00189615809359
0.00161597481929
0.00174773996696
0.00179745978676
0.00210022297688
0.00184914888814
0.00210658996366
0.00191272702068
0.00171738793142
0.0020204349421
0.00195051287301
0.00221611303277
0.00229877210222
0.00959300296381




layer number :  24
97.3756289931
0.0660087619908

jsonTime
3.04294499778
0.0598878599703
0.00557713303715
0.0128905388992
0.00497427210212
0.0044756392017
0.974373010918
0.00521943415515
0.00525205489248
0.00577992992476
0.0255592640024
0.60143038095
0.0102675589733
0.00974168907851
0.00939197698608
0.0274195799138
0.0730405140202
0.00957967992872
0.00806371006183
0.00797019619495
0.00840963912196
4.07887040009
1.11546840402
0.320131484885

layerTime
23.2800963181
0.00338021107018
0.00197285600007
0.00509134214371
0.00238468195312
0.00186352594756
7.87555236812
0.00226854695939
0.0019466241356
0.00187475304119
0.0175403461326
0.00455383793451
0.00447917496786
0.00456100911833
0.00442392798141
0.00671407300979
0.258690570015
0.00437594996765
0.00435587298125
0.00447672395967
0.00443401397206
40.134576472
11.23815172
3.92023413908

checksumTime
0.00198107794859
0.00210200995207
0.00190776702948
0.00214320188388
0.00181418191642
0.00166821992025
0.0125259798951
0.00202072202228
0.00184373091906
0.00175201892853
0.00225455407053
0.00411343900487
0.00388575298712
0.00408771587536
0.00386221613735
0.00385512690991
0.00411163712852
0.00401666807011
0.0036289608106
0.00363828288391
0.00408997293562
0.00211331597529
0.00237738201395
0.017382072052




