layer number :  21
101.370787574
0.0653024998028

jsonTime
2.112202127
0.00551814609207
0.569684774848
0.0627425489947
0.0047822848428
0.00441093998961
0.00427402299829
0.00459564500488
3.32240596693
0.0688422110397
0.339288915973
0.00860767811537
0.00862312503159
0.987716570962
0.00459445687011
0.0129699080717
0.00443222606555
0.0048193638213
0.0734194819815
0.00495418091305
0.00420522107743

layerTime
22.922006889
0.00240338081494
8.29078243906
0.065906799864
0.00198725401424
0.00197206414305
0.00189957208931
0.00199675792828
51.876131804
0.0268335479777
2.71262100595
0.00508048594929
0.00437827710994
7.55970781506
0.00203984510154
0.00398286595009
0.00234241690487
0.00208473717794
0.138056405121
0.00210102694109
0.00218213093467

checksumTime
0.00305235106498
0.00205508922227
0.00219065207057
0.00354548310861
0.00172121799551
0.0017376858741
0.00159356510267
0.00177588802762
0.00204629194923
0.00825050706044
0.00539709697478
0.00394346402027
0.00391435693018
0.00215065502562
0.00200491095893
0.00205610692501
0.00209173513576
0.00207816087641
0.00199668202549
0.00197242409922
0.00852699903771




layer number :  21
103.854183358
0.0823350271676

jsonTime
2.12395742489
0.0050664190203
0.543981018942
0.0628081168979
0.0125520438887
0.00454548606649
0.00429734610952
0.00427815294825
3.38614711002
0.0441664590035
0.353123815032
0.00861274800263
0.00888623902574
0.98955073813
0.00463309301995
0.0133263578173
0.00461713317782
0.00428947503679
0.0719448660966
0.00880450406112
0.00828600698151

layerTime
23.171115574
0.00214182911441
8.36520054005
0.0557949671056
0.00402755709365
0.00232361699454
0.00214864895679
0.0020368990954
54.0599232458
0.0973850348964
2.70233771391
0.00463747698814
0.00428555510007
7.36675709696
0.00201459391974
0.00409266515635
0.0020500079263
0.00178476586007
0.152940883068
0.00429527880624
0.00429342593998

checksumTime
0.016521679936
0.00220382609405
0.00210701394826
0.0020245090127
0.00205109384842
0.00206595193595
0.00181520101614
0.00167462904938
0.00446235109121
0.00412915414199
0.00496513792314
0.00393950100988
0.00398083194159
0.00218774401583
0.00157326809131
0.00206360081211
0.00170253403485
0.00180954299867
0.00424230494536
0.00363642419688
0.0214221810456




layer number :  21
103.736763611
0.0836524090264

jsonTime
2.092125725
0.00500149209984
0.548944812035
0.0636382079683
0.0125424710568
0.00470543419942
0.00537992408499
0.00408466509543
3.91079183412
0.0839916949626
0.351533515146
0.007844701875
0.00657556788065
0.898784112185
0.00496821315028
0.0126655171625
0.00455281604081
0.00456221215427
0.0760769399349
0.00855115707964
0.00874845008366

layerTime
23.2843177761
0.00231323600747
8.22857930604
0.0556251439266
0.00386229599826
0.00219503277913
0.00201624399051
0.00187225290574
53.540469199
0.0571163170971
2.69923609402
0.00380088505335
0.00336927408352
7.37299871491
0.00218793889508
0.00412375782616
0.00210780394264
0.00221052090637
0.180435173912
0.00417149090208
0.00438549998216

checksumTime
0.00392173277214
0.00200512190349
0.00214697304182
0.00193118513562
0.00194821180776
0.00201742700301
0.00166683993302
0.00173443206586
0.00462845689617
0.0042502079159
0.00490295398049
0.00325771002099
0.00275364192203
0.00222388491966
0.00182536197826
0.00217474414967
0.00223616487347
0.00170015706681
0.00433912011795
0.0040309089236
0.0222100811079




layer number :  21
100.013948231
0.0817760820501

jsonTime
2.11018847604
0.00580637389794
0.570850778138
0.113702242961
0.0252410729881
0.00856386707164
0.00852329004556
0.00798313692212
4.09249699698
0.0601141811348
0.273313727928
0.00443310895935
0.00408187881112
0.718073582044
0.00456750392914
0.0135406530462
0.00427586887963
0.00452119298279
0.0727396130096
0.00861425488256
0.00826487806626

layerTime
21.906910066
0.00234974594787
7.12318873988
0.167906991905
0.00859500211664
0.0042939458508
0.00447667506523
0.0041463971138
53.1343506861
0.0102528349962
2.54145668913
0.00199975213036
0.00210065417923
6.45060932497
0.00207147211768
0.00413707690313
0.00225254404359
0.00211722007953
0.337267049821
0.00483175599948
0.00417484389618

checksumTime
0.0158939000685
0.00205688201822
0.00427164207213
0.00404013297521
0.00414548697881
0.00399647909217
0.0038495559711
0.00383475283161
0.00207883189432
0.00203053699806
0.00234868191183
0.0017595780082
0.0019506609533
0.00212638289668
0.00178772700019
0.00196758005768
0.00206777197309
0.0019513880834
0.00408264016733
0.003644450102
0.0210072949994




layer number :  21
98.6074735539
0.0818232959136

jsonTime
2.00944971805
0.0051240620669
0.651869665133
0.0833448150661
0.0124013768509
0.0046192179434
0.00409929291345
0.00402051303536
3.49558993708
0.0645699228626
0.346777817002
0.00907758809626
0.00845333305188
0.998193247942
0.00451643997803
0.0128919680137
0.00409724307247
0.00419606012292
0.0941194540355
0.209767811
0.00807687803172

layerTime
21.1294629141
0.002044291934
8.0748724849
0.0354240071028
0.00426409207284
0.00190208898857
0.002061777981
0.00214953906834
50.6351722381
0.0610257009976
2.76397733414
0.00448950799182
0.00451507489197
7.49385842308
0.00216070120223
0.00396803603508
0.00207599089481
0.00181710999459
0.16170814191
0.00460887001827
0.00445089396089

checksumTime
0.0168253569864
0.00214198790491
0.00233101192862
0.00198991503567
0.00208276603371
0.00197609001771
0.00198380509391
0.001869575819
0.00435026292689
0.00371103105135
0.00415994389914
0.00435783294961
0.00381687609479
0.00721719884314
0.00189606891945
0.00182389793918
0.00172700197436
0.00153314787894
0.00472913705744
0.00405512307771
0.0180355368648




layer number :  21
101.127975956
0.0847810020205

jsonTime
1.99901201506
0.00482457014732
0.543608231936
0.0666310968809
0.0208848540206
0.00805472792126
0.00719098490663
0.00666467496194
3.99826615117
0.0606457181275
0.270820410922
0.00476900697686
0.00457820203155
0.737507738173
0.00478152185678
0.0130817850586
0.00462041306309
0.00433968799189
0.0837544209789
0.00499840802513
0.00419685104862

layerTime
22.6971876048
0.00218240497634
8.39111894602
0.118481551064
0.00717434682883
0.00358915701509
0.00363451195881
0.00349156209268
51.8369360068
0.0101575020235
2.57339282497
0.00236144196242
0.00222863885574
7.31267702184
0.00219246209599
0.0040195628535
0.00191619596444
0.00206548091955
0.130846391199
0.0022386200726
0.0022173251491

checksumTime
0.0166347629856
0.00206484994851
0.00432798918337
0.00308477901854
0.00350434612483
0.00327321211807
0.00341107905842
0.00318119185977
0.00217404100113
0.00194235797971
0.00259088119492
0.00205374695361
0.00186479603872
0.00735526415519
0.00206037797034
0.00195132708177
0.00162108405493
0.0018284379039
0.00213550287299
0.00191102083772
0.00912660895847




layer number :  21
104.81117024
0.0657148968894

jsonTime
2.14382367581
0.00501632899977
0.575798091013
0.0633189450018
0.00859633111395
0.00838230503723
0.00847104890272
0.0262275799178
4.07615910191
0.082162237959
0.343828932149
0.00880691409111
0.00877819396555
0.96086763707
0.00513696693815
0.0127826048993
0.00467445701361
0.00427421089262
0.0732777509838
0.00848254701123
0.00859787105583

layerTime
22.9979137762
0.00229292782024
8.55084716901
0.0568121739198
0.00452723889612
0.00420423503965
0.00434681004845
0.00687726493925
54.0458920381
0.0774715470616
2.70665219589
0.00433678599074
0.00433965609409
7.43574729515
0.00222256407142
0.00388946500607
0.00190402800217
0.00207237410359
0.288338169921
0.00427613197826
0.00444207084365

checksumTime
0.00231445999816
0.00202563102357
0.00276732910424
0.00389389996417
0.00406671594828
0.0039387580473
0.00354700302705
0.00408853311092
0.00444477796555
0.00756728486158
0.00514336698689
0.00388382701203
0.00425154180266
0.00715497788042
0.00195006304421
0.00211504707113
0.00177763402462
0.00177630293183
0.00442167720757
0.00389590393752
0.0216984211002




layer number :  21
98.0256852699
0.051016888814

jsonTime
1.60291659902
0.0336489460897
0.637180797057
0.0714087369852
0.00573104806244
0.00900019309483
0.00842555891722
0.00808667810634
4.04554571002
0.0919930180535
0.347540894058
0.00905436114408
0.00907431100495
0.988076189999
0.00561224785633
0.00479290401563
0.00455887499265
0.00404434092343
0.08230731613
0.00865595205687
0.0082335670013

layerTime
21.348894787
0.00478860200383
7.11842892389
0.055594627047
0.00463118986227
0.00436541391537
0.0041993081104
0.0041543499101
50.924394679
0.0689224100206
2.74529203097
0.00434013595805
0.00441670091823
7.45915985201
0.00196257117204
0.00209359708242
0.00215078517795
0.00189715600573
0.130494576879
0.00431892904453
0.00449577509426

checksumTime
0.00416225381196
0.00413074996322
0.00215250207111
0.00382223306224
0.00430116592906
0.00363327306695
0.00365991797298
0.00411087390967
0.00465520098805
0.00435250601731
0.00421876087785
0.00401899195276
0.0042982250452
0.00292286509648
0.00217352388427
0.00190802384168
0.00181082799099
0.00181359495036
0.00429982901551
0.00403164187446
0.0184505588841




layer number :  21
101.439319959
0.076727875974

jsonTime
2.21096659219
0.00577138992958
0.585170872044
0.0636830059811
0.0129128620028
0.00481054792181
0.00450247502886
0.00811285921372
3.68170188786
0.061062384164
0.307389531052
0.00873237289488
0.0085376969073
0.96991523914
0.00470458390191
0.0129337508697
0.00444427900948
0.00438424805179
0.0718895620666
0.00472127995454
0.00437461398542

layerTime
21.5852950178
0.00231084809639
7.93231012602
0.055592518067
0.00415412010625
0.00209827418439
0.00319223990664
0.00447422079742
53.1857640562
0.00563339004293
2.73657653807
0.00456988601945
0.00431874906644
7.57716992684
0.00213354709558
0.00411793403327
0.00241489708424
0.00210076291114
0.126998509979
0.00231462903321
0.00193930906244

checksumTime
0.0165683401283
0.00204223091714
0.00224851001985
0.00199451879598
0.00227056699805
0.00192447286099
0.00374995497987
0.0040168191772
0.00227558379993
0.00202597887255
0.00527788791806
0.00410779705271
0.00384721998125
0.00235683610663
0.00174765707925
0.00195729290135
0.00184789695777
0.00183509197086
0.00183229311369
0.00210341298953
0.00865336391144




layer number :  21
100.981714931
0.0818598121405

jsonTime
2.14073877805
0.00491167698056
0.569956830936
0.0628411939833
0.0126219019294
0.00467944005504
0.00431845919229
0.00429093302228
3.92419237713
0.0611230540089
0.277571460931
0.00489654205739
0.00413284404203
0.956435977016
0.00858510099351
0.0269531600643
0.00835076905787
0.430692364927
0.103409253061
0.00906673702411
0.00834210193716

layerTime
21.6555434931
0.00203053513542
8.30447624298
0.0556592929643
0.0040696891956
0.00210963794962
0.00214928598143
0.00192780210637
51.9148441409
0.0057948990725
2.79807659611
0.00226016691886
0.00193114299327
7.0815975701
0.00484464899637
0.00813192804344
0.00447802408598
0.00501521816477
0.332795772934
0.00436000688933
0.00455655902624

checksumTime
0.00234084087424
0.00191035587341
0.00209339312278
0.00205643102527
0.00208834279329
0.0018581179902
0.00191450188868
0.00172166083939
0.00217840098776
0.00207929103635
0.00247562793083
0.00199073390104
0.00162393599749
0.00426364899613
0.00424192496575
0.00405305880122
0.00408042292111
0.00410929997452
0.00440883706324
0.00421687797643
0.0176648350898




