layer number :  6
115.347607491
0.0331622317899

jsonTime
1.58771774708
0.00885989819653
0.00817660614848
0.313357925974
0.0274329071399
6.52959562

layerTime
15.7386017351
0.00462890183553
0.00448910100386
2.85835994198
0.0180144049227
88.158377602

checksumTime
0.00447205780074
0.00402184203267
0.0037768878974
0.00442342692986
0.00417937012389
0.0340526208747




layer number :  6
114.080347544
0.0335153068881

jsonTime
1.60971482401
0.00867002806626
0.00860445597209
0.310398434987
0.0131825827993
6.0970247041

layerTime
15.0612051592
0.00455172499642
0.00418492592871
2.796744416
0.00690462905914
88.0844546619

checksumTime
0.00457038590685
0.00392697402276
0.00354428892024
0.00278636720031
0.00165721098892
0.0229453009088




layer number :  6
113.577561183
0.0361767439172

jsonTime
1.56532678707
0.00982092716731
0.00849146302789
0.315232467139
0.0410879990086
6.96834089211

layerTime
15.7776431779
0.00466228695586
0.00425284379162
2.86358339991
0.0147764869034
85.9157249848

checksumTime
0.00487458892167
0.00406042207032
0.00392660102807
0.00405732309446
0.00398696097545
0.0297499899752




layer number :  6
108.660878948
0.0322883070912

jsonTime
1.662250011
0.00835128012113
0.00771852815524
0.322341318009
0.0218582870439
6.19167881599

layerTime
15.7486384881
0.00364063796587
0.00388181884773
2.45135251083
0.0113687869161
82.164285711

checksumTime
0.00391809293069
0.00332114589401
0.0036986421328
0.0021812710911
0.00516863400117
0.0112572619691




layer number :  6
108.370765744
0.0351682330947

jsonTime
1.64654925186
0.00525671499781
0.00427618902177
0.197348027024
0.043145357864
6.08904809691

layerTime
14.5786052751
0.00225988891907
0.0019624279812
2.90786925913
0.0164085880388
82.8177132101

checksumTime
0.00441696099006
0.00194646092132
0.00157267902978
0.00307940295897
0.00205389410257
0.010324933799




layer number :  6
109.47047766
0.0374193259049

jsonTime
1.61235658405
0.0050182628911
0.00511257397011
0.22541142907
0.0165572289843
5.91410282813

layerTime
15.4702264271
0.00225854595192
0.00238862400874
1.82761033601
0.0139874201268
84.3138433038

checksumTime
0.00256218994036
0.00180109823123
0.00215008482337
0.00249333400279
0.00211454485543
0.0112375100143




layer number :  6
113.847297967
0.0346324499696

jsonTime
1.61587287206
0.0132930770051
0.00446349103004
0.256968655158
0.0290221439209
6.4852903909

layerTime
16.0602762259
0.00438863085583
0.00218484085053
2.55183172994
0.0171102441382
86.74423765

checksumTime
0.00227942806669
0.00214010314085
0.00213187397458
0.00597447995096
0.00392025709152
0.00932346493937




layer number :  6
106.757430527
0.0333965688478

jsonTime
1.60866785608
0.00546656199731
0.00425676815212
0.269065721892
0.0247400561348
6.41771252314

layerTime
15.498412028
0.00214263284579
0.00233796890825
2.867457496
0.0134205128998
79.984871035

checksumTime
0.00230213813484
0.00191100104712
0.00181143498048
0.00415304000489
0.00342467403971
0.00988389085978




layer number :  6
100.180262427
0.036878070794

jsonTime
1.60704868101
0.00539374700747
0.00552562391385
0.218507854035
0.015303340042
6.14788391092

layerTime
15.0157735411
0.00238148006611
0.00226950598881
2.71187635208
0.0152703200001
74.3595228342

checksumTime
0.0149805559777
0.00229822099209
0.00194462691434
0.00296254386194
0.00203965906985
0.0099687888287




layer number :  6
96.783951788
0.0595525270328

jsonTime
1.62613092922
0.00896595208906
0.00865467195399
0.3202724359
0.0132435441483
6.14750600909

layerTime
14.6376001649
0.00445019383915
0.00444879708812
2.54464686615
0.00691220490262
71.3565069858

checksumTime
0.0188246699981
0.00430625514127
0.00387285696343
0.00212984881364
0.00181116606109
0.0110056099948




