layer number :  24
73.834688582
0.0681639509276

jsonTime
0.00770846405067
2.06278049597
0.00876335101202
0.00893482309766
3.825896936
0.0157750211656
0.00499366596341
0.00462773209438
0.00470164301805
0.00467287097126
0.00482345907949
0.0129699169192
0.352460530121
0.0132554769516
0.00452470197342
0.195491113001
0.00483444216661
0.0141064848285
0.00610260409303
0.407501283102
0.00467290589586
0.00465433509089
0.00415357504971
0.00400544889271

layerTime
0.00425260188058
19.886754385
0.00460235984065
0.00438548997045
37.8024851179
0.0051294118166
0.00240963906981
0.0021660819184
0.00208855280653
0.00208253902383
0.00216226303019
0.00334501708858
3.89773590304
0.00403893389739
0.00212929700501
1.45753344009
0.00243816478178
0.00321446801536
0.002186819911
3.60372460308
0.0021914918907
0.00198333594017
0.00179841392674
0.002023300156

checksumTime
0.00366530613974
0.0211677621119
0.00382162304595
0.00377129600383
0.00258278893307
0.00206576404162
0.00205783103593
0.00173482205719
0.00202634115703
0.00171514693648
0.00194954290055
0.00209207693115
0.0022016109433
0.00210746307857
0.00193569599651
0.00228462391533
0.00189750920981
0.00196829298511
0.00196694396436
0.00288905901834
0.00197331001982
0.00183080206625
0.00169836706482
0.00815629493445




layer number :  24
70.6690277969
0.100548865972

jsonTime
0.00811135186814
2.01046902407
0.00480449106544
0.00437834579498
3.11729686684
0.0156224418897
0.00508668692783
0.00461124815047
0.0048305329401
0.0127377028111
0.00463002198376
0.00438270601444
0.381675689016
0.00945474300534
0.00849005114287
0.203952534124
0.00516634085216
0.00461638392881
0.0101172490977
0.586129521951
0.0046613838058
0.00408341712318
0.00455786497332
0.0129127199762

layerTime
0.00450480822474
18.8179301159
0.002126585925
0.00212761899456
36.133704365
0.00506023317575
0.00202066195197
0.00228360597976
0.00231399806216
0.00319896801375
0.0022822751198
0.00207902607508
3.91958669689
0.00417059403844
0.00427639205009
1.51290422701
0.00235006702133
0.00436569307931
0.00430900906213
3.62137382105
0.00225824001245
0.00184846296906
0.00203589512967
0.00344302598387

checksumTime
0.00415971991606
0.00405300804414
0.00180161511526
0.00210318318568
0.00229374808259
0.00223933998495
0.00200454401784
0.00204971991479
0.00202538911253
0.00213696900755
0.00209422688931
0.00193675607443
0.00438288389705
0.00428506894968
0.00380750885233
0.00225192098878
0.00196467107162
0.00366400089115
0.00361091690138
0.00236881012097
0.0017381310463
0.00193214789033
0.00190053298138
0.00988366594538




layer number :  24
81.469560321
0.0678559639491

jsonTime
0.00790531211533
2.12945779902
0.00491576688364
0.0233617948834
3.97188756312
0.011832816992
0.00839964183979
0.0252966620028
0.00859322096221
0.00805044500157
0.00810858909972
0.00827826815657
0.481428199913
0.00511318910867
0.0126419668086
0.170631000074
0.00882779504173
0.025499238167
0.0102457408793
0.545807715971
0.0123077540193
0.00462648295797
0.00428081396967
0.00431336998008

layerTime
0.0045750499703
22.318871777
0.00224272999913
0.011052871123
42.2273030849
0.00465069711208
0.00431510712951
0.00987709499896
0.00459449016489
0.00454159895889
0.00416055694222
0.00424991897307
3.9003531679
0.00185885000974
0.00375034799799
1.39650718006
0.0045643451158
0.00680871191435
0.00444336095825
3.86244480708
0.00411164481193
0.00239919009618
0.00209147110581
0.00196001003496

checksumTime
0.00345164490864
0.00204788101837
0.00209413515404
0.016457219841
0.0151863619685
0.00363930407912
0.00389818102121
0.00386387086473
0.00404631602578
0.00417540385388
0.00376686896197
0.00369473104365
0.00227630697191
0.00188526208512
0.0023170390632
0.00428043585271
0.00388429779559
0.00434463610873
0.00350460899062
0.0020763000939
0.00215263315476
0.00199069292285
0.00187601381913
0.00951839704067




layer number :  24
72.5624088449
0.0686610369012

jsonTime
0.0080636779312
2.15251358715
0.00497670518234
0.0046054481063
3.73377500894
0.00639879214577
0.00464878208004
0.00437255692668
0.00485120597295
0.00493461196311
0.00416364707053
0.0128486701287
0.373805478914
0.0145815021824
0.00853489711881
0.200049910927
0.00448525696993
0.013105343096
0.00552646396682
0.422916025855
0.00484359893017
0.00415697321296
0.00416597118601
0.00427674199454

layerTime
0.00435864296742
18.9350165389
0.00250714784488
0.00183805497363
37.8625066471
0.00225077802315
0.00252940389328
0.00200400105678
0.00216855085455
0.00204799114726
0.00193048082292
0.00504130986519
3.5700289472
0.00837509590201
0.00417470093817
1.66935121501
0.0023463149555
0.00303531391546
0.00230111693963
3.31608674908
0.00226839492097
0.00190893793479
0.00205242680386
0.0022164741531

checksumTime
0.00360864098184
0.0027374739293
0.00180764100514
0.00166803598404
0.019904981833
0.00179346883669
0.00189629918896
0.0018201880157
0.00178118003532
0.00157861993648
0.0015245990362
0.00203772005625
0.00232730084099
0.00409022695385
0.00356067693792
0.00173077313229
0.00250920397229
0.0022035301663
0.00191415706649
0.00220641004853
0.00178702897392
0.00200679688714
0.00167640601285
0.00880379485898




layer number :  24
71.7862991989
0.0685528609902

jsonTime
0.00803216709755
2.05915174284
0.00479169585742
0.00447456212714
3.39179020002
0.0104047630448
0.00789083214477
0.00793029484339
0.00746870599687
0.0227852179669
0.00767431105487
0.0071967788972
0.424076658906
0.0052499701269
0.00424110097811
0.166833175113
0.00497427792288
0.00455935392529
0.00556038995273
0.40530355298
0.00464676390402
0.00437084794976
0.00422325311229
0.00408091512509

layerTime
0.00417246506549
19.628221516
0.00224354909733
0.0022588619031
36.3631167768
0.00401760009117
0.0036430999171
0.00369669706561
0.00370596209541
0.0081583680585
0.00410256604664
0.0037954240106
4.16172808409
0.00219414685853
0.00221713189967
1.48622580804
0.00215915311128
0.00198067887686
0.00233837286942
3.36979277804
0.00234292307869
0.00211656396277
0.00204633595422
0.00203600502573

checksumTime
0.00354696903378
0.00266482611187
0.00196330691688
0.00183683307841
0.00359944999218
0.00302531686611
0.00351620907895
0.00315589294769
0.00316264107823
0.00385079090483
0.0035450339783
0.0035925609991
0.00311017897911
0.00203609606251
0.00205564103089
0.00219975993969
0.00191573705524
0.00170327117667
0.00201236200519
0.00286717712879
0.00201833201572
0.00184899498709
0.00165346986614
0.00917022093199




layer number :  24
74.146249637
0.0784501521848

jsonTime
0.00792075600475
1.99105066597
0.00496755493805
0.00450173905119
3.4288471269
0.011881431099
0.0086188078858
0.0085548881907
0.00906761409715
0.0258248660248
0.00867355614901
0.00832121795975
0.468782274053
0.00539004593156
0.0045430699829
0.180402291007
0.0048069069162
0.0042440739926
0.00515952287242
0.442096573999
0.00455026212148
0.00420359312557
0.00435422104783
0.0124587260652

layerTime
0.00422379514202
19.878732461
0.00229852902703
0.00196531205438
38.1252074542
0.00443977094255
0.00419179513119
0.0043763499707
0.00407349597663
0.00914332899265
0.00447353487834
0.00438556703739
3.79642819287
0.00219718390144
0.00207800092176
1.72032997408
0.00242903991602
0.00191053911112
0.00185621296987
3.74041971401
0.00200906395912
0.00211126799695
0.0018880169373
0.00376061908901

checksumTime
0.00348034198396
0.00197475007735
0.00209198892117
0.00156833091751
0.0157267008908
0.00343901198357
0.00404062587768
0.00408615684137
0.00349428900518
0.00400907895528
0.00401724898256
0.00364839402027
0.00208053318784
0.00215858616866
0.001676897984
0.00208910997026
0.00192631408572
0.00192282698117
0.00171823217534
0.00214315881021
0.00197247392498
0.00191696593538
0.00182682694867
0.00882645486854




layer number :  24
74.839622156
0.0848679600749

jsonTime
0.0347846429795
1.94838213711
0.00518727395684
0.00461768102832
3.48898371402
0.0146484579891
0.00452386098914
0.00428809295408
0.00440768315457
0.0125063809101
0.00433585396968
0.00401238887571
0.439538042061
0.0105660110712
0.00797708611935
0.208552506054
0.00865397509187
0.00820707320236
0.00999644002877
0.578409944894
0.00854590814561
0.00814978498966
0.00912683596835
0.0255189822055

layerTime
0.0201823650859
19.8555372059
0.00203258194961
0.00176468398422
38.7479580259
0.00511621800251
0.00223027495667
0.00221137306653
0.001943227835
0.00303277396597
0.00212545390241
0.00218396796845
3.88127704198
0.0041810979601
0.00417026900686
1.46472798707
0.00419667502865
0.00426641199738
0.00438514677808
3.76563135302
0.00451482599601
0.00444980408065
0.00489952997304
0.00709002185613

checksumTime
0.00445952801965
0.0159584670328
0.00190940499306
0.00163123500533
0.00215825019404
0.00197213888168
0.00192164606415
0.0016871849075
0.00170242111199
0.00190194416791
0.00158706214279
0.00159645010717
0.00404232391156
0.00369017687626
0.00356259290129
0.00411662692204
0.00396144180559
0.0036972980015
0.00397600210272
0.00418666400947
0.00406040297821
0.00412059389055
0.00404243194498
0.0170822970103




layer number :  24
77.1150277399
0.0691163600422

jsonTime
0.00774075603113
1.94638638594
0.00926473014988
0.00878514396027
3.90742674493
0.00694077485241
0.0127859530039
0.00472967792302
0.00884888507426
0.00887113879435
0.00896385987289
0.00858815899119
0.557907843962
0.0134008259047
0.00461446796544
0.167225705925
0.0266343019903
0.00852962397039
0.0103825849947
0.547886363929
0.00490753399208
0.00447929790244
0.0041891920846
0.00427765306085

layerTime
0.00414607697167
19.331456291
0.00463434006087
0.0045450089965
40.9086506879
0.00232054712251
0.00484751700424
0.00427273614332
0.00432969699614
0.00457655312493
0.00435146014206
0.00431095901877
4.05550495395
0.0040039869491
0.00190992606804
1.28540054406
0.00655542989261
0.00441826693714
0.00444002402946
4.01612817589
0.00231316196732
0.00230878009461
0.00205227988772
0.0020610250067

checksumTime
0.00351877091452
0.00417730794288
0.0040121958591
0.00377721618861
0.0020894841291
0.00207587401383
0.00179657293484
0.00384381297044
0.00388536299579
0.00409123301506
0.00369405094534
0.00405787909403
0.00211215205491
0.00199283007532
0.00186175107956
0.00421258201823
0.00408008601516
0.00413575116545
0.00367208500393
0.00321393599734
0.00187508412637
0.00177859398536
0.00191379198804
0.00914058089256




layer number :  24
69.3782369702
0.0682458220981

jsonTime
0.0301985831466
2.02684440208
0.00476716202684
0.0155317380559
3.15616355394
0.0067067570053
0.0131309549324
0.00440533692017
0.00424429099075
0.00426553701982
0.00466050207615
0.0042381179519
0.342639442999
0.0268041151576
0.00874592596665
0.193230837118
0.00914813601412
0.0263128119987
0.0101135321893
0.546969848918
0.0160227818415
0.00477337790653
0.00475316215307
0.00494643882848

layerTime
0.00724609103054
18.1660700489
0.00219506700523
0.00508822291158
35.029484072
0.00213330006227
0.00498248590156
0.00233467901126
0.00194704416208
0.00196731695905
0.00219388306141
0.00187150714919
3.87224811106
0.0081380829215
0.00462503707968
2.07709388295
0.00452734506689
0.00687367608771
0.00430779880844
3.55132665415
0.00447194813751
0.00220379605889
0.00199360493571
0.00211974000558

checksumTime
0.00434408290312
0.00211807899177
0.00174731994048
0.00212486204691
0.00230829999782
0.00180893507786
0.00206698616967
0.00183096691035
0.00192846287973
0.00185629096813
0.00180078390986
0.00162419397384
0.00399903184734
0.00395706505515
0.00379931577481
0.00426738895476
0.00377860595472
0.00436989986338
0.00373157509603
0.00224855402485
0.00207683397457
0.00200581690297
0.0020198461134
0.00937699317001




layer number :  24
69.5986871782
0.0678857651073

jsonTime
0.0293366580736
2.05553784408
0.0049642319791
0.0126059639733
3.379677227
0.0124639119022
0.0254320469685
0.00964738498442
0.00829000794329
0.00845524994656
0.00848511699587
0.00866484199651
0.477605702821
0.00972089590505
0.0261315628886
0.201232580002
0.0262380980421
0.0100131959189
0.0100770711433
0.554656784981
0.00482816086151
0.00440676393919
0.0045413649641
0.00424097105861

layerTime
0.00760121480562
19.265946337
0.00188588118181
0.00466754497029
33.9653751319
0.00456514209509
0.0114226520527
0.00458385003731
0.00457944907248
0.00428335601464
0.00419719400816
0.00443394482136
3.61073102802
0.00446069217287
0.00818675709888
1.49892881792
0.00657338905148
0.00464049121365
0.00471553485841
4.10949657811
0.00233427807689
0.0021099159494
0.00209287018515
0.00212931097485

checksumTime
0.00415471708402
0.00218754285015
0.00214142794721
0.00222150608897
0.00420779199339
0.00411109393463
0.00421136803925
0.00383947999217
0.00416020792909
0.00408882298507
0.00387564417906
0.0040051091928
0.00416129105724
0.00422088103369
0.00428033899516
0.00432848301716
0.00431581586599
0.00440206984058
0.00403959606774
0.00331944297068
0.00195472803898
0.00186757999472
0.00193433184177
0.00992319313809




