layer number :  23
35.6825653519
0.0666831620038

jsonTime
0.0307999181096
2.99667885411
0.0605116211809
0.00769235193729
0.00576369417831
0.276512803975
0.00481951702386
0.00444088806398
0.228603590047
0.00468687200919
0.319808837026
0.0139260350261
0.00503567396663
0.00482669915073
0.00537503301166
0.00481947604567
0.00625948584639
0.0130587390158
0.00483931298368
0.00454296800308
0.00504648708738
0.0133966910653
0.00517368409783

layerTime
0.00745665491559
24.921616442
0.00687250681221
0.0111699849367
0.0025166478008
2.67128741788
0.00224683294073
0.00215585390106
1.71695581404
0.00224775099196
2.14832336898
0.00373240606859
0.00237149209715
0.0020844808314
0.00219166092575
0.0022967508994
0.00227070902474
0.00253517692909
0.00225409399718
0.00210765004158
0.00895141903311
0.00293976301327
0.00244684587233

checksumTime
0.00423281895928
0.00233534281142
0.00188863812946
0.00575545802712
0.00215935218148
0.00210172799416
0.00194824510254
0.00182239594869
0.00210655201226
0.00195474200882
0.00213261088356
0.00203166902065
0.00183108286001
0.00165135203861
0.00197843904607
0.0019561292138
0.00192294805311
0.0019365590997
0.00176121690311
0.00184389296919
0.00193110387772
0.00204588589258
0.00919487699866




layer number :  23
37.709826688
0.0667349160649

jsonTime
0.0299063581042
3.30609294097
0.0595156338532
0.00638909894042
0.013923128834
0.328778381925
0.00489626801573
0.00430140900426
0.229866530048
0.00469970912673
0.344126980053
0.0138832409866
0.00475837290287
0.00484719802625
0.0047189060133
0.00469577498734
0.00584642891772
0.0128356609493
0.00449077109806
0.00426418310963
0.00419754697941
0.00454859808087
0.00404936703853

layerTime
0.00796201382764
24.7077772091
0.00348495994695
0.00201151892543
0.00519590708427
3.458670452
0.00226079416461
0.00195531896316
2.16956391698
0.00213359482586
2.79470283585
0.00384469795972
0.00216782698408
0.00212621595711
0.00189171591774
0.00197704602033
0.00200295820832
0.00316412793472
0.00198297086172
0.00192359299399
0.00206207181327
0.00185326091014
0.00180770596489

checksumTime
0.0040746210143
0.00231302110478
0.00206327810884
0.00185099616647
0.00192664703354
0.00225049396977
0.00202646595426
0.00189935299568
0.00238840095699
0.00192554108799
0.00223721703514
0.00189079716802
0.00181740499102
0.00198815204203
0.00163479312323
0.00195208494551
0.00178411393426
0.00214599305764
0.00175028294325
0.00162938912399
0.0016585290432
0.00186139508151
0.00804406497627




layer number :  23
38.5599433631
0.0679645631462

jsonTime
0.00935217901133
3.09932923387
0.0596087558661
0.0151908770204
0.00581711786799
0.289821320912
0.00484870397486
0.0043887689244
0.232335879002
0.00479131098837
0.328439386096
0.53923471598
0.0261036730371
0.00968937180005
0.00898826285265
0.00907848915085
0.0114922199864
0.00860189413652
0.0257855481468
0.00894737895578
0.0083032080438
0.0082776141353
0.0257118509617

layerTime
0.00427863607183
25.5542262911
0.00660533318296
0.00533710210584
0.00217445520684
3.4473969792
0.00217111688107
0.00193615816534
2.22170523694
0.00212536915205
2.35234206892
0.00446494203061
0.00771515304223
0.00455277203582
0.00442035403103
0.00430537899956
0.00451795500703
0.00430352985859
0.0060083179269
0.00433551613241
0.00418718112633
0.00446116784588
0.00626976811327

checksumTime
0.0038492300082
0.00221088901162
0.0022584318649
0.0021211579442
0.00202590087429
0.00216516596265
0.00201466609724
0.00185364787467
0.00210772803985
0.00180930481292
0.00216329703107
0.0041021190118
0.00413145404309
0.00417199218646
0.00385987292975
0.00363591290079
0.00406834995374
0.00408246298321
0.00430241296999
0.00391595787369
0.00389700988308
0.00408268300816
0.0172151939478




layer number :  23
36.0964243889
0.0695038349368

jsonTime
0.00784627511166
3.29314677184
0.059571483871
0.0144342009444
0.00522296479903
0.28269741009
0.00455904309638
0.00453895307146
0.232614501147
0.00437766197138
0.322454769164
0.00508164009079
0.0131263490766
0.00473028002307
0.00516037200578
0.00485367700458
0.00548504991457
0.00428909994662
0.0132129769772
0.00433264905587
0.00401762011461
0.00397584796883
0.0128481138963

layerTime
0.00422541191801
24.4831372341
0.00326935411431
0.00510033802129
0.00232752016746
3.27911301004
0.00216648099013
0.00186331290752
1.74792729691
0.00192852388136
2.10011806479
0.00196746294387
0.00386776495725
0.00221404014155
0.00195435294881
0.00200044293888
0.00212042313069
0.00177670898847
0.00298069696873
0.00187279400416
0.00210850196891
0.00223182491027
0.00324059603736

checksumTime
0.00382941914722
0.00212770607322
0.00196036696434
0.00205112807453
0.00196764292195
0.00224161078222
0.00217420398258
0.00186295295134
0.00217700609937
0.00215996103361
0.0021665811073
0.00158130587079
0.00180271500722
0.00195591989905
0.00191863207147
0.00188667909242
0.00179593893699
0.00162672996521
0.00172443012707
0.00157382781617
0.00165591412224
0.00176004413515
0.00900822994299




layer number :  23
37.039207577
0.0695578190498

jsonTime
0.00759506295435
3.25812572008
0.0596717039589
0.0146440460812
0.00545195490122
0.269306664122
0.00483524007723
0.00453528109938
0.223030567169
0.00502703292295
0.325296411058
0.00515804789029
0.0129787980113
0.00497690215707
0.00457949913107
0.00457479502074
0.00535625498742
0.00412543118
0.0133604190778
0.00449186912738
0.578601802932
0.00857644504867
0.025123906089

layerTime
0.00417559896596
24.854714249
0.00309877190739
0.00542988697998
0.00234286813065
3.29438517289
0.00191735895351
0.00215234793723
1.74513223791
0.0023340319749
2.10018856102
0.00223156204447
0.00388644984923
0.00205114693381
0.00214114785194
0.00217338581569
0.001903927885
0.0019954929594
0.00299448589794
0.00213481392711
0.00489294296131
0.00418692780659
0.00628281501122

checksumTime
0.00370590598322
0.00237067905255
0.00190233904868
0.00212740595452
0.00194921786897
0.002214045031
0.00216156593524
0.00197746395133
0.00221006502397
0.00203396799043
0.00209788605571
0.0017685231287
0.00214891694486
0.00177750992589
0.00170527515002
0.00167638319544
0.00177238695323
0.00179991591722
0.00220014201477
0.00175002310425
0.00388145004399
0.00386356702074
0.0166694759391




layer number :  23
36.936699125
0.066719685914

jsonTime
0.0302697669249
2.98835753486
0.0407850239426
0.00692257215269
0.0131723510567
0.285139760002
0.00549274589866
0.00430209701881
0.224437879864
0.00460013700649
0.345790296094
0.0136180110276
0.00464160600677
0.00484248693101
0.00534522603266
0.0047239260748
0.00533057097346
0.0132724791765
0.00448376499116
0.00483630201779
0.00413223099895
0.00474920496345
0.00399648910388

layerTime
0.00791578204371
25.0107435551
0.0203445870429
0.00218156981282
0.00496043101884
3.01059017703
0.00217840215191
0.00196383683942
2.02515906701
0.00209737499245
2.67452062108
0.00391897791997
0.00217773905024
0.00191198918037
0.00197816104628
0.00215712701902
0.00197690911591
0.0032574608922
0.00219880393706
0.00222299410962
0.00215576495975
0.0018708249554
0.00198939698748

checksumTime
0.00487111997791
0.0026582099963
0.00168764288537
0.0018485460896
0.00201371288858
0.00207899603993
0.0019034689758
0.00215056515299
0.00213845912367
0.00222948589362
0.00204163393937
0.00191334402189
0.00209015188739
0.00165457790717
0.0018094368279
0.00195157504641
0.00177104282193
0.00177310197614
0.00186305399984
0.00184296700172
0.00158399809152
0.00166119891219
0.00903253094293




layer number :  23
38.094358779
0.0738799099345

jsonTime
0.00782835390419
3.24502039701
0.0640889729839
0.0290531639475
0.0106388791464
0.34600777505
0.00490017002448
0.00505867414176
0.219694433035
0.524273273069
0.374963489128
0.00595775898546
0.0132884979248
0.00492474297062
0.00445986888371
0.00441954704002
0.00549042108469
0.00409695110284
0.0127261050511
0.00435339403339
0.00391579396091
0.00394573109224
0.0122655010782

layerTime
0.00426395609975
24.564666152
0.067074950086
0.0106927859597
0.00455434899777
3.27764078695
0.00231044902466
0.00197093980387
2.24736325
0.00441515399143
2.83177480591
0.00226285099052
0.00380696100183
0.00232991296798
0.00198209704831
0.0020312119741
0.00204174104147
0.00199182494543
0.00299016502686
0.00191369396634
0.00196947413497
0.00207189680077
0.00319988001138

checksumTime
0.00352947879583
0.00409464607947
0.00405327603221
0.00425873091444
0.0039493679069
0.00191604997963
0.00202236697078
0.00177503516898
0.00224989186972
0.00388076086529
0.00205075810663
0.00170780904591
0.00180036597885
0.00178566412069
0.00164930010214
0.00168996490538
0.00155643979087
0.00169022101909
0.00178525689989
0.00159531505778
0.00153754092753
0.00185793801211
0.00966239208356




layer number :  23
37.6738803892
0.0641121030785

jsonTime
0.00816972693428
3.25739802886
0.0596834339667
0.0144594470039
0.00498640118167
0.300889885053
0.0178540030029
0.00462603219785
0.210866681999
0.00458807707764
0.322908526054
0.00526275299489
0.0128592741676
0.00495085096918
0.00447587179951
0.00468893093057
0.00546625209972
0.00452211918309
0.0126689688768
0.00408863695338
0.00452516996302
0.004112057155
0.0122802229598

layerTime
0.00431018508971
25.148964026
0.00482469401322
0.00507952901535
0.00201643188484
3.24122280581
0.002303235
0.00193384592421
2.31218156312
0.0020454430487
2.51515402901
0.00204673199914
0.00380176585168
0.00219039316289
0.00206439010799
0.00185249000788
0.00189632596448
0.00179562182166
0.00285430205986
0.00180773506872
0.00193329807371
0.00190669088624
0.00314867193811

checksumTime
0.00417191395536
0.00217596208677
0.00207428308204
0.00214002584107
0.00175305106677
0.00233974005096
0.00194508093409
0.00188039592467
0.00226075691171
0.00179631588981
0.00196236092597
0.00185513892211
0.00202819705009
0.00179532798938
0.00195708498359
0.00184191507287
0.00178279983811
0.00182519713417
0.00188874010928
0.00155074289069
0.00168641586788
0.00175253115594
0.00985779310577




layer number :  23
36.658633431
0.0660569400061

jsonTime
0.00784857105464
3.17129853601
0.059882852016
0.015033663949
0.00524393795058
0.28807977587
0.00466939597391
0.00433597317897
0.224359417101
0.00472833798267
0.323467080947
0.00528215011582
0.0133006169926
0.00498361000791
0.00516913598403
0.00567802600563
0.00562998303212
0.00425572809763
0.0133194359951
0.601641940884
0.0080990109127
0.00796789582819
0.0252207480371

layerTime
0.00442260899581
24.569364365
0.00601977598853
0.00510757020675
0.00227833096869
3.25369554502
0.00200374005362
0.00213866098784
1.44499451993
0.00203607813455
2.38119849097
0.00218338705599
0.00390217383392
0.00222687399946
0.0019590749871
0.00193125708029
0.00202043284662
0.00195202999748
0.00321557209827
0.00472842901945
0.00423268205486
0.00448995502666
0.00618048012257

checksumTime
0.00346840405837
0.00223762798123
0.00189733598381
0.0021930988878
0.0020868931897
0.00232261000201
0.00201774388552
0.00174166285433
0.00207533803768
0.00208925199695
0.00210844888352
0.00169307203032
0.00214344006963
0.00193988601677
0.00161200994626
0.00165194598958
0.00173811102286
0.00168308988214
0.00207877811044
0.00388306006789
0.0039842990227
0.00377904600464
0.0186486188322




layer number :  23
37.637097561
0.0675466551911

jsonTime
0.0299623201136
3.24530810304
0.0593581639696
0.0076116390992
0.0143999119755
0.283344510011
0.00482713989913
0.00453829905018
0.227146271849
0.00474057416432
0.324065831024
0.157084228005
0.00470671313815
0.0136520571541
0.00480855093338
0.00470996485092
0.0084168559406
0.00805823504925
0.00899686408229
0.0254368730821
0.00868535297923
0.00817323592491
0.00855163717642

layerTime
0.00700592785142
25.5851411668
0.00390282203443
0.00264706788585
0.00535684311762
3.28762192605
0.0022538411431
0.00236512790434
1.42108025216
0.00195662491024
2.66304294881
0.00227737799287
0.00217266893014
0.00372937996872
0.00210771616548
0.00197907001711
0.00463824300095
0.00422003096901
0.0041641369462
0.00628153886646
0.00447363080457
0.00409897998907
0.00444032088853

checksumTime
0.0040982181672
0.00215330417268
0.00208446290344
0.00201655901037
0.00225017894991
0.00233560591005
0.00193561497144
0.00196669413708
0.00261572981253
0.00154867907986
0.00223363819532
0.00188178778626
0.00187480798922
0.00223044888116
0.00182614498772
0.00168780819513
0.00368428090587
0.00371913495474
0.00370132504031
0.00437332317233
0.00397686217912
0.00367993791588
0.0163971299771




