layer number :  9
102.199704632
0.0393030960113

jsonTime
2.80867873412
0.0412835448515
0.00546003784984
0.00470424606465
0.00456684315577
0.301820833934
5.10089985398
0.010002173949
0.00427239504643

layerTime
31.7795883399
0.0203523121309
0.00252669397742
0.0021687480621
0.00210843002424
2.45714007993
59.5812629941
0.00238460698165
0.00230123684742

checksumTime
0.00297929812223
0.00207736506127
0.00199929298833
0.00186273385771
0.00174928503111
0.00414171000011
0.00242954096757
0.00169531209394
0.00813919305801




layer number :  9
101.181171156
0.0397092711646

jsonTime
2.74691738188
0.0595295680687
0.00526743102819
0.0126524879597
0.00452521396801
0.293698071036
4.90160325915
0.0087211499922
0.0128721951041

layerTime
31.131777195
0.00290197087452
0.00210334989242
0.00480793206953
0.00219118106179
2.80409576511
59.1106800849
0.00241636391729
0.00491105089895

checksumTime
0.0022969529964
0.00205489806831
0.00185447302647
0.00199987809174
0.00189959281124
0.00406960584223
0.00192404608242
0.00176006299444
0.0101643949747




layer number :  9
101.033829646
0.0425178210717

jsonTime
2.83503461303
0.0598094761372
0.00555812218226
0.00420629908331
0.0043871300295
0.297129638027
4.44364714716
0.00906939595006
0.00452345702797

layerTime
31.4345352221
0.00331889186054
0.00245842384174
0.00209252303466
0.00182413705625
2.28118313593
59.571115206
0.00227975007147
0.00212581804954

checksumTime
0.00209102290682
0.0019620959647
0.00183861493133
0.00196086592041
0.00170328305103
0.00217837188393
0.00219904701225
0.00205140188336
0.00913444394246




layer number :  9
102.851895016
0.0394953889772

jsonTime
3.16899570101
0.0593272710685
0.00550451688468
0.0045279241167
0.00422003492713
0.284189520869
4.45157436118
0.0091615030542
0.00431842799298

layerTime
32.4783584629
0.0032258068677
0.00220225797966
0.00198302883655
0.00185091397725
2.743569582
59.557806795
0.0025788329076
0.00182413309813

checksumTime
0.0020770940464
0.00197040918283
0.00227438402362
0.00183571805246
0.00167333614081
0.00278393900953
0.0021090619266
0.00194242293946
0.00864908006042




layer number :  9
98.6106355551
0.0409438579809

jsonTime
3.209796804
0.580304063158
0.00513024488464
0.00443953904323
0.00442499900237
0.309593441198
4.85592518514
0.00873369700275
0.00428182212636

layerTime
30.172158584
0.00266502983868
0.00216357503086
0.0020005099941
0.00186903099529
2.55531922891
56.8168769861
0.00236754701473
0.00215431279503

checksumTime
0.00228211795911
0.00202356511727
0.00177649105899
0.00174958398566
0.00163924088702
0.00517749390565
0.00209396285936
0.00181544199586
0.00916939717717




layer number :  9
100.564685412
0.0392457079142

jsonTime
3.24115208117
0.081832833821
0.010285402881
0.00885641109198
0.00911756115966
0.334556353046
4.79211721686
0.0203312509693
0.00652423594147

layerTime
30.751476527
0.0672839679755
0.00453247316182
0.00446194480173
0.00421771802939
2.63820951595
58.4717525481
0.0152921099216
0.00460654590279

checksumTime
0.00430622603744
0.00849872711115
0.00366065395065
0.00390609703027
0.00368193094619
0.00406025606208
0.00450801500119
0.00504950410686
0.0194096420892




layer number :  9
101.932226182
0.0483177290298

jsonTime
3.14658071194
0.0413373950869
0.00524110277183
0.0123221401591
0.00468966295011
0.30488773901
4.9471999791
0.00890419608913
0.0128544128966

layerTime
31.6262589141
0.0194571120664
0.00197830609977
0.00487403385341
0.00209901900962
2.76434157393
58.944680711
0.00250125583261
0.00471375510097

checksumTime
0.00244331685826
0.00184548506513
0.00167128094472
0.00206744112074
0.00164498202503
0.00418626097962
0.00218808487989
0.00175594910979
0.00932035408914




layer number :  9
102.77969661
0.0385214330163

jsonTime
2.81723464094
0.0599014828913
0.00544070801698
0.00430121808313
0.00402569887228
0.250938500045
4.44953906815
0.0211500560399
0.0083687780425

layerTime
32.0243070121
0.00300422194414
0.00213737390004
0.00183255807497
0.00184686807916
2.86215941096
60.1508315988
0.0148625550792
0.00441398588009

checksumTime
0.00290067703463
0.00214195810258
0.00177710596472
0.00154794100672
0.0017751599662
0.00219379295595
0.0191910730209
0.00393148697913
0.0177388060838




layer number :  9
102.749849845
0.0389779610559

jsonTime
3.15530945593
0.0712256259285
0.00878065894358
0.00755658606067
0.00728619890288
0.349747917149
4.79993162397
0.00911027984694
0.00435356190428

layerTime
32.2843693669
0.0405466810334
0.00382425985299
0.00367902894504
0.00354390591383
2.77052906086
59.137689492
0.00224801409058
0.0019547699485

checksumTime
0.0166657210793
0.00359388510697
0.00356545601971
0.00317777413875
0.0032307440415
0.00299783004448
0.00214685918763
0.0016298959963
0.0105366571806




layer number :  9
101.546937146
0.0455887471326

jsonTime
2.87264792994
0.0492351469584
0.00572282099165
0.00436089397408
0.00410891300999
0.28529707808
4.41840539803
0.0233468718361
0.00851473701186

layerTime
32.2586535621
0.0248295310885
0.00232034898363
0.00204130099155
0.00195048400201
2.7245464779
58.757784972
0.0128971810918
0.00441118702292

checksumTime
0.00210600299761
0.00243020500056
0.00176862301305
0.00202435394749
0.00162666803226
0.00217920797877
0.0042521271389
0.00401067594066
0.0181662689429




