layer number :  19
104.778188513
0.0599605271127

jsonTime
0.00809386209585
2.04082791484
0.00500112795271
0.547271475196
1.5768059229
4.52850138885
0.12248823815
0.0129697010852
0.0083653840702
0.0164401878137
0.97625462804
0.166727906093
0.00444072997198
0.00429261685349
0.0287251770496
0.156239503995
0.00441508600488
0.00416231388226
0.00403820094652

layerTime
0.00438326294534
16.5676655611
0.00234710914083
5.95272720582
15.745535787
45.3263566531
0.0958868898451
0.00414718291722
0.00446598092094
0.0168001470156
7.88018701901
1.69171563885
0.00206927699037
0.00212194002233
0.0238371188752
1.12075927202
0.00207651103847
0.00212955009192
0.00200046808459

checksumTime
0.00383251206949
0.00215581594966
0.0017765108496
0.00215992215089
0.00208987412043
0.00209647486918
0.00213858904317
0.00307952007279
0.00467071705498
0.00409121601842
0.00216414104216
0.00221459311433
0.00182238500565
0.00201925006695
0.00212410907261
0.00210897694342
0.00200452911668
0.00187589693815
0.00877640303224




layer number :  19
102.995245754
0.0560112032108

jsonTime
0.00770700606517
2.14405019605
0.0048125279136
0.543930453947
1.5173252481
4.69448378007
0.0988617239054
0.00563926901668
0.00588504504412
0.0147516718134
1.00463232514
0.157279691892
0.0131012049969
0.00428973487578
0.0199770398904
0.174729865044
0.0046725650318
0.00431367079727
0.00465453811921

layerTime
0.00438277679496
16.6778421029
0.00223069195636
5.45698905108
15.5572624179
44.44534845
0.146353150019
0.00195010611787
0.00413507292978
0.00821348419413
7.564513291
1.43542397604
0.00365320406854
0.00209660711698
0.0213947319426
1.12277319399
0.00198309402913
0.00204929918982
0.00193709996529

checksumTime
0.00375548214652
0.00214505102485
0.00191394216381
0.00213936786167
0.00219841999933
0.00220558606088
0.0036304439418
0.00199878797866
0.00371281709522
0.0035881488584
0.00218016491272
0.00218490906991
0.00223006797023
0.00167068699375
0.00195254804567
0.00269874604419
0.00190868903883
0.00162915489636
0.0081155358348




layer number :  19
103.086120934
0.0835300600156

jsonTime
0.00797624513507
1.98115426907
0.00504169380292
0.556763378205
1.47699257801
5.081358467
0.124936780892
0.00491473102011
0.00451454310678
0.00775651400909
0.771962388186
0.162747225957
0.0132901389152
0.00468291994184
0.020083979005
0.159169311868
0.00475597800687
0.0124807169195
0.00482456991449

layerTime
0.00424842583016
15.979844678
0.00213618320413
6.10659539094
15.271830115
44.6006241401
0.11626660917
0.00216035498306
0.00207804399543
0.00160990306176
7.33530886681
1.43585859612
0.00366397690959
0.00216012401506
0.0213116439991
1.63845854206
0.00199692882597
0.00377106107771
0.00208446499892

checksumTime
0.00367213599384
0.00245888717473
0.00201307679527
0.00239283684641
0.00217195902951
0.0146748779807
0.00399482692592
0.00198398297653
0.00202912581153
0.00178180891089
0.00201914110221
0.00235275900923
0.0024776221253
0.00176290003583
0.00201439904049
0.00220189709216
0.00205273018219
0.00214624893852
0.00928614614531




layer number :  19
104.947894833
0.0588955618441

jsonTime
0.0080425508786
2.07499480294
0.00491200899705
0.555135800969
1.46077947505
5.05984482984
0.112251674989
0.00461241486482
0.0123560880311
0.0149506779853
0.966479527997
0.151484436821
0.00460356008261
0.00401256396435
0.0199101611506
0.169835881796
0.00494526093826
0.00420620106161
0.00390412984416

layerTime
0.00427925912663
16.588007364
0.00196685292758
6.11167362612
16.1333490531
45.0031183581
0.119267681846
0.00217366311699
0.00411395099945
0.00481041194871
7.64513369789
1.43812201614
0.00202293694019
0.00197362620384
0.0213300259784
1.11498774309
0.00222680717707
0.00212087691762
0.00215176399797

checksumTime
0.00372876389883
0.00197398522869
0.00186097691767
0.00206185085699
0.00222352403216
0.00228105904534
0.00211216020398
0.00184421986341
0.00178577308543
0.00361658004113
0.00207142415456
0.00209899386391
0.0017388840206
0.00151814380661
0.00162507104687
0.00217254902236
0.00175742781721
0.00162559119053
0.00902072596364




layer number :  19
102.696704536
0.0575212640688

jsonTime
0.0323936799541
2.0636402939
0.00516638485715
0.55525051197
1.50826606713
4.49369311309
0.100607424043
0.00469417218119
0.0042924489826
0.00681033590809
0.787632001098
0.158198206918
0.0126832670067
0.00466139405034
0.020173762925
0.142936757067
0.00490836496465
0.0125708091073
0.00433821300976

layerTime
0.00714938598685
16.7574664559
0.00218089018017
5.36921362113
15.5695816579
44.4395955571
0.141496529104
0.00242458190769
0.00218659895472
0.00180113292299
7.30484360992
1.41548510501
0.00343381799757
0.00212522689253
0.020744509995
1.61774279806
0.00219436199404
0.00384921999648
0.00202517793514

checksumTime
0.00428208103403
0.0022024421487
0.00185956386849
0.00216718693264
0.00229889992625
0.00235472084023
0.00247275084257
0.00171685311943
0.00171768502332
0.00172913004644
0.00190803501755
0.0021427620668
0.0020917840302
0.00184237002395
0.00202315906063
0.00227467203513
0.00218226993456
0.00213740183972
0.0096005150117




layer number :  19
103.977217769
0.0628288469743

jsonTime
0.0311672119424
2.05219135899
0.00568715389818
0.546304212185
1.56423855899
4.56590410206
0.107512884075
0.00874394201674
0.00893065799028
0.0159618209582
0.953313591192
0.154909729958
0.0132487840019
0.00449752109125
0.0205087678041
0.112820049049
0.00497235916555
0.0129076780286
0.00471807504073

layerTime
0.00730398809537
16.6151902729
0.00222403905354
5.9966426359
16.3434149672
44.319016705
0.199944688939
0.00465413299389
0.00431398791261
0.0177857449744
7.51959496993
1.46592774009
0.00350785814226
0.00226578302681
0.021033807192
1.133194261
0.00233287294395
0.00369943515398
0.00178732792847

checksumTime
0.00417741201818
0.00213640509173
0.0018224879168
0.00225125090219
0.00215428485535
0.00208651600406
0.00790152489208
0.00395944109187
0.00379141210578
0.00422513391823
0.00215340103023
0.00203237286769
0.00203862483613
0.00200685602613
0.0019054398872
0.00205653789453
0.00200296589173
0.00205281586386
0.00958757917397




layer number :  19
105.251117374
0.0590781699866

jsonTime
0.00860558985732
1.90285819606
0.0049935078714
0.547756008105
1.56991159008
4.64366785111
0.0880708289333
0.00452096899971
0.00473454897292
0.00798781099729
0.779763787985
0.157157974085
0.0126355430111
0.0047979329247
0.0207603459712
0.119031558046
0.00482299388386
0.0127841499634
0.00467713782564

layerTime
0.00423435703851
17.1686873799
0.00219140504487
6.02659840998
15.650558807
46.1113682529
0.131133551011
0.00205276394263
0.00198798603378
0.00279480614699
7.55773436604
1.41566402302
0.00358163798228
0.00224240194075
0.0212396509014
1.13333154097
0.00220359000377
0.00386655796319
0.00214688596316

checksumTime
0.00375399994664
0.00195734412409
0.00189876602963
0.00225665187463
0.00210513500497
0.00229062908329
0.00209411000833
0.0020940580871
0.001791162882
0.001664374955
0.0022644859273
0.00217410200275
0.00215325993486
0.00195483118296
0.00188415008597
0.00234200595878
0.0017998800613
0.00221125921234
0.00849893200211




layer number :  19
102.807684965
0.057596890023

jsonTime
0.030827018898
2.02029257384
0.00475398497656
0.566402917029
1.44090484409
4.61949707614
0.0867593488656
0.00843229098246
0.00867959787138
0.0158404768445
0.965399887878
0.154352286831
0.0128989978693
0.0047446328681
0.0204009460285
0.175239094999
0.00468753301539
0.0125987490173
0.0049809999764

layerTime
0.00679920404218
17.3669109142
0.00223611108959
5.45789414691
15.0009133439
44.3130173369
0.259443178074
0.00440416415222
0.0041103460826
0.00331013510004
7.73124871915
0.963300051168
0.00350228394382
0.00207280716859
0.0208633770235
1.38505157107
0.00218937918544
0.00381244998425
0.00219802209176

checksumTime
0.00465972605161
0.00204206793569
0.00172286783345
0.00224035908468
0.00223283004016
0.00217452109791
0.00425532390364
0.0039799909573
0.00397355412133
0.00394266401418
0.00215118797496
0.00213955505751
0.00224478915334
0.00191911892034
0.00193152483553
0.00232413690537
0.00177062884904
0.00221185106784
0.00943977897987




layer number :  19
103.953428539
0.0550726780202

jsonTime
0.033492451068
1.93891576189
0.00513093289919
0.555017734878
1.53116870113
4.52709578397
0.110658697784
0.00874362909235
0.00841113203205
0.0162642060313
0.983096759999
0.157691650093
0.0136250909418
0.00447202590294
0.0203693700023
0.151353467954
0.0049842200242
0.0132895868737
0.00431369594298

layerTime
0.0115591010544
16.589856711
0.00243867910467
5.49541135808
15.2131771198
45.5213975771
0.148654221091
0.00455481489189
0.00453765504062
0.0172721480485
7.71520285378
1.40550541994
0.00351749290712
0.00186234805733
0.0212260989938
1.57771206205
0.00200195796788
0.00376149103977
0.00190444802865

checksumTime
0.00408695102669
0.00230836914852
0.00204893900082
0.00216153496876
0.00224202196114
0.00211666407995
0.0164148199838
0.00382035900839
0.00368638290092
0.00371758709662
0.00200338801369
0.00226638210006
0.0020767301321
0.00159543193877
0.00205673812889
0.00224851001985
0.0019254940562
0.00196816097014
0.00813163095154




layer number :  19
102.332079163
0.0708052248228

jsonTime
0.0081754559651
2.09315091907
0.00483652483672
0.549127079081
1.52465308504
4.57478708983
0.079362538876
0.00449471501634
0.00437373807654
0.00699215987697
0.76252577221
0.16702081589
0.0049700778909
0.0155275689904
0.0203181749675
0.155223515118
0.00484754587524
0.00442280899733
0.00418327003717

layerTime
0.00440214388072
16.0736207261
0.00257321307436
5.36300275987
15.631499486
45.3457969471
0.140821323032
0.00239924201742
0.00201527588069
0.00176199409179
7.47686470393
1.18252646807
0.00223034899682
0.00397905404679
0.020891363034
0.962031107862
0.00216891197488
0.0021981371101
0.00204187212512

checksumTime
0.00355704198591
0.00223412900232
0.00205110991374
0.00226509105414
0.00217110803351
0.00235632201657
0.00221332092769
0.00202478608117
0.00174344214611
0.00172429182567
0.00214395299554
0.00202127709053
0.0019201929681
0.00215228111483
0.00162111688405
0.00227400008589
0.00190683803521
0.00204448588192
0.00926767382771




