layer number :  10
52.111086708
0.0428220229223

jsonTime
1.63312215498
0.00652827997692
0.00781123503111
2.42272411892
0.00572427781299
0.00486134388484
0.015305244131
1.32263263105
0.0838154430967
0.00489158811979

layerTime
12.509050844
0.0038766071666
0.00380038795993
19.4738343931
0.002439069096
0.00222965911962
0.00504461978562
14.3759772901
0.146426344058
0.0023459920194

checksumTime
0.00293587893248
0.00358825386502
0.00311919907108
0.00236406410113
0.00211665406823
0.00208540889435
0.00232229707763
0.00226256484166
0.0025944148656
0.0104125489015




layer number :  10
53.0675964511
0.0419993631076

jsonTime
1.61602261988
0.00567280990072
0.0115069218446
2.21818983904
0.00487082707696
0.00427456595935
0.00438745412976
1.26962950407
0.10137421987
0.00495643704198

layerTime
12.753598687
0.00225528306328
0.00239664316177
20.243912461
0.00203313189559
0.00214376300573
0.00196258001961
14.636113781
0.108114540111
0.00249434798025

checksumTime
0.00246754218824
0.00221447902732
0.00212540896609
0.00232431595214
0.00186092010699
0.00197449582629
0.00173448096029
0.00199864199385
0.00205437187105
0.00923827313818




layer number :  10
52.5305893421
0.0450524911284

jsonTime
1.61387311597
0.00614615296945
0.0128163981717
1.88170564896
0.00476639415137
0.00440949597396
0.00475126807578
1.35386706097
0.0774596249685
0.00452322605997

layerTime
12.6769546149
0.00238963984884
0.00420259591192
19.90540314
0.00206580781378
0.00190248386934
0.00208639306948
14.757404214
0.136572296964
0.00239677610807

checksumTime
0.00223636510782
0.00215003197081
0.00191942602396
0.00212793797255
0.00207616714761
0.00229485705495
0.00179976597428
0.00224873702973
0.00207265489735
0.00919639295898




layer number :  10
54.4589687211
0.0389253380708

jsonTime
1.62898116489
0.00483083585277
0.0124289640225
2.14498860505
0.00447622383945
0.00489366985857
0.0043921158649
1.30491871107
0.0825130860321
0.00445470190607

layerTime
13.748404705
0.0021496291738
0.00445420504548
20.8998973339
0.00208330410533
0.00199194392189
0.00205260212533
14.403767674
0.126170990057
0.00213116593659

checksumTime
0.00213069911115
0.00206359592266
0.00218362780288
0.0021239342168
0.00201448006555
0.00190086918883
0.00174438091926
0.0021614858415
0.00205724011175
0.00965916505083




layer number :  10
53.997347963
0.0430485329125

jsonTime
1.55580667104
0.00471086287871
0.00651122094132
2.12823103112
0.0047022937797
0.00445669400506
0.0047307270579
1.3900296879
0.0873591529671
0.0043525910005

layerTime
13.4886962331
0.00243684509769
0.0021633009892
19.9467131519
0.00225408514962
0.00213103881106
0.00210434803739
15.1420583371
0.136327673914
0.00216078199446

checksumTime
0.00210195197724
0.00978342792951
0.00210895505734
0.00215304316953
0.00169292604551
0.00167266908102
0.00189498602413
0.00237481389195
0.00185981602408
0.00893624615856




layer number :  10
52.277128739
0.0399771770462

jsonTime
1.60280407406
0.00460301502608
0.0128003989812
2.08985938807
0.00508256303146
0.00437099603005
0.00437595904805
1.29857350816
0.0370275219902
0.00525564700365

layerTime
12.9824129029
0.00191622693092
0.004353283206
19.765814085
0.0022137730848
0.00211357604712
0.00186263001524
14.224269052
0.156281562056
0.00205340515822

checksumTime
0.00211357604712
0.00189706892706
0.00223897281103
0.00230601592921
0.00169648695737
0.00182602391578
0.00170775083825
0.00220210896805
0.0020700218156
0.00932052498683




layer number :  10
53.7668118221
0.0407043099403

jsonTime
1.5873140418
0.00477487803437
0.00450817099772
1.91997776786
0.00581858400255
0.00471143005416
0.00537568191066
1.45527188201
0.0725506739691
0.00436477805488

layerTime
12.6115150661
0.00231053307652
0.00184730417095
21.0246332302
0.00218935403973
0.00219672103412
0.00206674309447
14.8558992732
0.126225451007
0.0022102559451

checksumTime
0.00215296191163
0.00196937588044
0.00184544199146
0.00252436683513
0.00196416093968
0.00219187606126
0.00207276782021
0.00233688298613
0.00202434789389
0.00938237109222




layer number :  10
56.3471082579
0.0405720970593

jsonTime
1.62549331109
0.00480334088206
0.00459351507016
1.9688419241
0.00535566010512
0.00463315402158
0.0140449691098
1.29060761002
0.0526640799362
0.00832258793525

layerTime
13.7330783161
0.00239586597309
0.00202383007854
21.836080953
0.00234044087119
0.00197805208154
0.0045310780406
15.519484703
0.177459245082
0.00463438290171

checksumTime
0.00268452498131
0.0021273039747
0.00164068094455
0.00241129286587
0.00232310895808
0.00189290591516
0.00217039091513
0.0043998870533
0.00407414301299
0.0175652520265




layer number :  10
55.4710449162
0.0398522010073

jsonTime
1.62191459211
0.00492673483677
0.0126920491457
2.26202969183
0.00500957714394
0.00491595594212
0.00481789791957
1.4066649389
0.093117189128
0.0092007459607

layerTime
13.2451169339
0.00189688312821
0.00452416180633
20.992413308
0.00224427180365
0.00239131785929
0.00205690297298
15.363151097
0.345644525019
0.00487553002313

checksumTime
0.00226617604494
0.00189575692639
0.00227707019076
0.00231516500935
0.00174601422623
0.00191466510296
0.00187560520135
0.00416417792439
0.00432405690663
0.0170341781341




layer number :  10
55.2380241861
0.0391157960985

jsonTime
1.57420599903
0.0133681260049
0.00446677906439
1.90804088791
0.00463240989484
0.00485885399394
0.00684234593064
1.26535477
0.0686382439453
0.00474741100334

layerTime
13.1012758508
0.00228795199655
0.00186770386063
21.2107227249
0.00224842503667
0.00249832007103
0.00272054597735
15.8266138311
0.135930572869
0.00200327998027

checksumTime
0.0204952051863
0.00180823495612
0.00165037112311
0.00233328109607
0.00177982798778
0.0101452050731
0.00187309202738
0.00216819997877
0.00208422821015
0.00948116695508




