layer number :  18
133.772237514
0.0588455540128

jsonTime
2.54262756999
0.0146047349554
0.00534235686064
3.74485538807
0.791148182005
5.23051502905
0.0561593708117
0.096272730967
0.34679383086
0.00506989308633
0.0128607491497
0.0046082730405
0.330451518064
0.0260380359832
0.01414720295
0.00917463796213
0.00783175206743
0.00819246913306

layerTime
20.2586001898
0.00515123596415
0.0022636030335
36.943626126
7.58695041179
49.0915033901
0.263344378211
0.307365902001
2.85436879401
0.00218683900312
0.00400669989176
0.00204072496854
3.04604119202
0.00699685001746
0.00487268599682
0.00406283908524
0.00415533990599
0.003974274965

checksumTime
0.00232639908791
0.00230319518596
0.00173309096135
0.00231360504404
0.00244636205025
0.00225959299132
0.0141615769826
0.00229046703316
0.00222153705545
0.00186900980771
0.00226608105004
0.00178251392208
0.00425392505713
0.0040685730055
0.00384223996662
0.00347846793011
0.00367302098311
0.0161463238765




layer number :  18
136.66100964
0.0532482007984

jsonTime
2.51120281196
0.00521745788865
0.00541563192382
3.82173525589
0.788888876094
5.35464013694
0.0984057351016
0.108526739059
0.432281414978
0.00521985301748
0.00462121516466
0.00408436078578
0.349986383924
0.00449623493478
0.00740155414678
0.00463972403668
0.015632718103
0.00442382413894

layerTime
20.649012665
0.00220887502655
0.00204339716583
37.7192001271
7.23038399313
49.4671454122
0.270508434856
0.635031501995
3.67811964406
0.00241674203426
0.00189454900101
0.00186491711065
3.34315571096
0.00203800899908
0.00227403384633
0.00187870999798
0.0037965090014
0.00200675684027

checksumTime
0.00225789099932
0.00167790404521
0.00185347301885
0.00220038183033
0.00217457883991
0.0172755648382
0.00431206612848
0.00422751088627
0.00408284994774
0.00198666891083
0.00166133302264
0.0016558310017
0.00213069119491
0.00178788392805
0.00167975807562
0.00155641790479
0.00225167884491
0.00947349518538




layer number :  18
137.132615046
0.0657808710821

jsonTime
2.33097355394
0.0129024439957
0.00534873805009
3.48153115087
0.925485042157
5.80552814319
0.106940015918
0.112449565902
0.354943131097
0.00494360201992
0.00453274208121
0.0130938398652
0.376314352034
0.00478464900516
0.0165390199982
0.00507747498341
0.00421966286376
0.00401709694415

layerTime
20.6954455741
0.00492819398642
0.00236325780861
37.988639314
8.02221715194
49.6732716018
0.237390392926
0.297249509953
3.19438959286
0.00230640987866
0.00216520088725
0.00365804508328
3.29830310401
0.00211974792182
0.00351757300086
0.00206951284781
0.00226090219803
0.00179826305248

checksumTime
0.00198197201826
0.00197488698177
0.00203017913736
0.00231078802608
0.00221067690291
0.0162924882025
0.00214587314986
0.00551502802409
0.0020702611655
0.00198512803763
0.00160711212084
0.00212039495818
0.00205037696287
0.00201461510733
0.00205587502569
0.00213978113607
0.00184252392501
0.00894652004354




layer number :  18
138.010972477
0.0565827349201

jsonTime
2.36123418715
0.00495265191421
0.00542763108388
3.2388363441
0.820573620964
5.52701605903
0.0802999970037
0.101435153047
0.405808713986
0.00522419111803
0.00484541407786
0.00425969087519
0.348981481045
0.00461019203067
0.00724146701396
0.0140909990296
0.00570937106386
0.00458800396882

layerTime
20.384591155
0.00197740294971
0.00208086101338
39.6112406889
7.23337545618
50.0124356071
0.239807947073
0.513236373896
3.48736323602
0.00226462283172
0.00204913481139
0.00193792115897
3.42878225795
0.00238844007254
0.00234420504421
0.00349153182469
0.00241589988582
0.00229100394063

checksumTime
0.00215818197466
0.00218450301327
0.00169777800329
0.00232894090004
0.00215261080302
0.0121376889292
0.0175971479621
0.00376119092107
0.0046705880668
0.00187742407434
0.00165292411111
0.00176054984331
0.00231811706908
0.00213879393414
0.00187835399993
0.00203546811827
0.001988761127
0.00922411098145




layer number :  18
136.126623601
0.0518751810305

jsonTime
2.30568963196
0.00470909080468
0.0050458800979
3.33820677386
0.791284867097
5.43735632603
0.0981749359053
0.0968413909432
0.35065020388
0.00473462417722
0.0046309879981
0.00403030496091
0.3357428608
0.00447314511985
0.00726077612489
0.00549625209533
0.013511619065
0.00443317112513

layerTime
20.6678522781
0.00189733412117
0.00217930111103
38.566734988
8.08208241896
49.7487225239
0.235914272023
0.28708213591
2.80055304407
0.00249698502012
0.00219930009916
0.00197204994038
2.7827109131
0.00214625801891
0.00197004387155
0.00192295201123
0.00354841002263
0.00202508200891

checksumTime
0.00227618799545
0.00177994486876
0.00182186695747
0.0023606880568
0.00230654794723
0.00231879414059
0.0216355130542
0.00210121111013
0.0045583199244
0.00224343081936
0.00171618605964
0.00181055814028
0.00209328089841
0.00208818889223
0.00172302103601
0.00171779189259
0.00208186684176
0.0101356280502




layer number :  18
139.000201568
0.0560539278667

jsonTime
2.27778315591
0.00580938206986
0.013569832081
3.45627118601
0.837944247993
5.18106868118
0.0941666630097
0.0941750251222
0.417831236031
0.00509847607464
0.00480830390006
0.00416024494916
0.352581329178
0.00485924282111
0.00717548793182
0.0133589808829
0.00448443205096
0.00427040993236

layerTime
21.577967474
0.00245084194466
0.00460802088492
38.04882664
8.11408971809
50.6744793148
0.267108103028
0.594944780925
3.35801815498
0.00221377704293
0.00185451214202
0.0023449419532
3.43909761892
0.00227955798618
0.00217395205982
0.00366000807844
0.00188155984506
0.00183397089131

checksumTime
0.00230699707754
0.00212155189365
0.00209030299447
0.00245438609272
0.0024541458115
0.0164011220913
0.00214110594243
0.00430149887688
0.00485528702848
0.00194453494623
0.0016985819675
0.00195224699564
0.00211667711847
0.00193487317301
0.0017518249806
0.00209915800951
0.00168855115771
0.00885561318137




layer number :  18
141.337683883
0.0588045178447

jsonTime
2.39422920696
0.00482084904797
0.00510857906193
3.23452291102
0.820654111914
5.23312631599
0.101897676941
0.103616581066
0.429429369979
0.0145252200309
0.00536041986197
0.00447325897403
0.363812184893
0.00486186798662
0.00741563993506
0.00543255591765
0.00392914516851
0.0140508930199

layerTime
20.193236596
0.00222786795348
0.00200154702179
38.8449834241
8.20676264004
52.721797091
0.573883098084
0.618064953014
3.84816309088
0.00504975998774
0.00256532616913
0.00220972998068
3.42659606412
0.00215775100514
0.00217780587263
0.00192687194794
0.0019842828624
0.00356369488873

checksumTime
0.00226362398826
0.0017369419802
0.00172118796036
0.00217267801054
0.00207958300598
0.0191479460336
0.00438123987988
0.0043564690277
0.00231597898528
0.00224964413792
0.00213944702409
0.00208734394982
0.00225555989891
0.00208066916093
0.00172411021776
0.0015184909571
0.00177492410876
0.010552985128




layer number :  18
147.525875345
0.0590162309818

jsonTime
2.48399564717
0.00563330901787
0.00635922886431
3.57980769221
0.787710424047
6.44327562908
0.0937932129018
0.121733314125
0.404558177106
0.0163705719169
0.00494272704236
0.00400592712685
0.353014803957
0.00472805392928
0.00798419397324
0.00522322300822
0.00413064984605
0.0167371330317

layerTime
21.8708134468
0.00186986802146
0.00209052115679
41.4796316689
8.71585821011
51.714381455
0.540751761058
0.585517695872
3.95698582591
0.00548103894107
0.00211301888339
0.00206372886896
4.165319775
0.00210085813887
0.00218256097287
0.00210639089346
0.00183970201761
0.00378209515475

checksumTime
0.00211780401878
0.00182565907016
0.00164178083651
0.00207400694489
0.0041924729012
0.0192450999748
0.00431166496128
0.00411408697255
0.00238153617829
0.00203499407507
0.00203835195862
0.00176762905903
0.00193390902132
0.00167020596564
0.00202119909227
0.00171101512387
0.00177966500632
0.00938906590454




layer number :  18
150.695593864
0.0831622718833

jsonTime
2.49956365209
0.00456669880077
0.00542528298683
3.292143506
0.839987696847
5.53130560904
0.0776611289475
0.0986193111166
0.365953952074
0.00492666987702
0.00481205410324
0.00410149805248
0.345379302045
0.00529796094634
0.0077742729336
0.00530249509029
0.0129453830887
0.00483180489391

layerTime
20.7614007669
0.00217691808939
0.00209870701656
43.083457612
8.95767810615
57.525077702
0.236901454162
0.266945041018
3.07304237713
0.00207495200448
0.00193786295131
0.001934528118
3.51036673202
0.00232691317797
0.00232319789939
0.00226443307474
0.00323025882244
0.00196023005992

checksumTime
0.00214141909964
0.00215076608583
0.00195550592616
0.00204129307531
0.00254637585022
0.0196062880568
0.00222528679296
0.00209345086478
0.00404765596613
0.00219239201397
0.00177011289634
0.00188103388064
0.00242531392723
0.00184626597911
0.00195167004131
0.00181746692397
0.00190847809426
0.00842873100191




layer number :  18
161.85329695
0.0560275199823

jsonTime
2.63945180504
0.0130773000419
0.00570545205846
3.36941915401
0.856571879936
5.29159211391
0.0929948771372
0.110804151045
0.407967457082
0.00479816598818
0.00514174601994
0.0124712169636
0.35134999291
0.0052993230056
0.0153154840227
0.00504111289047
0.00385819608346
0.00405577803031

layerTime
25.0399152131
0.00495056295767
0.00221916986629
46.5590146352
8.87365170196
59.747568307
0.23695635004
0.604349062778
3.63388679596
0.00199544499628
0.0020579858683
0.0039792698808
3.81266274396
0.00206672796048
0.00360771501437
0.00211658608168
0.00170430005528
0.00189433386549

checksumTime
0.00214893487282
0.00222542998381
0.00178654002957
0.00211262796074
0.00249153608456
0.0176006669644
0.00217901100405
0.00998653308488
0.00223505706526
0.00191430794075
0.00161348120309
0.00209743017331
0.00207281205803
0.00191054097377
0.00196911604144
0.0018194639124
0.00149789499119
0.00838188896887




