layer number :  10
8.06314076181
0.0451699499972

jsonTime
0.0086341521237
0.15851961798
0.00701103196479
0.00619925512001
0.352954094065
0.00472540315241
0.0810808772221
0.00487308390439
0.51795839495
0.00500284507871

layerTime
0.00418007303961
1.49744221894
0.00327878398821
0.00307269697078
2.69796183403
0.00218698102981
0.176564609865
0.00199817819521
2.446897991
0.00213146605529

checksumTime
0.00382545497268
0.00302748801187
0.00292064202949
0.00248066382483
0.00227113789879
0.00174032780342
0.00215515703894
0.00193221191876
0.00258814892732
0.010639855871




layer number :  10
7.77885161596
0.0433779179584

jsonTime
0.0303379530087
0.153791781981
0.00460504204966
0.00433816201985
0.308592275949
0.00492271385156
0.0826191010419
0.0137845550198
0.461627255892
0.0054373270832

layerTime
0.00819485494867
1.206666796
0.00211847294122
0.00208035600372
2.69875407405
0.0020482330583
0.156442692969
0.0035365880467
2.551397837
0.00212019891478

checksumTime
0.00418347609229
0.00303495489061
0.00180641910993
0.00184172997251
0.00237206998281
0.00174075295217
0.0019954640884
0.00197702902369
0.00257671903819
0.00867174798623




layer number :  10
8.45642073196
0.0622831019573

jsonTime
0.00799887394533
0.165542549919
0.00488351308741
0.00502284080721
0.327771866927
0.00476124789566
0.0330202379264
0.00468053505756
0.455909731099
0.00494198082015

layerTime
0.00423386297189
1.45335739921
0.00212658406235
0.00234304112382
2.29193731002
0.00213568215258
0.206720759161
0.00211331900209
3.37822929188
0.00242228317074

checksumTime
0.00409234408289
0.00230744783767
0.00187676702626
0.00198276899755
0.00222929706797
0.00227392092347
0.00218923692591
0.00183299882337
0.00420224317349
0.00923848594539




layer number :  10
8.0276330458
0.0397084779106

jsonTime
0.00794863514602
0.180690713925
0.0163373160176
0.00483940402046
0.29982601502
0.00469835894182
0.0831559170038
0.00476003088988
0.506736132083
0.00469346507452

layerTime
0.00417785602622
1.34565491788
0.00429355492815
0.00244637788273
2.50074373093
0.00232076994143
0.15645602881
0.00207966589369
2.82303712796
0.00226962496527

checksumTime
0.00397968501784
0.00229546218179
0.00199387897737
0.00205419608392
0.00219614407979
0.00174876418896
0.00216621719301
0.00196072203107
0.00201710802503
0.00868581887335




layer number :  10
8.01351146004
0.0445073121227

jsonTime
0.00789454998448
0.157160185045
0.00447676703334
0.00424448796548
0.317957903026
0.00450781383552
0.0856333661359
0.0046858410351
0.498430354986
0.0047656300012

layerTime
0.00458938092925
1.30837247404
0.00232438393869
0.00204992294312
2.69095964008
0.00217581703328
0.196714717895
0.00267086504027
2.63576574111
0.00232806010172

checksumTime
0.00369811989367
0.00212736404501
0.00177673203871
0.00167120294645
0.00210313405842
0.00178424897604
0.00212365901098
0.00210343091749
0.00279185385443
0.00923431501724




layer number :  10
7.57403665292
0.037888469873

jsonTime
0.00749149220064
0.162408562144
0.00465189805254
0.00472250394523
0.300897639012
0.00464588287286
0.0803122438956
0.00515685183927
0.426155759022
0.00452550593764

layerTime
0.00424048490822
1.62978225993
0.00212191208266
0.00192437204532
2.51363820792
0.00222841091454
0.17659700918
0.00207438599318
2.16956008319
0.00213951407932

checksumTime
0.00378201296553
0.00206628488377
0.00204891199246
0.00199367897585
0.00203631515615
0.00191965210252
0.00238787103444
0.00200661295094
0.0023636019323
0.00846696295775




layer number :  10
7.61846296582
0.0500732478686

jsonTime
0.00796593399718
0.15350953117
0.00492208101787
0.00497926608659
0.298279616982
0.00472905905917
0.0361287069973
0.0044706389308
0.474317502929
0.00478099402972

layerTime
0.00447628414258
1.20721695293
0.00192075781524
0.00206236587837
2.72392316489
0.00210770103149
0.206793366
0.00225663790479
2.37903187517
0.00215036910959

checksumTime
0.00387809984386
0.00214319303632
0.00182013004087
0.00175609020516
0.00206657801755
0.002113860799
0.00226166518405
0.00195750407875
0.013363635866
0.00921648181975




layer number :  10
8.21660060203
0.0404734730255

jsonTime
0.00800759601407
0.183121855138
0.00482421391644
0.00496334396303
0.324199880939
0.00477465195581
0.0728396570776
0.0127199001145
0.453160546953
0.00477459910326

layerTime
0.0040614339523
1.268204625
0.00223450711928
0.0022359220311
2.91042248416
0.00204893015325
0.166393334977
0.00330504379235
2.71045275405
0.00192568893544

checksumTime
0.00394894694909
0.00199647294357
0.00207703397609
0.0018215009477
0.00237275892869
0.00203226180747
0.00203141802922
0.00219156616367
0.00225534290075
0.00874768896028




layer number :  10
8.84950895817
0.0419954559766

jsonTime
0.00768513511866
0.152313889004
0.00555302109569
0.00491751194932
0.320765805198
0.00452664797194
0.0857305938844
0.00461230706424
0.652059918037
0.00496238516644

layerTime
0.00446818396449
1.4544127949
0.00207907496952
0.002321341075
3.06977611897
0.0022178881336
0.166469081072
0.00216200505383
2.82761207502
0.00229925801978

checksumTime
0.00400803005323
0.00214056903496
0.00197998597287
0.00191046786495
0.00210167793557
0.00217971391976
0.00218812399544
0.00210622884333
0.0019817869179
0.00823097396642




layer number :  10
8.10447099409
0.0558724291623

jsonTime
0.00850231596269
0.179194997996
0.00476309889928
0.0123434779234
0.289633320877
0.00472697708756
0.0803841790184
0.0051905978471
0.48143508099
0.00503488304093

layerTime
0.00456021097489
1.46946119587
0.00236668717116
0.00361642614007
2.42295106221
0.00218996405602
0.176662307
0.00216160621494
2.85842303
0.00244588591158

checksumTime
0.00389201217331
0.00236610206775
0.00205402588472
0.00222876598127
0.00211385381408
0.00194394798018
0.00223294598982
0.00184897892177
0.00244960794225
0.00952216307633




