layer number :  19
117.930021746
0.0578915390652

jsonTime
0.00793908000924
3.1229461839
0.0682131799404
0.0055333878845
0.00439898110926
0.0050651631318
0.00443045585416
2.75402843882
0.00502838008106
0.00387976388447
0.00461085303687
7.54992612684
0.802495422075
0.00514950393699
0.0135993470903
1.44460699684
0.0836776818614
0.00684779882431
0.00926973787136

layerTime
0.00436132610776
23.303749922
0.00651172408834
0.00232452293858
0.00205940101296
0.00226606801152
0.0021641170606
25.1012702652
0.00214753486216
0.00224761199206
0.00194129301235
38.9146514512
4.07790411497
0.00237718899734
0.00447584502399
10.3840116241
0.0759813201148
0.00466778315604
0.00470685097389

checksumTime
0.00392221403308
0.00221599708311
0.00218084501103
0.00193259003572
0.00189374084584
0.00183157599531
0.00183655810542
0.00220180093311
0.00179024413228
0.00186900398694
0.00172026408836
0.0117400498129
0.00232977513224
0.00201923889108
0.00198576110415
0.00223370292224
0.00233762711287
0.00409217900597
0.0188826741651




layer number :  19
118.548812287
0.0581301201601

jsonTime
0.0358625419904
3.05151569308
0.04067200399
0.0054452479817
0.0130214060191
0.00443424098194
0.00416214601137
3.08018669789
0.00524875102565
0.00434778584167
0.00475610303693
7.15058103809
1.10964920907
0.00597887788899
0.00455017783679
1.51602025703
0.0987795020919
0.00480220001191
0.00435251905583

layerTime
0.00497623393312
24.6375438019
0.0203309480567
0.00197019404732
0.00529867201112
0.00208152504638
0.00194301595911
25.03915551
0.00199517305009
0.002070362214
0.00193408387713
37.7878528389
4.22984565306
0.00238532898948
0.00198679999448
10.4652303071
0.0576988300309
0.00207452499308
0.00239131599665

checksumTime
0.00454086391255
0.00218190602027
0.00206384598278
0.00190241890959
0.00202862499282
0.0019993269816
0.00161156407557
0.0207295010332
0.00200412003323
0.00173433986492
0.00157163804397
0.00238423608243
0.002257254906
0.00218592421152
0.0115446629934
0.00226127495989
0.00217875279486
0.00184430810623
0.00873262900859




layer number :  19
119.203266769
0.10430445103

jsonTime
0.00878748809919
3.15809732489
0.0417072931305
0.0142051870935
0.00461312988773
0.0044443840161
0.00477360701188
2.76123411814
0.00606288900599
0.00404616701417
0.00481007108465
8.65439524781
0.872170714894
0.00564166205004
0.0053381761536
1.50232626894
0.0769424990285
0.00782928499393
0.00760536990128

layerTime
0.00413435301743
23.1785159239
0.019612215925
0.00524010392837
0.00207341415808
0.00196149596013
0.00186837092042
25.9204811549
0.00227176002227
0.00192733691074
0.00179566885345
37.7797776251
4.33682546695
0.00250860094093
0.00232262792997
10.4494076141
0.151287091896
0.0042390639428
0.00414249510504

checksumTime
0.00361222005449
0.00233418098651
0.00180749595165
0.0021423981525
0.00177630386315
0.00178264803253
0.00166864600033
0.0120405340567
0.0018828290049
0.00177986198105
0.0014337291941
0.00223199906759
0.0174031010829
0.0020693289116
0.00182404997759
0.0022026640363
0.00403378414921
0.00355720403604
0.0162404829171




layer number :  19
118.283332748
0.0806681460235

jsonTime
0.00793163501658
2.88143125596
0.0594411711209
0.00562011613511
0.00442479806952
0.00476286793128
0.0126706410665
3.10356963007
0.00505654211156
0.00488590099849
0.00505632301793
7.927246053
1.02339003887
0.0052331329789
0.00507990899496
1.6342634859
0.0694945240393
0.0127988201566
0.00504820398055

layerTime
0.00415984983556
23.7023718089
0.00709528196603
0.00218349485658
0.0020053149201
0.00207629404031
0.00523544498719
25.10933466
0.00203112885356
0.00207428820431
0.00213848380372
37.7086047691
4.43138457206
0.00227830000222
0.00210062600672
10.2966717221
0.0758741248865
0.00381588097662
0.00232056621462

checksumTime
0.00398783409037
0.00202045403421
0.00181991886348
0.00181116210297
0.00175636308268
0.00177605100907
0.00178874190897
0.00215116189793
0.00178020098247
0.00184985995293
0.00163724413142
0.00225448491983
0.0160352501553
0.00175240798853
0.00221030693501
0.00238927803002
0.00220498093404
0.00214317487553
0.00837981584482




layer number :  19
117.449069832
0.0563713000156

jsonTime
0.00792757701129
2.83617287013
0.0599640121218
0.00505585991777
0.00449405889958
0.012565449113
0.00479947496206
2.58116620709
0.00521773006767
0.0125614060089
0.00467146188021
7.57400557515
0.853221549187
0.00525539903902
0.0131767599378
1.68905085488
0.0979256140999
0.00453006103635
0.00420979596674

layerTime
0.00422663288191
23.276594718
0.00398659799248
0.00211779610254
0.00211687199771
0.0052045469638
0.00207895413041
25.2985985379
0.00217231386341
0.00497023202479
0.00234009814449
38.151610333
4.25932985893
0.00231298804283
0.00451833894476
10.4720821141
0.0557592480909
0.00195633410476
0.00190954399295

checksumTime
0.00380078703165
0.00230108387768
0.00165017391555
0.00174681097269
0.0016468251124
0.0020350269042
0.00183381093666
0.00206820596941
0.00186742702499
0.00183114805259
0.00168347684667
0.00227028783411
0.0179004459642
0.00176669401117
0.00180287705734
0.0021975019481
0.00219546281733
0.00169108598493
0.00885881390423




layer number :  19
119.287431008
0.105162044987

jsonTime
0.00865909806453
3.18610982015
0.0603515210096
0.0138137598988
0.00433500111103
0.00445758108981
0.00400972412899
2.85909685004
0.0133399500046
0.00457399105653
0.00484486296773
7.73671107786
1.06639420288
0.00510639301501
0.0047615559306
1.50719020586
0.07387634716
0.00789076602086
0.0238377249334

layerTime
0.00448306789622
23.7472610639
0.00405106088147
0.00510010193102
0.00205136789009
0.00215658079833
0.00195037992671
25.8893867941
0.00501515693031
0.00237856293097
0.00211607804522
38.1574133921
3.99947902607
0.00223447405733
0.0020874699112
10.468957497
0.187905543949
0.00423522596247
0.00681118597277

checksumTime
0.00400583492592
0.00234134215862
0.00190819310956
0.00209747604094
0.00199590902776
0.00173506001011
0.00163313699886
0.00216571195051
0.00197127810679
0.00196197396144
0.00189381302334
0.0191547530703
0.0201040809043
0.00184342707507
0.00195137015544
0.00299757998437
0.00408799992874
0.00369956111535
0.0181061800104




layer number :  19
120.72976808
0.0561152568553

jsonTime
0.00770035292953
3.00929706194
0.0598881149199
0.00561010092497
0.00471399608068
0.00460371584632
0.0129812958185
2.75873921299
0.00544368196279
0.00442538014613
0.00538839306682
7.11199987493
1.15435059997
0.00507483095862
0.00493489182554
1.48533491581
0.0792159349658
0.00455993786454
0.0129728650209

layerTime
0.00407842895947
24.1556413651
0.00342009612359
0.0023857911583
0.00234287977219
0.00204244698398
0.00524468813092
26.0001801669
0.00215448392555
0.0021295119077
0.00185564695857
39.7243379611
4.34928587708
0.00236327201128
0.0023578889668
10.5422033321
0.0656858319417
0.0022796811536
0.00359549489804

checksumTime
0.00364860706031
0.00201799697243
0.00207690196112
0.00197256496176
0.0019637842197
0.00190268014558
0.00198841607198
0.0020075130742
0.00159898796119
0.00196356303059
0.0017643449828
0.0163877869491
0.00237520807423
0.00201330403797
0.00192115921527
0.00222565606236
0.00224567810073
0.00197309395298
0.00912680802867




layer number :  19
121.41517008
0.0573379669804

jsonTime
0.00831841607578
3.06807623897
0.0598026278894
0.00522369914688
0.00519340089522
0.00441858405247
0.00440666708164
3.04345065891
0.00520804896951
0.00473473011516
0.00525554106571
7.68489422114
1.16985584702
0.00536546902731
0.0048672829289
1.70338097191
0.0699090058915
0.00441800802946
0.00439898879267

layerTime
0.00414655194618
24.2606727181
0.00462630204856
0.00203225086443
0.00206181593239
0.00183592783287
0.00176581996493
26.1002907429
0.00226608407684
0.00225854897872
0.00212540407665
38.755119151
4.51821593707
0.00244767707773
0.00191797199659
10.6492590371
0.0978840570897
0.0022205200512
0.00215681619011

checksumTime
0.00365845696069
0.00217190315016
0.00193273788318
0.0018246951513
0.00186428008601
0.00169022311457
0.00156440399587
0.00230230507441
0.0017850198783
0.00192194897681
0.00186906382442
0.021744960919
0.0172576259356
0.00209867092781
0.00167668610811
0.00221151695587
0.00211309292354
0.00234346208163
0.00949326180853




layer number :  19
120.01790311
0.0556095330976

jsonTime
0.0294874249958
3.21536202612
0.0596544949804
0.00530588114634
0.00432800501585
0.015957654221
0.00452662399039
2.98241014709
0.0137365821283
0.00466035399586
0.00501738116145
6.90526604513
0.832379136002
0.00508584687486
0.00482981698588
1.47275417997
0.0719311069697
0.0045530339703
0.0160506120883

layerTime
0.0084471909795
23.4065792309
0.0154764500912
0.00223545380868
0.00186719605699
0.00599199300632
0.00233146804385
26.4346827071
0.00479876692407
0.0021420288831
0.00210422300734
39.2451669939
4.10017590015
0.00211809016764
0.00207702093758
10.8997685711
0.0858634540346
0.00203396705911
0.00384053494781

checksumTime
0.0041274910327
0.00209369300865
0.00196093390696
0.00199860101566
0.00167270889506
0.00213705888018
0.0018214948941
0.00231625582092
0.00207603909075
0.0019567089621
0.00184441683814
0.0212482509669
0.0158156689722
0.00196523987688
0.00167297106236
0.00237160990946
0.00200251303613
0.00167412287556
0.008868413046




layer number :  19
121.940379311
0.0649279709905

jsonTime
0.00813560280949
2.77862676792
0.0600458518602
0.00532794115134
0.00432813703083
0.00423127599061
0.0133253959939
2.62975471583
0.00512681086548
0.00462926505134
0.00484009692445
7.32595747802
0.782240816159
0.00559739908203
0.00524862203747
1.71271020197
0.0337892521638
0.00494397687726
0.00445950380526

layerTime
0.00414288602769
24.8658435191
0.00389911793172
0.00208845199086
0.0020264768973
0.00194999808446
0.00507871806622
26.6590546852
0.00232820911333
0.00201085116714
0.00192314805463
39.4434733118
4.35896014795
0.00258908001706
0.00199518096633
10.9474696259
0.106065213913
0.00241017807275
0.00200198916718

checksumTime
0.00365269114263
0.00230178702623
0.00222370401025
0.00181158399209
0.00186225702055
0.00167389190756
0.00171014107764
0.00214563496411
0.00180965685286
0.00182040897198
0.00194338499568
0.0207959120162
0.00234639388509
0.00221480592154
0.00166266714223
0.002384013962
0.00229612714611
0.00203260104172
0.00849930103868




