layer number :  35
115.617040235
0.130330737913

jsonTime
0.00781326298602
2.79685292789
0.0595392619725
0.0137689849362
0.00460880203173
0.00449724704958
0.00424389913678
0.00411734799854
0.00434416602366
0.0125778601505
0.0043748728931
5.41998346988
0.00526643800549
0.0921957548708
0.084241315024
0.00873883999884
0.00944458902813
0.00911546684802
0.0258455779403
0.00841477606446
0.00883651501499
0.0102226098534
0.00929779512808
0.00948665500619
0.0316927200183
0.00679184799083
1.01142511098
0.00449376204051
0.0704506649636
1.05262518604
0.123090472072
0.802316312911
0.00496457493864
0.151931873988
0.00451499107294

layerTime
0.00441678403877
23.5941963741
0.00287229311652
0.00507729221135
0.00205752905458
0.00218516797759
0.00196274090558
0.00183665892109
0.00197529001161
0.0031081258785
0.0020409419667
54.6595030071
0.00237658107653
0.045702686999
0.560546081979
0.00499030412175
0.00531624397263
0.0043425092008
0.00653287302703
0.00465547689237
0.00480694696307
0.00536813796498
0.00465746293776
0.00502977403812
0.00568892201409
0.0020456078928
7.88790189987
0.00211586407386
0.0357061149552
8.98435233603
0.332131569041
6.48166023614
0.00234151189215
0.820330230985
0.00197901297361

checksumTime
0.00386666902341
0.00213998300023
0.00177405588329
0.00230247783475
0.0020564480219
0.00160945486277
0.00168578699231
0.00169105501845
0.00184131297283
0.00207981513813
0.00166465411894
0.00222561694682
0.0019724459853
0.00508462102152
0.00455885799602
0.00452813599259
0.00418817601167
0.00396730098873
0.00424345093779
0.00373630109243
0.00411096005701
0.00421051005833
0.00396980904043
0.00423281290568
0.00414756103419
0.00187261612155
0.00209616706707
0.00197052187286
0.00291515607387
0.00204012193717
0.00635143090039
0.00234329001978
0.00203973706812
0.00228760810569
0.00905469781719




layer number :  35
118.489329269
0.0914021709468

jsonTime
0.00803786399774
2.85135609098
0.0413418419193
0.00535844289698
0.00423716683872
0.0043604359962
0.00438790116459
0.0125669569243
0.00477649387904
0.00432767393067
0.0043486461509
5.81706290995
0.00537119316868
0.0632309829816
0.093907861039
0.00516242999583
0.00514328782447
0.0046088998206
0.0146441319957
0.00486913882196
0.00466801295988
0.00457270490006
0.00470725493506
0.00488983490504
0.016515803989
0.00472230021842
1.30829978618
0.00516400183551
0.070981200086
1.07065682393
0.0969896048773
0.825442154892
0.00556348799728
0.150454191025
0.00462188920937

layerTime
0.0044069790747
23.4831942371
0.0198853500187
0.00209071906283
0.00218142918311
0.00200487114489
0.002031797776
0.00481080589816
0.00195122906007
0.00193890021183
0.00189907988533
55.3819186732
0.00236412882805
0.050915712025
0.429094839143
0.00241226796061
0.00247901305556
0.00236410018988
0.00569535815157
0.00250627519563
0.00220569199882
0.00243901717477
0.00209474703297
0.00222668307833
0.00373775092885
0.00235411594622
8.37468008883
0.00219112820923
0.0354455600027
9.95046577696
0.519470066996
6.67129421909
0.00195648591034
0.7820371259
0.00226847687736

checksumTime
0.00369047094136
0.00230267597362
0.0017924150452
0.00180944404565
0.00183869386092
0.00172449485399
0.00168932322413
0.00200488511473
0.0018858499825
0.00176353682764
0.0017725629732
0.00241560884751
0.00199965201318
0.0151064719539
0.00242047291249
0.00233523012139
0.00208864314482
0.00198731385171
0.00224278098904
0.0022031259723
0.00201180297881
0.0019687928725
0.00203764205799
0.00173221109435
0.00220404891297
0.00194381782785
0.00221753516234
0.00169670279138
0.00374440406449
0.00232207216322
0.00635823514313
0.00212827394716
0.00170823209919
0.00204554991797
0.00857725297101




layer number :  35
116.209049667
0.0926634711213

jsonTime
0.00838154414669
2.78902779985
0.0595463530626
0.00536082801409
0.00448351097293
0.00500962208025
0.0127280070446
0.00431288499385
0.0043583009392
0.00423322292045
0.00444446806796
5.52175853099
0.0138683889527
0.0641170570161
0.0831973380409
0.00751041877083
0.00724227004685
0.0230220139492
0.00719310110435
0.007022065809
0.00740525498986
0.0066838611383
0.00644602905959
0.0208400092088
0.00917561491951
0.00682452390902
1.27691296698
0.012609802885
0.0619913148694
1.00595832081
0.104594873963
0.793896866031
0.0131266280077
0.1465468721
0.00493169878609

layerTime
0.00427189096808
22.9361134812
0.0039330299478
0.00231652101502
0.00200611399487
0.00222478294745
0.00481188716367
0.00209744414315
0.00209311721846
0.00192737416364
0.0020186570473
54.543740791
0.0054761080537
0.0489803110249
0.903406480094
0.00395214208402
0.00381297897547
0.00573358009569
0.0037986158859
0.003407754004
0.00327568897046
0.00343274907209
0.00356854102574
0.00521753588691
0.00373152503744
0.00363381789066
8.16640937305
0.00437028706074
0.0356449380051
9.37104369607
0.338432413992
6.43338326691
0.00435036607087
1.01018255483
0.00205973419361

checksumTime
0.00395421404392
0.0141111218836
0.00200065597892
0.00198709103279
0.00162368197925
0.00171810691245
0.00203717779368
0.00184458191507
0.00166154187173
0.00188552192412
0.00172105780803
0.00239934911951
0.00215643388219
0.0170550129842
0.00359087600373
0.00361332204193
0.00348758301698
0.00384409190156
0.00330060510896
0.00313754216768
0.00312194786966
0.00283452076837
0.00327012292109
0.0035486749839
0.00321631017141
0.00341660203412
0.00216381414793
0.00215885904618
0.00214169011451
0.00200073397718
0.00533350510523
0.00203423108906
0.00201023486443
0.00197141920216
0.0086950508412




layer number :  35
118.597999666
0.145748035982

jsonTime
0.00818251096644
2.984546202
0.0596757151652
0.0134470060002
0.00494068884291
0.00475200708024
0.00469832005911
0.00473736110143
0.00469598011114
0.0130392708816
0.0047689829953
5.50656642206
0.00563762895763
0.0720524869394
0.0897345659323
0.00455095013604
0.00412623607554
0.00523964199238
0.0127057118807
0.00465193693526
0.00418588891625
0.00467908801511
0.00404620706104
0.00400797091424
0.0135152121074
0.00525051611476
1.085310878
0.181140951114
0.050048883073
1.07466514409
0.113539936952
0.778932677116
0.00451976107433
0.151430323953
0.00494051491842

layerTime
0.0043433229439
23.220545281
0.00302388798445
0.00513495085761
0.0024393030908
0.00227157212794
0.00236365897581
0.00202679191716
0.00206421595067
0.00305629312061
0.00205165706575
56.417442705
0.00226162001491
0.052662990056
0.690584747121
0.00211149896495
0.00211109104566
0.00194152700715
0.00332969916053
0.00211496395059
0.0018754710909
0.00180886103772
0.00208681006916
0.00174887105823
0.00333936791867
0.00207410892472
7.71979491599
0.0023860919755
0.0558831889648
9.5147440189
0.766621441115
6.75172856986
0.00222690799274
0.810522062005
0.0021070970688

checksumTime
0.00373833812773
0.0022393479012
0.00164926005527
0.00210803211667
0.00209052790888
0.00200213887729
0.00189729989506
0.00171184795909
0.00213969009928
0.00195739697665
0.00194882182404
0.00227619800717
0.002037164988
0.0136198170949
0.00228043179959
0.00166609697044
0.00214259000495
0.00188479595818
0.00205102399923
0.00182181806304
0.00169621384703
0.00186563795432
0.00169426505454
0.00198846892454
0.0020994648803
0.00183730316348
0.00189424585551
0.00171161489561
0.00291069899686
0.00225762603804
0.00544534088112
0.00232359301299
0.00182588794269
0.00210155406967
0.00971150398254




layer number :  35
117.058819058
0.0855996040627

jsonTime
0.0325477370061
2.98816347099
0.0600439929403
0.0054771550931
0.00463963905349
0.0128938988782
0.00523861707188
0.00447332416661
0.00444800104015
0.00400039204396
0.00444122916088
5.65594096901
0.00548549392261
0.0225991720799
0.0846197779756
0.00479999394156
0.00451872288249
0.00447374093346
0.00469041103497
0.014232252026
0.00485913502052
0.00446375203319
0.00474337418564
0.0043917382136
0.00588139682077
0.013977882918
1.140684905
0.00486799608916
0.0617588399909
1.09652968706
0.122201883933
0.830618535867
0.00459766783752
0.151825236855
0.00720096193254

layerTime
0.00696825282648
23.6538768921
0.00306405406445
0.00210477085784
0.00193597585894
0.0050200431142
0.0018207069952
0.00219661090523
0.001952476101
0.00220987689681
0.0019269338809
55.037588096
0.00234013306908
0.084340771893
0.408019460971
0.00236088689417
0.0020373610314
0.0021718069911
0.00221267691813
0.00373556697741
0.00206290092319
0.00216971011832
0.00221800198779
0.00225860998034
0.00204157596454
0.00360563304275
7.82391752605
0.00235097692348
0.0354128398467
9.27588379313
0.470578507986
6.22984834807
0.002028263174
1.40220611799
0.00338117801584

checksumTime
0.00412768311799
0.00221892492846
0.00196921802126
0.002019881038
0.00167327118106
0.00201894389465
0.00213272986002
0.00173762394115
0.00181323895231
0.00194314797409
0.00178939499892
0.00234682601877
0.00177674903534
0.0123071270064
0.0022259701509
0.00204802514054
0.00189063302241
0.00202011410147
0.00177548709325
0.00241243094206
0.00190492696129
0.00209678080864
0.00198317482136
0.00174390501343
0.00172957917675
0.00223940704018
0.00211916980334
0.00174799514934
0.00188574800268
0.00225570192561
0.0050909051206
0.0021748370491
0.00197873497382
0.00307807722129
0.0130067148712




layer number :  35
117.806548526
0.0915892259218

jsonTime
0.00799880293198
3.08516928507
0.0595541368239
0.0110860189889
0.00858110003173
0.0089085008949
0.025919086067
0.00865906104445
0.00793330185115
0.00835392111912
0.00819365214556
5.59538477007
0.0134787028655
0.0633664911147
0.0955267858226
0.00442458200268
0.00424286210909
0.0124085219577
0.0042617728468
0.00423174304888
0.00452590221539
0.00424715084955
0.00414794194512
0.0123387589119
0.00604340108112
0.00411158101633
1.01910810801
0.0127627211623
0.0723539330065
1.04230104713
0.100095510017
0.774266430875
0.0128390539903
0.167296648026
0.00490439683199

layerTime
0.00422958098352
23.126927064
0.00667791301385
0.00459714210592
0.00422589108348
0.00443197600543
0.010442054132
0.00492320000194
0.004236017121
0.00456692790613
0.00424433685839
56.3685260979
0.00545199308544
0.065714220982
0.678422503173
0.00234525208361
0.00184951000847
0.00338830822147
0.00182612007484
0.00206267298199
0.00217723799869
0.00205737515353
0.00213586795144
0.00333520118147
0.00233782408759
0.00191332492977
7.83453425905
0.00448774080724
0.00798256881535
9.4685304109
0.469982531155
6.21741203894
0.00453435210511
0.992221612949
0.00213480205275

checksumTime
0.00359422597103
0.00224283104762
0.00409899908118
0.00372976483777
0.00389673002064
0.00415794993751
0.00424871081486
0.00421439111233
0.00373637792654
0.00392217095941
0.00396316102706
0.00230100518093
0.00236396491528
0.00204916903749
0.0123807338532
0.0018904779572
0.00185179384425
0.00202768296003
0.00161369796842
0.00202035089023
0.0017948159948
0.00183545099571
0.00164592498913
0.0022969248239
0.00160801992752
0.00180856604129
0.00214492389932
0.0021350341849
0.00193542498164
0.00201224698685
0.00439406000078
0.00198200508021
0.00209740083665
0.00210686121136
0.00937167392112




layer number :  35
117.504367818
0.0903314880561

jsonTime
0.00801922800019
2.94742562203
0.0596188351046
0.00542727997527
0.00439042202197
0.0123455591965
0.00448069698177
0.00403187191114
0.0041857289616
0.00397433689795
0.00442688702606
5.83522990998
0.0059548811987
0.0628135770094
0.0968209789135
0.0228139278479
0.00762527901679
0.00724485493265
0.00747438287362
0.00725926598534
0.00721827894449
0.0223551511299
0.0074380650185
0.00780654512346
0.0100658389274
0.00722914910875
1.40030189115
0.00468092295341
0.0621400990058
1.02577429498
0.103955589002
0.695139874006
0.00469086295925
0.159106750973
0.00571944308467

layerTime
0.00433856900781
23.73767882
0.00363495200872
0.00198903493583
0.00186285516247
0.00492218998261
0.0021931771189
0.00189492106438
0.00187141401693
0.00193799613044
0.0018338880036
54.7632249261
0.00229450198822
0.0679393960163
0.964063563151
0.0097795240581
0.00400397693738
0.00386799802072
0.00380348693579
0.00375292892568
0.00371723622084
0.00562529591843
0.00384695199318
0.00377752678469
0.00377008505166
0.00363080599345
7.83382015489
0.00225215312093
0.0354672230314
9.47120379005
0.347728806082
6.38470517215
0.00232230196707
0.98794823396
0.00231259479187

checksumTime
0.00360361812636
0.00210839579813
0.00205862801522
0.00184354395606
0.00171118881553
0.00192226888612
0.00164317595772
0.00161145208403
0.00179493497126
0.00156808202155
0.0015449328348
0.00216248491779
0.00202309293672
0.00297579891048
0.00382452900521
0.00370366312563
0.0034496630542
0.003271040041
0.00316034210846
0.00344748003408
0.0032994018402
0.00361683196388
0.0033085970208
0.00347501412034
0.00348127190955
0.0035051589366
0.00287532899529
0.00215517892502
0.00204557389952
0.00230460497551
0.00226253294386
0.00224013300613
0.00220102397725
0.00227974308655
0.00959060317837




layer number :  35
116.414078742
0.0937849800102

jsonTime
0.00747045804746
3.00215343013
0.041568984976
0.00524079380557
0.00516040204093
0.00431270315312
0.00438017398119
0.00404341914691
0.0129166780971
0.00494988611899
0.00441801804118
5.36026654113
0.00702871498652
0.0634313011542
0.0829369190615
0.0127250330988
0.00478033418767
0.00509008602239
0.00407785200514
0.00401737587526
0.00474897003733
0.0125646919478
0.00477668503299
0.00403588381596
0.00669406587258
0.00390283600427
1.12569520692
0.0045454481151
0.062707670033
1.09738519415
0.107287454186
0.65214554104
0.0044090799056
0.14117369405
0.00464958208613

layerTime
0.00422241492197
24.054776557
0.0203820359893
0.00187432719395
0.00230921199545
0.00198449497111
0.00169373303652
0.00184604502283
0.00488909590058
0.0023803319782
0.00226760585792
54.947202842
0.00219378503971
0.0657148899045
0.407826298848
0.003171260003
0.00213580997661
0.00203623599373
0.00209037400782
0.00184480007738
0.0018268970307
0.00313029601239
0.00206635682844
0.002156797098
0.00183438602835
0.00193564593792
7.80242137006
0.0019670848269
0.0356038350146
9.24186618999
0.337267633993
6.37456090399
0.00221718708053
1.01223376999
0.00203382410109

checksumTime
0.00360730197281
0.00233764504083
0.00204994203523
0.00171696580946
0.00196191598661
0.00165450689383
0.00182038894854
0.00159681192599
0.00204585795291
0.0019193389453
0.00173651706427
0.0115973618813
0.00188291189261
0.00199947110377
0.00214744196273
0.0019174918998
0.00185502786189
0.00186754111201
0.00157054001465
0.00149047886953
0.0019534160383
0.00171512807719
0.00180910318159
0.00183938699774
0.00154129415751
0.00144703197293
0.00247129797935
0.00176401413046
0.00192540488206
0.00213797879405
0.00213002297096
0.00232491595671
0.00209071999416
0.00202614883892
0.0090476248879




layer number :  35
116.194080978
0.0416697571054

jsonTime
0.00419202796184
2.43154099607
0.0604781128932
0.00559666892514
0.0043951519765
0.00413816189393
0.00429546507075
0.00399573100731
0.0159112550318
0.00430251704529
0.00413676491007
5.4838960662
0.0176756789442
0.062869770918
0.0890909379814
0.0046216910705
0.0145306319464
0.00443568918854
0.00435301591642
0.00413934700191
0.0123799440917
0.00516227795742
0.00385317788459
0.00429347599857
0.00545633700676
0.00403848802671
1.07540727989
0.00465230713598
0.0620005680248
1.02784480923
0.0952263581567
0.676949890098
0.00528571289033
0.14997224696
0.00451752520166

layerTime
0.00183879001997
23.856802671
0.0152041080873
0.00208121095784
0.00198674411513
0.0019683050923
0.00207636598498
0.00193402403966
0.00532422587276
0.00217117997818
0.00204118411057
54.853808261
0.00243905116804
0.0655495331157
0.388636034215
0.00206753402017
0.00223819212988
0.00210001179948
0.00198828103021
0.00185009185225
0.00294210202992
0.00211251107976
0.0021061799489
0.00192067283206
0.00203537801281
0.00191139709204
8.144166535
0.0022620789241
0.0355891718064
9.54175077099
0.35762729682
6.58866938995
0.00225403998047
0.780275037047
0.00215120683424

checksumTime
0.00174729106948
0.013266663067
0.00188868399709
0.00188049697317
0.00182881299406
0.00180970295332
0.00211916700937
0.00166535796598
0.00199973001145
0.00197618408129
0.00182636780664
0.00204338785261
0.00213349796832
0.00197022384964
0.0197172767948
0.00174370198511
0.00194205786102
0.00169950607233
0.00171829317696
0.00194644904695
0.00211206986569
0.00175550905988
0.00163641618565
0.00171053409576
0.002024439862
0.00180234201252
0.00227214302868
0.00206805905327
0.00209248298779
0.00219348282553
0.00201809406281
0.00205674301833
0.00184295210056
0.0021838368848
0.00931246415712




layer number :  35
118.082756789
0.102171187988

jsonTime
0.00756399100646
2.89482830185
0.0506347110495
0.00623385212384
0.00322196190245
0.00434318790212
0.0125645210501
0.00424534687772
0.00407107383944
0.00439884117804
0.00405989494175
5.71311378898
0.0136437420733
0.0632560302038
0.0883227030281
0.00797480996698
0.00781825697049
0.0243534639012
0.00798158394173
0.00786946411245
0.00757729704492
0.00772613403387
0.00802480615675
0.024382889038
0.0102430379484
0.00795213901438
1.38251935202
0.0130101230461
0.0623351628892
1.01959303697
0.105420303997
0.670740600908
0.01295871404
0.146419503959
0.00472267111763

layerTime
0.00419927504845
23.799099006
0.0168594860006
0.00210334779695
0.00196671718732
0.00217461003922
0.00306941801682
0.00209222198464
0.00199112598784
0.00196763779968
0.00194795802236
54.8580054392
0.00564325787127
0.0556159529369
0.906240394805
0.00387838110328
0.00405470700935
0.00607169303112
0.004165193066
0.0041719940491
0.00451666698791
0.00415112287737
0.00381966982968
0.00592624186538
0.00411317497492
0.00390467792749
8.12471176707
0.00442926492542
0.0354983741418
9.76815665211
0.357564275153
6.44847433805
0.00435273000039
1.00594395702
0.00214116694406

checksumTime
0.00404532905668
0.00201410311274
0.00227850186639
0.00303202611394
0.00197739899158
0.00190256489441
0.00179618806578
0.0017512361519
0.00188055401668
0.0017735871952
0.00183837790973
0.00227819290012
0.00217483495362
0.0019736320246
0.00397367309779
0.00343396095559
0.00372311798856
0.00404935609549
0.00366914691404
0.00370979984291
0.00372330308892
0.00342960795388
0.00331797613762
0.00365798105486
0.00392014207318
0.00363947800361
0.00204651686363
0.00231841113418
0.0020254869014
0.00250345491804
0.00227851001546
0.00216611800715
0.00218302896246
0.00224064593203
0.00902030104771




