layer number :  9
1.01141676994
0.0642399529461

jsonTime
0.0159900760045
0.0319505400257
0.052952105063
0.0179741500178
0.0169515960151
0.0314823630033
0.0158323550131
0.0176755760331
0.0153702879325

layerTime
0.0122664539376
0.0123437079601
0.496532978956
0.012291740044
0.0122730300063
0.0123992810259
0.0122795569478
0.0125284879468
0.0121766939992

checksumTime
0.0119162920164
0.0119256529724
0.0121515829815
0.0119949840009
0.0119529529475
0.0119841319975
0.0120239020325
0.0117044800427
0.0296003529802




layer number :  9
0.998059886042
0.0607811360387

jsonTime
0.0322389289504
0.0157374920091
0.0519845759263
0.0326851860154
0.0157146209385
0.0156120340107
0.0160013620043
0.0169982920634
0.0161113649374

layerTime
0.0123910480179
0.0122513310052
0.489953037002
0.0124139880063
0.012291260995
0.0122438450344
0.0122542559402
0.0123322180007
0.0122674340382

checksumTime
0.0119702860247
0.0119585649809
0.0117723740404
0.0119667960098
0.0120888670208
0.0119373219786
0.0119667260442
0.0120040070033
0.029689182993




layer number :  9
1.00135424198
0.0633117390098

jsonTime
0.0152710590046
0.0156630700221
0.0518151780125
0.0167826040415
0.0153616680764
0.0154467159882
0.0154189269524
0.0299760849448
0.0156340560643

layerTime
0.0122579350136
0.0119345929706
0.513314464944
0.012213709997
0.0121790600242
0.0121691389941
0.0121943689883
0.0123373100068
0.0121944939019

checksumTime
0.0119514579419
0.0119771880563
0.0119337940123
0.0118783939397
0.0118678279687
0.0118308450328
0.0118933500489
0.0119381590048
0.0299554300727




layer number :  9
1.00520268106
0.0610248870216

jsonTime
0.0149664919591
0.0314537609229
0.0522103690309
0.016939522
0.0312440790003
0.0157462470233
0.0157809520606
0.0169073319994
0.0156308960868

layerTime
0.0122584929923
0.0123584480025
0.496171731967
0.0123349500354
0.0123723789584
0.0122655420564
0.0122547850478
0.0120085539529
0.012208968983

checksumTime
0.012472609058
0.0119583130581
0.0119405909209
0.0119608660461
0.0120279369876
0.0119381588884
0.0115392080043
0.0117125109537
0.0327181729954




layer number :  9
0.998175728018
0.0595493490109

jsonTime
0.0314963369165
0.0159013540251
0.051950222929
0.0168992829276
0.0314680959564
0.0157097670017
0.0156442340231
0.0169345919276
0.0156855030218

layerTime
0.0125100560253
0.0121650029905
0.490576070035
0.0122021969873
0.0123604070395
0.0121902429964
0.0122075749096
0.0123083660146
0.0122631320264

checksumTime
0.0122432389762
0.0120316110551
0.0119286810514
0.0119955640985
0.0119079499273
0.0119135520654
0.0119203100912
0.0119572799886
0.0315583549673




layer number :  9
1.04822311504
0.0646059040446

jsonTime
0.0325283410493
0.0164881570963
0.0526022779522
0.0327021189732
0.0158282079501
0.0158628149657
0.015482658986
0.0169162011007
0.0157072610455

layerTime
0.0123569379793
0.0122599629685
0.534950323985
0.012315244996
0.0122528980719
0.012296224013
0.0117972840089
0.0123740769923
0.012361660949

checksumTime
0.0119310959708
0.0119405509904
0.0119234650629
0.0119314170443
0.0120508020045
0.0119455179665
0.0119042219594
0.0118540299591
0.0303973800037




layer number :  9
1.00047714193
0.0621243109927

jsonTime
0.0142338830046
0.0159859759733
0.0518728279276
0.0171555379638
0.0156455680262
0.0156265490223
0.0157075719908
0.032156951027
0.0160721330903

layerTime
0.0113831319613
0.0117701489944
0.511138470029
0.01224614901
0.012237115996
0.0122286229162
0.0124484270345
0.0120130899595
0.0121896069031

checksumTime
0.0116139299935
0.0119324540719
0.0119941660669
0.0119192179991
0.0119122209726
0.0118428310379
0.0120565999532
0.0120528039988
0.0306549860397




layer number :  9
1.00175705994
0.0599461100064

jsonTime
0.015210323967
0.0156672119629
0.068640972022
0.0164938149974
0.0154026550008
0.0153778130189
0.0295071720611
0.0173464079853
0.0152524289442

layerTime
0.0121047990397
0.0122088519856
0.498682523961
0.0124140600674
0.0121746049263
0.0122884869343
0.0123379279394
0.0122011740459
0.0122170581017

checksumTime
0.0119246019749
0.0119007920148
0.0119369840249
0.0118846499827
0.0118088020245
0.0119599510217
0.0118957760278
0.0118993499782
0.0305081999395




layer number :  9
1.00337775098
0.0620223300066

jsonTime
0.015733388951
0.0306013430236
0.0519372539129
0.0168815969955
0.0315254509915
0.0164582430152
0.0156537300209
0.0166386599885
0.015709163039

layerTime
0.011909466004
0.0115650930675
0.49604136101
0.0123283750145
0.0122726720292
0.0122601600597
0.0122414159123
0.0123618670041
0.0124482020037

checksumTime
0.01129919698
0.0116741299862
0.0119725069962
0.0120526310056
0.0119476539548
0.0119305719854
0.0118974670768
0.0119388919557
0.0305071530165




layer number :  9
0.998479663045
0.0608440920478

jsonTime
0.0317415529862
0.015962179983
0.0518990869168
0.0169609130826
0.0314717260189
0.0159551519901
0.0157904060325
0.0169914430007
0.0156278609065

layerTime
0.0124363080831
0.0122724979883
0.490256419056
0.0125045529567
0.0123724719742
0.0122679499909
0.0122023189906
0.0122881070711
0.0121979040559

checksumTime
0.012003522017
0.0119171920232
0.0117472369457
0.0119825500296
0.0119943739846
0.0119817280211
0.0118987149326
0.0119237540057
0.0302748540416




