layer number :  15
183.532882956
0.0787874149391

jsonTime
0.0153885510517
1.72165694495
0.0145659160335
0.0227655429626
14.3334658489
0.0546409029048
0.243625637959
0.0235103949672
0.0146598609863
0.0148680850398
0.0144986980595
0.0145346940262
0.0312904119492
0.0157022019848
0.0157307949848

layerTime
0.0122481919825
11.741924716
0.012107317918
0.012312551029
151.963835193
0.683115589083
2.16571568104
0.0121231490048
0.0120427110232
0.0120509039843
0.0122622619383
0.0138018099824
0.01239291206
0.0122304779943
0.0122525730403

checksumTime
0.0119802260306
0.0116189679829
0.0117474830477
0.0113904370228
0.0129857680295
0.0120031799888
0.011256992002
0.011839251034
0.0117506718962
0.0117424710188
0.0117228509625
0.0129437660798
0.0119516389677
0.0119669979904
0.0351591280196




layer number :  15
179.485077771
0.0756292670267

jsonTime
0.0152751050191
1.68268013292
0.0151310800575
0.0227420420852
13.9967287859
0.0536101580365
0.224750653026
0.0156057169661
0.0145053499145
0.0160881470656
0.030157924979
0.0157702889992
0.0158836479532
0.0154977679485
0.015534295002

layerTime
0.0122765620472
11.7323372051
0.012755228905
0.0121249459917
148.256689525
0.761302729952
2.15350624593
0.0121143219294
0.0122542530298
0.012534111971
0.0123219330562
0.0121690150118
0.0122229160042
0.0121978271054
0.0121845969697

checksumTime
0.0119364029961
0.012223875965
0.0117088200059
0.0117264239816
0.013389523956
0.0119688470149
0.011992050102
0.0117020300822
0.0121611179784
0.011680983007
0.0119041620055
0.0118977089878
0.0119278409984
0.011902667
0.0417275059735




layer number :  15
180.345319606
0.0775320029352

jsonTime
0.0326894340105
1.62343911594
0.0151350889355
0.0228901719674
14.1533991471
0.0705070780823
0.230441858992
0.019221583032
0.0150242670206
0.0148408660898
0.0144112680573
0.0144397389377
0.0217991069658
0.0145632680506
0.0143947909819

layerTime
0.0123330879724
11.799628958
0.0121815419989
0.0121556899976
149.038997422
1.09954307601
1.67387895996
0.0137394189369
0.0122225360246
0.0123118839692
0.0120287130121
0.0119736060733
0.0122166210786
0.0119752349565
0.0122627599631

checksumTime
0.0119055000832
0.0121867520502
0.0116414140211
0.0117948330007
0.0121653919341
0.0119917650009
0.012761111022
0.01183424599
0.0116147799417
0.0116863709409
0.0117939159973
0.0117050849367
0.0117929709377
0.0117291250499
0.0657912860624




layer number :  15
178.107508335
0.0797943450743

jsonTime
0.0153878020355
1.54502031102
0.014939810033
0.0227820699802
13.676780873
0.0584202760365
0.236548273009
0.0409598560072
0.0142079190118
0.0150825979654
0.0210430850275
0.0149715039879
0.0146249799291
0.0149527579779
0.0148652220378

layerTime
0.0122481569415
11.950946196
0.0128226699308
0.0124524020357
147.399613559
0.561382140964
2.04147018096
0.0118106428999
0.0120390279917
0.0120471080299
0.0120993870078
0.012257368071
0.0122293800814
0.0123046420049
0.0120770479552

checksumTime
0.0119070899673
0.012226409046
0.0117395590059
0.0117849010276
0.0159237169428
0.011952196015
0.0128289650893
0.0112314680591
0.0117519709747
0.0112679679878
0.0119963219622
0.0117844759952
0.0118778879987
0.0118385689566
0.0383752930211




layer number :  15
177.680814157
0.0778810000047

jsonTime
0.0153126830701
1.67530075298
0.0159280709922
0.0239012299571
13.810882015
0.0631281139795
0.233969690045
0.017107050051
0.014716701
0.016869663028
0.0155696399743
0.0311988700414
0.0158965380397
0.0162721669767
0.0156763659324

layerTime
0.0122651068959
12.0702795159
0.0121854889439
0.0122798039811
146.116796236
0.921680210042
2.15202587494
0.0121341060149
0.011976009002
0.0123193770414
0.0121858180501
0.012415220961
0.0120986649999
0.0124171960633
0.0121509790188

checksumTime
0.0119650980923
0.01398048806
0.0117616860662
0.0118609690107
0.0121619349811
0.0119936369592
0.0153248460265
0.0118322579656
0.0127690249356
0.0118542599957
0.0118795059389
0.0118728959933
0.0119905259926
0.011761798989
0.0422633240232




layer number :  15
176.557658498
0.0805518339621

jsonTime
0.0330278509064
1.58478311496
0.0149503789144
0.0226137560094
13.840919246
0.0572853978956
0.234154022997
0.015808155993
0.0163675330114
0.0151893799193
0.0218427249929
0.0147324630525
0.0146162180463
0.0211601230549
0.0152187469648

layerTime
0.0124583609868
11.976398909
0.0120757879922
0.0122064220486
145.658259244
0.61185696302
1.94753898995
0.0120432390831
0.0129218500806
0.012173647061
0.0122223939979
0.0119673609734
0.0119828749448
0.0120015350403
0.0120457760058

checksumTime
0.0120751410723
0.0121976140654
0.012065181043
0.0120235719951
0.0153173391009
0.0139005300589
0.0119516690029
0.0115809259005
0.0120605879929
0.0117254479555
0.0117984230164
0.0116592539707
0.0118142659776
0.0117776859552
0.0436218330869




layer number :  15
175.95968917
0.075056392001

jsonTime
0.0336910680635
1.65939110704
0.0151308869245
0.0225208859192
14.457858344
0.0639341530623
0.221411150065
0.0565720720915
0.0151737140259
0.027517023962
0.0289518870413
0.0155170789221
0.0152190299705
0.0157657440286
0.0147117120214

layerTime
0.012486462947
11.605030649
0.0120418890147
0.0122742949752
144.39195977
0.83511529793
2.03185186198
0.0118762810016
0.0122529879445
0.0125018330291
0.0123141179793
0.0122271659784
0.0122639799956
0.0137436969671
0.0122075800318

checksumTime
0.0119392590132
0.0120449080132
0.0117895010626
0.0118296140572
0.0153312960174
0.0119912920054
0.0118230269291
0.0117516189348
0.011949456064
0.0116812440101
0.0118932980113
0.0118835280882
0.0119656160241
0.0123254739447
0.0401983869961




layer number :  15
175.823249635
0.0800766549073

jsonTime
0.0160672999918
1.67346132698
0.0154094219906
0.0235417109216
14.4178793769
0.0617777459556
0.227604959975
0.0326708039502
0.0146072029602
0.0147012280067
0.0152750340058
0.0146459579701
0.0239226300037
0.0144643799867
0.013954828959

layerTime
0.0122780509992
11.510376014
0.0120590529405
0.0125542270252
144.421071231
0.875715962029
1.99866196793
0.0125241680071
0.0124344280921
0.0120972349541
0.0119153260021
0.012027930934
0.0122473440133
0.0120016429573
0.0119726380799

checksumTime
0.0119916530093
0.0122906840406
0.012031482067
0.0117866160581
0.0153458340792
0.0120115160244
0.0117254430661
0.0117052230053
0.0119285900146
0.0116852589417
0.0116256620968
0.0123892390402
0.0117131919833
0.0113748790463
0.042971977964




layer number :  15
175.67619809
0.0763118099421

jsonTime
0.0148903100053
1.67904588999
0.0151439959882
0.0231660299469
14.406333173
0.0578819910297
0.236275402014
0.0157398469746
0.0146104100859
0.0149217370199
0.0216898079962
0.0168175529689
0.0164209980285
0.0163900490152
0.0157112909947

layerTime
0.0118237750139
11.462925568
0.0127319419989
0.0121695690323
144.383038696
0.620786614018
2.21094151796
0.0121211919468
0.0122477739351
0.0120824950282
0.0121081100078
0.0128326760605
0.0122366159922
0.0122222569771
0.0122535530245

checksumTime
0.0119109980296
0.0122603960335
0.0117575590266
0.0118225469487
0.0120076199528
0.0119814289501
0.0119478710694
0.0116940590087
0.0117053330177
0.0117284349399
0.0138437820133
0.0111274999799
0.0119394189678
0.0119168419624
0.0439915820025




layer number :  15
174.086355218
0.0783736839658

jsonTime
0.0322152120061
1.502825203
0.0150503279874
0.022439250024
13.702209992
0.0604930389673
0.173973995028
0.0237385369837
0.0149768299889
0.0155668569496
0.0147644110257
0.0195274939761
0.0224425350316
0.0161334190052
0.0142929739086

layerTime
0.0123665989377
11.573321852
0.0123501310591
0.0121999960393
144.000155026
0.72810803703
1.70352240698
0.0125495539978
0.0120635090861
0.0120532630244
0.0123894859571
0.0136741470778
0.0115354389418
0.0121106019942
0.0114273320651

checksumTime
0.0119894699892
0.0123020369792
0.0118737949524
0.0119681159267
0.0116806279402
0.0118681669701
0.0115541500272
0.0118076429935
0.0117905669613
0.0117438100278
0.0118922300171
0.0117436079308
0.0137803260004
0.0117959860945
0.0389440859435




