layer number :  19
197.359648489
0.0891143250046

jsonTime
0.031994049903
2.77650516096
0.0215112700826
0.0165358800441
0.885516835959
0.0151093200548
0.0254415080417
0.0148939309875
0.0234423109796
11.8575156099
0.0184643958928
0.014558247989
0.0166579830693
0.015079441946
0.0165170959663
0.0146202100441
0.0150031989906
0.0151002979837
0.0150537570007

layerTime
0.0124806150561
32.137889653
0.040523059899
0.0121486029821
9.12795359199
0.0120722840074
0.012071448029
0.0121175199747
0.0123660040554
139.701593165
0.012331704027
0.0121101650875
0.0121775929583
0.0121420370415
0.0122966479976
0.012351727928
0.0120888809906
0.0121349899564
0.0121417179471

checksumTime
0.0120409840019
0.0129396800185
0.0118578430265
0.0118200640427
0.0119473329978
0.0119210229022
0.0117948990082
0.0118053969927
0.0119597919984
0.0120666490402
0.0117155039916
0.0164619139396
0.0118924860144
0.0156028550118
0.0119468820048
0.0116839840775
0.0117326410254
0.0118724510539
0.0361326310085




layer number :  19
200.538238395
0.0886515610619

jsonTime
0.0334309400059
3.16145826399
0.0290692111012
0.0178067770321
1.03430035396
0.0156280969968
0.014663771959
0.0228988600429
0.0161095299991
11.1440785601
0.0276908950182
0.0167534230277
0.0316418929724
0.0162804391002
0.0160089560086
0.0158266170183
0.0166667130543
0.0156704069814
0.0316925538937

layerTime
0.0124802240171
33.0209687221
0.0814338879427
0.0122746409616
9.04663340596
0.0120970510179
0.0119809220778
0.0121682529571
0.0121625509346
142.171174648
0.0147656480549
0.0121876329649
0.0186164400075
0.012268492952
0.0123091440182
0.0122386709554
0.0122554089176
0.0124134370126
0.0124047870049

checksumTime
0.012039327994
0.01170824992
0.0120205270359
0.0119571640389
0.011935462011
0.0116927489871
0.0117151709273
0.0117882650811
0.0118060290115
0.0124502689578
0.0140315649332
0.0118983860593
0.0122208319372
0.0120240380056
0.0119621369522
0.0122199950274
0.0119230810087
0.0119473520899
0.0311062820256




layer number :  19
194.190209572
0.087550601922

jsonTime
0.0154025780503
3.143601469
0.0208645680686
0.0152968340553
0.853975942009
0.0160158229992
0.014535139082
0.0147521951003
0.0163971380098
11.115809361
0.0197525599506
0.014589860104
0.0220122719184
0.0165874679806
0.0156666149851
0.0156434749952
0.0190281820251
0.0163033889839
0.0314353450667

layerTime
0.0124068040168
31.5671021
0.0409866709961
0.0122453939402
8.719069944
0.012082368019
0.0120483639184
0.0120187839493
0.0120973780286
137.929807172
0.0124209750211
0.0120468849782
0.0121870260919
0.0123585530091
0.0128205530345
0.0122985640774
0.01360010996
0.0122644850053
0.0123881809413

checksumTime
0.0119692400331
0.0119053499075
0.0118894309271
0.0116951140808
0.0119018210098
0.0117815228878
0.0118175660027
0.0117512999568
0.0116983189946
0.0154335399857
0.0117993389722
0.0117569540162
0.011794033926
0.0119186110096
0.0112852039747
0.0118688129587
0.0119862779975
0.0119825250003
0.0357569790212




layer number :  19
196.688733025
0.088058128953

jsonTime
0.015283355955
3.11081778305
0.0301238819957
0.0183663140051
1.00080226001
0.0152481730329
0.0146247899393
0.0151800380554
0.0160650799517
11.6300586329
0.0190131190466
0.0146174639231
0.0145195249934
0.0166667859303
0.0164918330265
0.0156450209906
0.0158855039626
0.0176318900194
0.0162813010393

layerTime
0.0122416270897
32.87734337
0.0818344389554
0.0123416250572
8.33486896008
0.0120511460118
0.0120560560608
0.0120403378969
0.0121712840628
138.842923331
0.0123438049341
0.0120554800378
0.0145191090414
0.0123007571092
0.0120670309989
0.0121464850381
0.012266685022
0.0121377219912
0.0121485689888

checksumTime
0.0119453369407
0.0124988399912
0.0119377709925
0.0120083319489
0.0119681479409
0.0118392959703
0.0120620899834
0.0117732990766
0.0117779619759
0.0120160899824
0.0117012080736
0.0117489499971
0.0133385299705
0.0119819889078
0.0119248409756
0.0119243330555
0.0120193759212
0.0119496580446
0.0381418969482




layer number :  19
196.122289731
0.0913597319741

jsonTime
0.0325396360131
3.14961122698
0.0214978619479
0.0157434889115
1.01620143291
0.0152306680102
0.0147705530981
0.0220761789242
0.0161869160365
10.890656529
0.0184807690093
0.0146176439011
0.0146410589805
0.0159644570667
0.0156089350348
0.0156780240359
0.0318204590585
0.0159988979576
0.0156549259555

layerTime
0.0123730330961
33.4556617941
0.0403910829918
0.0120649780147
8.63845449605
0.0116557619767
0.0123223119881
0.0121608220506
0.0122139910236
138.092651317
0.0122869209154
0.0120538379997
0.011985937017
0.0120504029328
0.0122082579182
0.0152759179473
0.0177252669819
0.0122186220251
0.0122085480252

checksumTime
0.0120018129237
0.0120294709923
0.011744275107
0.0119420790579
0.0112395690521
0.0115636339178
0.0117920819903
0.0117622719845
0.0117369419895
0.011924372986
0.0117217201041
0.0115774020087
0.0117211180041
0.011690414045
0.0119322530227
0.0130701540038
0.0119604630163
0.0118821479846
0.0360362890642




layer number :  19
193.644637818
0.0861018529395

jsonTime
0.0154535929905
2.748964792
0.0217816079967
0.0157767049968
0.910166878952
0.0150802070275
0.0142945209518
0.0220497800037
0.016001026961
10.8180241339
0.023511913023
0.0157388900407
0.0157137160422
0.0164310819237
0.0156498219585
0.0315952009987
0.0157759370049
0.0156921119196
0.015729353996

layerTime
0.0123350319918
32.149348269
0.040485505946
0.0122191481059
8.88763453707
0.0120341180591
0.0119814859936
0.0121180650312
0.0122322770767
137.267535874
0.0126103019575
0.0122616050066
0.0125183040509
0.0123060670448
0.0122473009396
0.0180825630669
0.0122546049533
0.0122939980356
0.0122745140688

checksumTime
0.0119565170025
0.0125116120325
0.0117579889484
0.0117457449669
0.0117102569202
0.0119467939949
0.0116400850238
0.0123558959458
0.0116329520242
0.0121489249868
0.0119334430201
0.011920715915
0.0119556710124
0.01195224002
0.0119475480169
0.0120414539706
0.0119725720724
0.0119815369835
0.0345812289743




layer number :  19
195.316091278
0.0898949980037

jsonTime
0.032866496942
3.16231563303
0.0215321900323
0.0156059500296
0.906093939906
0.0168925339822
0.0155974949012
0.0317836720496
0.0187160409987
11.410974375
0.0234182960121
0.0168923889287
0.0157431889093
0.0162182139466
0.0157042619539
0.0317032110179
0.015765318065
0.0156675470062
0.0157327790512

layerTime
0.0123640230158
33.183779965
0.040650793002
0.0120070709381
8.77084332309
0.0124495850177
0.0124249859946
0.0122382290429
0.0122418730753
136.975124107
0.0153531540418
0.0123717810493
0.0122427570168
0.0123618301004
0.0122285319958
0.0178368649213
0.0123041979969
0.0122661049245
0.0122726089321

checksumTime
0.0116877709515
0.012165158987
0.0117562379455
0.0113662910881
0.0120309219928
0.0119399080286
0.01201498101
0.0118896699278
0.0118682519533
0.0121629040223
0.0136177369859
0.0120024890639
0.0122108550277
0.0119427309837
0.0119102690369
0.0119128969964
0.0119641280035
0.0119499990251
0.0365421880269




layer number :  19
192.376598826
0.0905430960702

jsonTime
0.0334650629666
3.13136282598
0.0211589910323
0.0157291049836
0.879471260007
0.015534871025
0.0146468919702
0.0220625429647
0.0161615230609
11.6802985501
0.0225198550615
0.0214690269204
0.0158078150125
0.0164156039245
0.0156280779047
0.0338114979677
0.0161862899549
0.0157907789107
0.0163524009986

layerTime
0.0124362639617
31.309057383
0.0410331710009
0.0122070920188
9.11085345002
0.0121003710665
0.0115466880379
0.012097725994
0.0122780259699
135.367223582
0.0126514208969
0.0139728750801
0.0122431819327
0.0123430259991
0.0122803460108
0.0180915610399
0.0124648259953
0.012396127102
0.0121982150013

checksumTime
0.0119163780473
0.0122689449927
0.0119489880744
0.0117524829693
0.0118684069021
0.0117759569548
0.0115152850049
0.0117961519863
0.0117740669521
0.0120185239939
0.0119609690737
0.012003840995
0.0120001240866
0.0119918370619
0.0163348290371
0.012051407015
0.0120121730724
0.0119492779486
0.0329813939752




layer number :  19
191.936726274
0.0877779360162

jsonTime
0.0327718430199
3.20099426399
0.0302632820094
0.0174328560242
1.05875216005
0.0152147249319
0.0145993480692
0.021416679956
0.0165137560107
11.1246875541
0.0184465349885
0.0147145979572
0.0146943139844
0.0152761620702
0.014785955078
0.0271729369415
0.015016325051
0.0148842070485
0.0147646939149

layerTime
0.012424845947
33.806914167
0.0816227879841
0.0123050209368
9.24742187699
0.0121451870073
0.0120116350008
0.0121699590236
0.0124282879988
132.589472803
0.0124264470069
0.0120235360228
0.0120380100561
0.0121183779556
0.0121023209067
0.0124084070558
0.0120519669726
0.0120467969682
0.0120749541093

checksumTime
0.0120381530141
0.0133269520011
0.0119431799976
0.0119185650256
0.0118532630149
0.0118256600108
0.0116392769851
0.0120241330005
0.0121240249136
0.0117423760239
0.0117619760567
0.0117782549933
0.0128193548881
0.0118021930102
0.0117661950644
0.011817698949
0.0117374239489
0.0119094820693
0.0319908499951




layer number :  19
193.469748667
0.0882751479512

jsonTime
0.0155394560425
2.89299078996
0.0215249579633
0.017730302061
0.973295051022
0.0166383680189
0.0158199530561
0.0320413400186
0.0189144690521
11.484931169
0.0277875509346
0.0156100520398
0.0147529020905
0.0156816750532
0.0145476560574
0.0229290450225
0.0147523959167
0.0146696169395
0.0153297530487

layerTime
0.0122432350181
30.3620852861
0.0815338189714
0.012295463006
7.97205927095
0.012295098044
0.0122038359987
0.0125981590245
0.0125321659725
138.867773064
0.0172539280029
0.0119743769756
0.0120006889338
0.0120311349165
0.0120399919106
0.0125563630136
0.0119839890394
0.0120418530423
0.0121377209434

checksumTime
0.0116853750078
0.0122411099728
0.0120292539941
0.011929824017
0.0121208659839
0.0122775909258
0.0119599249447
0.0119439429836
0.0121549819596
0.0162990200333
0.0130337029696
0.0116615879815
0.0117131320294
0.0116784080165
0.0118969470495
0.0117503349902
0.0117468390381
0.0120017289883
0.0335315089906




