layer number :  17
25.576552724
0.0855898940936

jsonTime
0.030894119991
0.0166614979971
0.132070770953
0.015297561069
0.0178528489778
0.0793651631102
0.0165051450022
0.015569660929
0.0311727690278
1.47062582104
0.0162594020367
0.0604177908972
0.0164875909686
0.277608249919
0.0153946150094
0.0149355450412
0.0151440330083

layerTime
0.0115805630339
0.012188820052
1.36362036702
0.0121035189368
0.0153840879211
0.96547639498
0.0122250309214
0.0122260280186
0.0125260379864
16.66853245
0.0122354499763
0.522350915009
0.0122418020619
3.34315370698
0.0120695650112
0.0121562649729
0.0120446030051

checksumTime
0.0115372219589
0.0120763879968
0.011821322958
0.0117288010661
0.0117077030009
0.0119431170169
0.0119360120734
0.0121068779845
0.0119397219969
0.0121816589963
0.0119552690303
0.0120512420544
0.0119229709962
0.0119304460241
0.0120274859946
0.0120691739721
0.0348964589648




layer number :  17
25.459264664
0.0878964030417

jsonTime
0.0153775139479
0.0314732940169
0.12114679208
0.0167692730902
0.021267478005
0.0895295339869
0.0158816170879
0.0158702080371
0.0155485220021
1.4885160249
0.015183032956
0.0379019919783
0.0167217949638
0.265770368977
0.0155606640037
0.0153971558902
0.0148372229887

layerTime
0.0121532620396
0.0123701980338
1.22256546293
0.0121648838976
0.0156615439337
1.004814149
0.0122035879176
0.0122108180076
0.0122435690137
17.283872514
0.012047154014
0.251829776098
0.0122808710439
3.00505961908
0.01205062191
0.0121030750452
0.0120619221125

checksumTime
0.0122253819136
0.0119628249668
0.0120487799868
0.0119264430832
0.0119112040848
0.0120585429249
0.0119358879747
0.0119590320392
0.0119355400093
0.0122656460153
0.011861225008
0.012007792946
0.0119597669691
0.0119141460164
0.0119474130915
0.0117252749624
0.0384740649024




layer number :  17
25.389209194
0.0850426530233

jsonTime
0.0322789050406
0.0157151599415
0.135062569985
0.0170116190566
0.0218402709579
0.102348043001
0.0159473610111
0.0163159720832
0.0318895400269
1.48176497396
0.0326878229389
0.0453154090792
0.0158620490693
0.277703198022
0.0154065870447
0.0313580599613
0.0148540070513

layerTime
0.0123831318924
0.0121915710624
1.20220632304
0.0123377239797
0.0136067820713
1.00308300299
0.0122971499804
0.0122539650183
0.0121308249654
16.978627635
0.0127868570853
0.528138429974
0.0121850669384
2.89241517894
0.0120518490439
0.011262370972
0.0120001200121

checksumTime
0.0119567650836
0.011981336982
0.0119312029565
0.0119907739572
0.0119387930026
0.0120083959773
0.0119201439666
0.0119444269221
0.0119006390451
0.0125160110183
0.0120220119134
0.0120155799668
0.0120543360244
0.0117781669833
0.0116687499685
0.0111322579905
0.0476352169644




layer number :  17
24.446576632
0.0875396180199

jsonTime
0.0153623310616
0.0155980190029
0.141827843967
0.0153591569979
0.0172211200697
0.0641893110005
0.0156617769971
0.0148068279959
0.0145729669603
1.25741281
0.014951582998
0.0300011340296
0.0136169780744
0.270932934014
0.016726293019
0.0164282020414
0.0155906500295

layerTime
0.0124738599407
0.0122286060359
1.50800777809
0.0120992530137
0.0154001349583
0.717700497014
0.0121693639085
0.01208683406
0.0120176780038
16.586398921
0.0114027550444
0.23457945406
0.0118902910035
2.96240303095
0.0121948590968
0.0121868239949
0.0121920639649

checksumTime
0.0118786439998
0.0118944949936
0.01185501297
0.0117244989378
0.011774968938
0.0117616670905
0.0118110160111
0.0117514249869
0.0116670100251
0.0122224279912
0.0110336119542
0.0111875769217
0.0118762099883
0.0121208529454
0.011872349889
0.0118615899701
0.0523462200072




layer number :  17
26.026598654
0.0865316690179

jsonTime
0.0153705879347
0.0317067200085
0.120845778962
0.0154596420471
0.0171612150734
0.0584925139556
0.0147996749729
0.0147383880103
0.0154217779636
1.289247551
0.0152685050853
0.0379813880427
0.0158702200279
0.266453719931
0.0152483279817
0.0149912320776
0.0161735099973

layerTime
0.012109347037
0.0124474209733
1.46349392703
0.0119923390448
0.0154320009751
0.719040881027
0.0119972861139
0.0120099659543
0.0120343900053
17.5751855259
0.012121366919
0.228784621926
0.0121961099794
3.58822441706
0.0121364640072
0.0121686239727
0.0122501859441

checksumTime
0.0115730860271
0.0120072839782
0.0117912649876
0.0116805268917
0.0117309750058
0.0118608879857
0.0117961809738
0.0117488900432
0.0119981210446
0.0122431559721
0.011787740048
0.0122744720429
0.0118801849894
0.012029206031
0.0118360689376
0.0119460429996
0.0401880569989




layer number :  17
25.087545326
0.0852762189461

jsonTime
0.0328813929809
0.0159125020728
0.122011968982
0.0156332280021
0.0214598700404
0.104320305982
0.0159143469064
0.0156216799514
0.031272370019
1.482263827
0.0222205560422
0.0310242680134
0.015706620994
0.291616289061
0.0176024939865
0.0324245028896
0.0158692660043

layerTime
0.0123338940321
0.0122351559112
1.27476973902
0.0120767370099
0.0156526819337
0.994857217069
0.0122511190129
0.0122235850431
0.012282443
16.488593293
0.0121066280408
0.339944522013
0.0122185120126
3.22872111492
0.0123582240194
0.0123572880402
0.0122113530524

checksumTime
0.0119076189585
0.0119236690225
0.0121270699892
0.0117815890117
0.0121281150496
0.0120153659955
0.011995509034
0.0119463870069
0.0119300879305
0.0119121390162
0.011775005958
0.0119457169203
0.011937518022
0.0121459700167
0.0119666750543
0.0119251050055
0.0391812439775




layer number :  17
24.622169874
0.0862208500039

jsonTime
0.0158108449541
0.01572743
0.146131557995
0.0152853599284
0.0214397729142
0.0917519310024
0.0163147210842
0.0157937860349
0.0164954310749
1.47032611503
0.0153126539662
0.0310041250195
0.0153498140862
0.235516308923
0.0153908169596
0.0154993260512
0.0148678109981

layerTime
0.0123471990228
0.0122629409889
1.27142269409
0.0123200441012
0.0156956940191
1.00383454596
0.012168871006
0.0122216870077
0.0123063959181
16.51546567
0.0121245300397
0.239575846936
0.0119453109801
2.93282435206
0.0124446869595
0.0121673389804
0.0120712709613

checksumTime
0.0119710669387
0.0118797610048
0.0118454559706
0.0119554119883
0.0120748210466
0.0119852969656
0.0119242699584
0.0120069929399
0.0119838910177
0.0126084289514
0.011787971016
0.0121748449747
0.0116638300242
0.0121603410225
0.0121601159917
0.0121750290273
0.0516879750649




layer number :  17
26.73703129
0.0873874829849

jsonTime
0.0161441599485
0.031349611003
0.113985058037
0.0156622809591
0.0173146389425
0.0671671490418
0.0147089870879
0.0144266500138
0.0143666130025
1.24420117307
0.0161575200036
0.063190355082
0.0146104500163
0.235334725003
0.0154008499812
0.0149992499501
0.0147024820326

layerTime
0.0123060110491
0.0124365480151
1.52984038997
0.0122157779988
0.0155115820235
0.724176171003
0.0120194819756
0.0119912209921
0.0119302199455
18.3558182489
0.012754643918
0.508327698917
0.0120967339026
3.21777791693
0.0121379699558
0.0124056630302
0.0120101829525

checksumTime
0.0119663039222
0.0119613170391
0.0117267220048
0.0116678030463
0.0119239529595
0.0117285259767
0.011634267983
0.0116743569961
0.0116547750076
0.0124210950453
0.0118872669991
0.0119509440847
0.011478115106
0.0121250620577
0.0118047390133
0.0119386910228
0.0398631959688




layer number :  17
26.622842887
0.0854196780128

jsonTime
0.0350318360142
0.0157518839696
0.127566518029
0.0155223950278
0.0214795990614
0.109071395942
0.015965005965
0.0156583531061
0.0311884509865
1.47204866994
0.0232539060526
0.0307923519285
0.0162073749816
0.281437242986
0.0155170449289
0.0224250589963
0.0147915780544

layerTime
0.0119057300035
0.0122531730449
1.27858695306
0.0120950969867
0.0157194969943
0.996732912026
0.0122022120049
0.0124607939506
0.0123073140858
18.100726655
0.0124798540492
0.475104199024
0.0123412000248
3.01905702194
0.0122334930347
0.0121599349659
0.0120561429067

checksumTime
0.0120041969931
0.0121505059069
0.0120135139441
0.0117852529511
0.0119591950206
0.011966029997
0.0119010129711
0.0121383139631
0.011775357998
0.0127084309934
0.0119922379963
0.0120848329971
0.0120300890412
0.0115596230607
0.0118220420554
0.0117717679823
0.0510381240165




layer number :  17
24.835043536
0.0858019340085

jsonTime
0.0152685679495
0.0351560070412
0.123660803074
0.0156384679722
0.0172952819848
0.0660229689674
0.014756034012
0.0145510740113
0.0145433440339
1.31817502598
0.0154362100875
0.0374604379758
0.0158981540008
0.277912292979
0.0154699790291
0.0155665829079
0.0145767689683

layerTime
0.0122674059821
0.0123837640276
1.44391228002
0.012076826999
0.0154083489906
0.711836104048
0.0120741740102
0.0120058000321
0.0122756779892
16.643456966
0.0121040749364
0.382672303007
0.0121863100212
3.14439548005
0.0121448439313
0.0121518200031
0.0119424050208

checksumTime
0.0119455530075
0.0119581809267
0.0113865699386
0.0118210640503
0.0117118180497
0.0117876409786
0.0117599789519
0.0117754439125
0.0120245129801
0.0124352519633
0.0117221190594
0.0119488430209
0.0119399819523
0.0120169699658
0.0120156700723
0.0120301560964
0.045465201023




