layer number :  18
53.3335547339
0.0838611739455

jsonTime
0.0146727880929
3.03974966204
0.021677820012
0.0183568520006
0.0170885469997
0.283963175025
0.0221721960697
0.0149621720193
0.161155698937
0.0226980410516
0.0143125590403
0.806000856915
0.016997425002
0.0164750210242
0.0154358309228
0.031186175067
0.0158359840279
0.0160354770487

layerTime
0.0119459918933
31.6625544321
0.0421542529948
0.0124007499544
0.0121838540072
3.88284802693
0.012199660996
0.0120185399428
2.01044979109
0.0119730759179
0.0122220959747
10.6944130721
0.0123196530621
0.0122694990132
0.0123261030531
0.0124501589453
0.0122519049328
0.0122538970318

checksumTime
0.0120010490064
0.0123897159938
0.0118419399951
0.0120284409495
0.0119718890637
0.0119851269992
0.0117328709457
0.0116404910805
0.0118541539414
0.0117331770016
0.0118970640469
0.0123993599555
0.0119937419659
0.0119532370009
0.0118805519305
0.0120081660571
0.0120153579628
0.0358261559159




layer number :  18
52.4219522449
0.0884183769813

jsonTime
0.015284550027
2.64172628603
0.0304614049383
0.0186148650246
0.0329542120453
0.292901949957
0.0150237979833
0.014975408907
0.16645526397
0.0152578520356
0.0153892439557
0.870435307035
0.0151384790661
0.0264196889475
0.0158577709226
0.0156979860039
0.0157173139742
0.0161655329866

layerTime
0.0118943440029
30.4781864099
0.0826744840015
0.0130646199686
0.0138150079874
4.023482327
0.0120757139521
0.01204155304
2.00421960407
0.0123166859848
0.0120345749892
11.091798228
0.0121834649472
0.0123395239934
0.0122737650527
0.0121946829604
0.0121780670015
0.0122285679681

checksumTime
0.011538821971
0.0127362280618
0.0125681899954
0.011273946031
0.0119995590067
0.0119935630355
0.012090361095
0.0118016810156
0.0118573999498
0.0117298800033
0.012110791984
0.0119246949907
0.0117187240394
0.0119923790917
0.0118556499947
0.011909377994
0.0124834370799
0.0437113309745




layer number :  18
54.293266976
0.0890398200136

jsonTime
0.0329173749778
2.85403015197
0.0216656929115
0.0162581730401
0.0230763530126
0.247790204943
0.0168445139425
0.0157838630257
0.24386955006
0.0147754059872
0.0144911149982
0.904554830049
0.0152960589621
0.023056589067
0.0147440270521
0.0144421850564
0.0145152909681
0.0145949720172

layerTime
0.0123299000552
31.093063765
0.0419464590959
0.0125593179837
0.0122907940531
4.06876973098
0.0122429690091
0.0122930909274
2.32435421902
0.0119719399372
0.0120370599907
11.7647757849
0.0122327250428
0.0120385480113
0.0119234540034
0.0119884869782
0.0118674769765
0.0119233789155

checksumTime
0.0119376180228
0.0122879700502
0.0117060719058
0.0117611059686
0.0118498250376
0.0120680420659
0.0121491280152
0.0119122460019
0.0119680319913
0.0116435090313
0.0118522170233
0.0118115380174
0.0117135769688
0.0116486179177
0.011667920975
0.0117236400256
0.0116741530364
0.0388764130184




layer number :  18
54.327760637
0.0859621519921

jsonTime
0.0324580080342
3.13663048297
0.0214661950013
0.0159924949985
0.0365541590145
0.299309846014
0.0154186920263
0.0147246489068
0.180991207017
0.0189828969305
0.0221061840421
0.996028175927
0.0168730260339
0.0164057939546
0.0156824770384
0.0157123240642
0.015824800008
0.0314409569837

layerTime
0.0123395490227
31.5484582471
0.0405875769211
0.0121403740486
0.012705754023
4.18307535106
0.012087206007
0.0120602051029
2.01832717506
0.0120301580755
0.012135935016
11.142608121
0.0122621059418
0.0122364080744
0.0122623470379
0.0122208729153
0.0121899909573
0.0125633439748

checksumTime
0.0119536869461
0.0119979099836
0.0117869400419
0.0117492639693
0.0119134779088
0.0130693189567
0.0118183660088
0.0117197768996
0.0119225010276
0.012064668932
0.0120446949732
0.0120944440132
0.0118784400402
0.0119097249117
0.0119236699538
0.0118763040518
0.011899210047
0.0323356330628




layer number :  18
53.5570673459
0.0881088050082

jsonTime
0.014943666989
2.93133692804
0.0220025239978
0.0161677009892
0.0162347609876
0.266589708976
0.0153095149435
0.0220536369598
0.16905132297
0.0219693430699
0.0147163330112
0.917037043022
0.0154754050309
0.0156457130797
0.0146296760067
0.0154016199522
0.015573416953
0.0237266939366

layerTime
0.0122324950062
31.386733287
0.0412279269658
0.0128541750601
0.0121320040198
3.95878243702
0.0121351520065
0.0128428939497
2.34572226403
0.0120615429478
0.0119578880258
10.7311784839
0.0120416089194
0.0120348009514
0.0122500960715
0.0119482830632
0.0122074589599
0.0122860890115

checksumTime
0.0118755779695
0.0118257940048
0.0122295509791
0.0118080399698
0.0117190120509
0.0132678319933
0.0118164700689
0.0119486560579
0.0118895849446
0.0120812939713
0.0117550670402
0.0121908560395
0.0116551360115
0.0117990919389
0.0116510479711
0.0120884870412
0.0127632850781
0.103359363973




layer number :  18
53.832073311
0.0869241369655

jsonTime
0.0165123570478
2.63400664902
0.0217045950703
0.015947679989
0.0154633480124
0.233308692928
0.0167998459656
0.0313978069462
0.217440732056
0.0218891520053
0.0135095620062
0.976149010006
0.0154413800919
0.0159084629267
0.0147606590763
0.0146344989771
0.0153459750582
0.0316532839788

layerTime
0.0121525130235
31.1231064949
0.0403898929944
0.0121276900172
0.0121255359845
4.13577271602
0.0122149690287
0.0125879260013
2.28801756992
0.0114635169739
0.0115559009137
11.429659442
0.0112857429776
0.012299874099
0.0120526889805
0.0121003340464
0.0121586059686
0.0123560039792

checksumTime
0.0121264429763
0.0124397519976
0.0116742859827
0.0117441769689
0.0116144020576
0.0119589200476
0.0119333009934
0.0119658650365
0.0120111020515
0.0110512570245
0.0121321970364
0.0121020309161
0.0116398090031
0.0118361728964
0.0117168819997
0.0118513839552
0.0119414849905
0.0374093570281




layer number :  18
55.349816535
0.0870801960118

jsonTime
0.0171946129994
3.04829094594
0.022357141017
0.0164831989678
0.0155362810474
0.297378009069
0.0151204570429
0.0160064650699
0.239099883009
0.0151966130361
0.0222247570055
1.08856103895
0.0159189979313
0.0148596769432
0.0145836250158
0.014483274892
0.0152787959669
0.0314451190643

layerTime
0.0122597519075
32.387362979
0.0404952940298
0.0122229489498
0.0121552449418
4.16313275695
0.0122096260311
0.0122633778956
2.12324253703
0.0120823540492
0.0124616459943
11.222916987
0.0122768470319
0.0122014990775
0.0119350659661
0.0121131800115
0.0121958240634
0.0123908519745

checksumTime
0.011952495086
0.0126482939813
0.0117996720364
0.0117698400281
0.0118258639704
0.011503510992
0.0138874369441
0.01187419903
0.0118709779344
0.011692133965
0.0120568179991
0.0117561110528
0.0116172520211
0.0118026969722
0.0116920800647
0.0116486430634
0.0119102589088
0.0328613870079




layer number :  18
54.745977556
0.0877853890415

jsonTime
0.0154028480174
3.19779135403
0.0302102930145
0.0185992539627
0.0169683289714
0.294578863075
0.0159054750111
0.0154858219903
0.245041023009
4.53159445897e-05
0.0204493229976
1.052831201
0.0147663489915
0.0151491870638
0.0145551889436
0.0205558210146
0.0147326400038
0.0146326149115

layerTime
0.0122484569438
31.9721335439
0.0805231210543
0.0123493080027
0.0122787569417
3.45351517294
0.0122529800283
0.0122089970391
2.20576227305
0.00630972604267
0.0122047479963
11.510570181
0.0120504220249
0.0121898340294
0.0117697860114
0.0113513480173
0.0120069560362
0.0121117250528

checksumTime
0.011958186049
0.0122003320139
0.011935328017
0.0118156860117
0.0119192260318
0.0120317479596
0.0119192269631
0.0118984209839
0.0325212050229
0.0137340070214
0.0118247739738
0.0117191160098
0.012157739955
0.011718349997
0.0110875630053
0.0112220249139
0.0117678750539
0.0325257469667




layer number :  18
55.3302423271
0.0856505089905

jsonTime
0.0151423190255
2.84653199301
0.0219821670325
0.0161568910116
0.0317784760846
0.245359414024
0.0161950420588
0.0155781679787
0.230340793962
0.0151075279573
0.0153506160714
0.952908248059
0.016099982895
0.0225380309857
0.0153356819646
0.0145300140139
0.0143557400443
0.0144660229562

layerTime
0.0122442910215
32.222292569
0.042145352927
0.0120628849836
0.0117997989291
4.15685259202
0.0122358879307
0.0122053460218
2.21444411797
0.0120022780029
0.0119887869805
11.686662568
0.0122197010787
0.0125288909767
0.0119494040264
0.0119625999359
0.0119314329932
0.0119506410556

checksumTime
0.0119673539884
0.0122235669987
0.0116657210747
0.0117378869327
0.0117888100212
0.0119939509314
0.0119785040151
0.011946274084
0.0119736630004
0.0117473800201
0.0118427609559
0.0117431170074
0.0118952139746
0.0119485050673
0.0116582990158
0.0116352150217
0.0117552969605
0.0330307820113




layer number :  18
53.4664551211
0.0864126690431

jsonTime
0.0322159640491
2.98150698305
0.0304088830017
0.0186742440565
0.0330485630548
0.288662673905
0.0156176029705
0.0147937360452
0.169544610078
0.0245545749785
0.0146005169954
1.05216140894
0.0153394760564
0.022856496973
0.0147916220594
0.0151781090535
0.0145836819429
0.0147163670044

layerTime
0.0122812920017
30.5114715019
0.0812680160161
0.012403788045
0.0139509818982
4.13721734809
0.0121297129663
0.0120429469971
2.01559810899
0.0120289060287
0.0123726190068
11.450159369
0.0120633610059
0.0121863000095
0.011986664962
0.0120616289787
0.0119623650098
0.0122523240279

checksumTime
0.0119618539466
0.0124801010825
0.0116966149071
0.0119257059414
0.0119345861021
0.0121019229991
0.0118249770021
0.0117173829349
0.0117889789399
0.0116736560594
0.01189139497
0.0118492529728
0.0120667020092
0.0117944619851
0.012000410934
0.0117266060552
0.0118251140229
0.0386183749652




