layer number :  37
153.384622718
0.159055851982

jsonTime
3.02642726304
0.0231250710785
0.015584151959
0.0230411969824
0.0146599470172
6.39630719705
0.0371119519696
0.0147279959638
0.162083894946
0.0208869630005
0.0156143520726
0.0146298009204
0.0146534490632
0.0152287889505
0.0160094250459
0.0228192099603
0.0153800719418
0.0154223829741
0.0156951150857
0.563793709967
0.022889788961
0.0155016809003
0.0158451310126
0.015746336896
0.0158077649539
0.0157999999356
0.031518445001
3.03058735491
0.0155160350259
0.0482103569666
0.0240118579241
3.94107116398
0.0948364459909
0.0152184010949
0.014801805024
0.014696598053
0.0318395009963

layerTime
24.826352546
0.0475167569239
0.0121234550606
0.0122008819599
0.0112357139587
52.990528579
0.221788345021
0.0120921540074
1.78948001703
0.0278287630063
0.0124968759483
0.0120653250488
0.0120074918959
0.0120478869649
0.0121020450024
0.0123145009857
0.011977934977
0.0120076159947
0.0121023309184
4.29931454896
0.0121448570862
0.0120910790283
0.0122342789546
0.012435277109
0.0122062630253
0.0122097639833
0.0123606539564
26.098086648
0.0120523549849
0.20522861497
0.0125210360857
23.632161019
0.486683632014
0.0121355779702
0.0120311699575
0.013087016996
0.012332322076

checksumTime
0.0117539039347
0.011854010052
0.0117236539954
0.0118345600786
0.0114120009821
0.0129592620069
0.0118257199647
0.011821074062
0.0136089290027
0.0117713139625
0.0117621290265
0.0118277909933
0.0116282691015
0.0117629329907
0.0117798190331
0.0117924980586
0.0117056700401
0.0116884959862
0.0119581531035
0.0119164770003
0.012018066016
0.0118009770522
0.0119458320551
0.0119319109945
0.0119497280102
0.0119223460788
0.0119575010613
0.0129072699929
0.0118054070044
0.012791210087
0.0117389169754
0.0119249889394
0.0122066399781
0.0117829829687
0.011733109015
0.0123458049493
0.0349832379725




layer number :  37
152.74690657
0.14390137

jsonTime
2.80176273303
0.022619417985
0.0239143749932
0.0146819410147
0.0154539459618
6.24515224504
0.0438871079823
0.0163082039217
0.155803935952
0.0283136430662
0.0148310019867
0.0147445270559
0.0148980540689
0.014593148022
0.0238012180198
0.0187700169627
0.0148518249625
0.0145317420829
0.0146609579679
0.555271366029
0.0232889070176
0.014671650948
0.0153551549884
0.0160349240759
0.0314213769743
0.0159263259266
0.015734017943
2.96444731206
0.0160677289823
0.0387696069665
0.0164061510004
3.46610999003
0.0934326240094
0.0162314480403
0.0161542530404
0.0158749750117
0.0157642659033

layerTime
24.748737898
0.046187303029
0.0122648869874
0.0120925870724
0.0120948399417
53.0427656679
0.211109415977
0.012502513011
1.79195296706
0.0211172789568
0.0120818010764
0.0118447729619
0.0120326799806
0.0119723050157
0.0121120539261
0.0138491230318
0.0121182950679
0.0119187739911
0.0120450640097
4.33743674797
0.0119016669923
0.0120503330836
0.0122140350286
0.0121797060128
0.0122740570223
0.0122687570984
0.0123409120133
25.981746221
0.0124298209557
0.204978707014
0.0121313000564
23.781063366
0.770658243098
0.0122949739452
0.0122650989797
0.0122392990161
0.0124189030612

checksumTime
0.0119922580197
0.0118044100236
0.0117186489515
0.0117916120216
0.0117592130555
0.0137106020702
0.0118770700647
0.0120515730232
0.0118607339682
0.0148340769811
0.0116705659311
0.0117856869474
0.0116888449993
0.0117377489805
0.011703432072
0.0120674039936
0.0116477739066
0.0117700629635
0.0116643250221
0.0121165090241
0.0116683579981
0.0116720779333
0.0120687099406
0.0119780979585
0.0119729250437
0.0119809319731
0.0120851469692
0.0119291320443
0.0118631400401
0.0119012700161
0.0116879509296
0.0129298509564
0.0119988039369
0.0119789720047
0.0119484940078
0.0120127570117
0.0430937169585




layer number :  37
153.870422432
0.161307513015

jsonTime
2.994717828
0.0214223220246
0.0152389180148
0.0146396489581
0.0146938200342
5.94107503898
0.0359135289909
0.0148237540852
0.180179850897
0.0203689679038
0.0149766500108
0.0146022760309
0.0147810149938
0.0165155110881
0.0342079659458
0.0158753079595
0.0156850500498
0.0158501019469
0.0160892200656
0.565740172053
0.0263001580024
0.015627190005
0.0152774449671
0.0147303889971
0.0217753669713
0.0149105879245
0.0147147360258
2.87425512797
0.0148866779637
0.0447191909188
0.0159317160724
3.85917520104
0.0864478789736
0.0317158650141
0.0167932799086
0.015004734043
0.0158635709668

layerTime
25.031596262
0.0418487139978
0.0121143490542
0.0194467860274
0.0122481969884
53.374342947
0.225583738065
0.0120355889667
1.7617134871
0.0194425000809
0.0120872689877
0.0120800420409
0.0120334840612
0.0122418989195
0.0123826559866
0.012202559039
0.012253194931
0.0122307030251
0.0125447559403
4.29990771099
0.0136844550725
0.012083758018
0.0119585270295
0.0119525549235
0.0121266210917
0.012036623084
0.0121016689809
26.1522796099
0.0120233950438
0.20862643607
0.0122074739775
24.221529522
0.494636796997
0.0128183480119
0.012645395007
0.0123640539823
0.0122243129881

checksumTime
0.0120133010205
0.0120465859072
0.0117363759782
0.0122046159813
0.0114943659864
0.0120123339584
0.0135433189571
0.0116463330342
0.0118169100024
0.0117105689133
0.0118001420051
0.0115117449313
0.0128079189453
0.0119320200756
0.0119402200216
0.0119915599935
0.0119589620735
0.0119301279774
0.0119862769498
0.0118910099845
0.0120294159278
0.0115226130001
0.0119018730475
0.0117116100155
0.0118076479994
0.0117533149896
0.0118263330078
0.0120405700291
0.0127137800446
0.0116965959314
0.0118985159788
0.0118946440052
0.0119205570081
0.0119473410305
0.0114332470112
0.011957698036
0.035176023026




layer number :  37
159.528060304
0.142570317956

jsonTime
2.710300848
0.0215839820448
0.0153398379916
0.0156719310908
0.0163694350049
6.514391531
0.037167500006
0.017741657095
0.165846453048
0.0249473720323
0.0159668729175
0.0159829279874
0.0156953129917
0.0156583390199
0.0172237680526
0.0314586509485
0.0158182430314
0.0163518700283
0.0156472300878
0.556216159952
0.022382472991
0.0148898829939
0.014420913998
0.0146393220639
0.014541423996
0.0147386010503
0.0218043579953
2.77937180107
0.0148114809999
0.0460803071037
0.023050893913
3.96281893202
0.11833681399
0.0162305149715
0.016060524038
0.0150276320055
0.0158392050071

layerTime
26.2383311901
0.0418170009507
0.0121293331031
0.0124044559198
0.0120924389921
54.918634324
0.236666104058
0.0143679069588
1.95171461091
0.0461166509194
0.0122716519982
0.0122849839972
0.012262269971
0.0122785290005
0.0122391859768
0.0123820850858
0.0122650839621
0.0116256820038
0.0123429408995
4.50485877204
0.0122332429746
0.0120058039902
0.0120491359849
0.0120062839705
0.0115192619851
0.0119151669787
0.0120296470122
28.049231506
0.0120313679799
0.198919439921
0.0122205050429
24.074509118
0.930587627925
0.0125913880765
0.0123217459768
0.0123805649346
0.012308925041

checksumTime
0.0119835019577
0.0118198059499
0.0119144408964
0.0119089990621
0.0273518819595
0.0119485210162
0.0159680629149
0.0128130139783
0.0123926560627
0.0120113610756
0.0120294680819
0.0119632970309
0.0119995119749
0.0119898889679
0.0120017339941
0.0119749689475
0.0119935839903
0.0121588519542
0.0119539611042
0.0128130839439
0.011857190053
0.0117918580072
0.0117734830128
0.0117560930084
0.011581736966
0.0119928489439
0.0111711820355
0.0118267600192
0.0120270629413
0.0118652400561
0.011922930018
0.0119164290372
0.0120474860305
0.0120534249581
0.0117149580037
0.0120175830089
0.0341615410289




layer number :  37
176.311283719
0.141859401949

jsonTime
2.98466787196
0.0217292510206
0.0235924740555
0.0146189389052
0.0144344840664
6.17290021398
0.0551262160297
0.0293908660533
0.202604467981
0.0397705800133
0.0312871279893
0.0157859849278
0.0155048810411
0.0155349980341
0.017099846038
0.0314821499633
0.0157741319854
0.0159312300384
0.0156858819537
0.554124151007
0.0161640759325
0.0313464490464
0.0160692039644
0.0155796819599
0.0157329629874
0.0157463700743
0.0313597769709
3.05681857094
0.0257839410333
0.0387588309823
0.0232858109521
3.55969361996
0.0929337649141
0.0162268190179
0.0157439180184
0.0157166490098
0.0303481859155

layerTime
27.176536195
0.0420456129359
0.0123029429233
0.0120224540588
0.0121041869279
62.280657237
0.434733754955
0.0175823139725
2.07239874499
0.0285647000419
0.012431981042
0.0122404480353
0.0122109979857
0.0122428740142
0.0122862029821
0.0124352109851
0.0122382310219
0.0124236519914
0.0123891170369
4.80015980499
0.0126269620378
0.0124262049794
0.0123750290368
0.012329478981
0.0122710330179
0.0123146040132
0.0124002139783
32.135558341
0.0136244359892
0.200166549999
0.0114274990046
28.2131512391
0.675691859098
0.0122260920471
0.0122637730092
0.0122519209981
0.0123883620836

checksumTime
0.0127997930394
0.0117946109967
0.0118293320993
0.0117645639693
0.0117998890346
0.0121502799448
0.0120020119939
0.0119240550557
0.0120290169725
0.0118984739529
0.0120167520363
0.0119487369666
0.0119695189642
0.0121543649584
0.0119652790017
0.011965889018
0.0139141000109
0.0120496510062
0.0120513410075
0.0121134730289
0.0118847549893
0.0120150879957
0.0119826389709
0.0118941910332
0.0120101249777
0.0119941330049
0.0138458600268
0.0111861369805
0.0115735939471
0.0118193180533
0.0110186720267
0.0122542550089
0.0120060709305
0.0119240249041
0.0119212800637
0.011950236978
0.0353122649249




layer number :  37
188.061971525
0.141790861962

jsonTime
2.95888556994
0.0216203529853
0.0228216800606
0.0157632520422
0.0151422140189
6.61553996301
0.0351585079916
0.014493049006
0.156443657004
0.0269608610542
0.0157307309564
0.0155927030137
0.0156876570545
0.0157190030441
0.0171763539547
0.0314899199875
0.0148141690297
0.0157054919982
0.0156497040298
0.548828625004
0.0252180149546
0.0155558879487
0.0148252949584
0.0146506009623
0.0148898250191
0.0160291980719
0.0232763090171
3.10959613393
0.0167759109754
0.0465145669878
0.0287026619771
3.47305832501
0.0888254119782
0.0153831399512
0.0158417919884
0.0158986980096
0.0318169380771

layerTime
30.293812634
0.0400876400527
0.012100812979
0.0120350000216
0.0119772820035
66.027187021
0.207946040086
0.0119923260063
2.02933193604
0.0459349739831
0.0122147360817
0.0121758870082
0.0121876510093
0.0122321269009
0.0122608280508
0.0166839039885
0.0118507919833
0.0121834330494
0.0122280990472
5.03492849309
0.013170197024
0.0121319451137
0.0122713810997
0.0117231120821
0.0121239100117
0.0120890409453
0.0121419159696
34.009567086
0.0125312970486
0.200638117036
0.0120714170625
31.1348556459
0.535259846016
0.0132435030537
0.0122408019379
0.0117367790081
0.0124264230253

checksumTime
0.0122956200503
0.0119297199417
0.0118060959503
0.0117649509339
0.0116338980151
0.0119588989764
0.0116837739479
0.0117409699596
0.0119670999702
0.0131802699761
0.0118936019717
0.0119412909262
0.011924906983
0.0119481571019
0.0119345899438
0.012906403048
0.0119332269533
0.0119206039235
0.0119666209212
0.0118637159467
0.011859611026
0.0118215419352
0.0117299059639
0.0117272438947
0.0119257919723
0.0118111399934
0.0117694970686
0.0124014960602
0.0117561409716
0.011839980958
0.0120378599968
0.0119274900062
0.0113926080521
0.0123457090231
0.0119412100175
0.0117296419339
0.0416203628993




layer number :  37
189.096203826
0.144508084981

jsonTime
2.78489246301
0.0215811349917
0.0154381160391
0.014585500001
0.0148339539301
6.58569487405
0.0353918001056
0.0168718369678
0.210708440049
0.0402996459743
0.0158200439764
0.015602451982
0.015717387083
0.031254386995
0.017424641992
0.0156410220079
0.0160855560098
0.0156610879349
0.0314189629862
0.54455502599
0.0158136188984
0.0152156170225
0.0171513441019
0.0148917180486
0.0225473570172
0.014916945016
0.0148181710392
2.84096551896
0.0152200050652
0.0394529779442
0.0185475311009
4.16802051198
0.0775919629959
0.0155006820569
0.0149495389778
0.0149963400327
0.0149522830034

layerTime
31.2698478369
0.0430833670544
0.0121552809142
0.012019343907
0.0120922540082
68.9656008719
0.207962445915
0.0124505950371
2.08125310997
0.0303952420363
0.0122256580507
0.0122273389716
0.012218107935
0.0123523029033
0.0123749350896
0.0122431970667
0.0122556530405
0.0122597030131
0.0123693309724
5.27988777508
0.0120603900868
0.0120450049872
0.0121425939724
0.0121124460129
0.0121443070238
0.0119957689894
0.0120444289641
32.038692649
0.01377159392
0.323053829023
0.0124385969248
29.3843759929
0.717391703045
0.0122935319087
0.0120816649869
0.0120384820038
0.0120237889932

checksumTime
0.012135981
0.0118014219915
0.0118232030654
0.0117487540701
0.0117620310048
0.0119911819929
0.0156606980599
0.012044761912
0.0120771250222
0.0119901950238
0.0119334399933
0.0119294889737
0.0119509460637
0.0121564170113
0.0119565619389
0.0115942979464
0.011981877964
0.0119731420418
0.0119775499916
0.0117918220349
0.0128425509902
0.0165641019121
0.0119603199419
0.0117884449428
0.0119066400221
0.0117803609464
0.0118100210093
0.0120523290243
0.0127756490838
0.0120752139483
0.0120585580589
0.0162556810537
0.0129040549509
0.0121787380194
0.0118734650314
0.0117877309676
0.040944871027




layer number :  37
191.765139657
0.144241475966

jsonTime
2.76126070309
0.0217174800346
0.0159974540584
0.0148756459821
0.014470980037
6.15634342202
0.0393572759349
0.0107816159725
0.164815144963
0.0536009039497
0.0148000490153
0.0147864979226
0.0153998699971
0.0219981709961
0.0162619460607
0.016340660979
0.0147114039864
0.014609121019
0.027904181974
0.539285623934
0.0142622329295
0.0147874930408
0.0164269289235
0.0158237139694
0.031390062999
0.016109279939
0.0158509520115
3.15724455495
0.0159962410107
0.0388146890327
0.0169198049698
4.00479560997
0.0808960750001
0.0223904030863
0.0153401090065
0.0152875520289
0.0146627990762

layerTime
31.9471609499
0.041965279961
0.012072448968
0.0120117740007
0.0119870050112
69.098150612
0.262935478007
0.0122701539658
1.98743088008
0.0182124170242
0.0120664070128
0.0119722970994
0.0120515689487
0.0120233090129
0.0121560959378
0.0120723550208
0.0119791689795
0.0120241070399
0.0126156300539
4.354180019
0.0120151350275
0.0122683990048
0.0122506089974
0.0122570169624
0.0123684289865
0.0122206490487
0.0122579139424
34.2749213231
0.0120950699784
0.207158245961
0.0124548779568
30.7375127691
0.437851737021
0.012129953946
0.0120736500248
0.0120551820146
0.0120249598986

checksumTime
0.0121583100408
0.0116647819523
0.0116957080318
0.011712439009
0.0119110199157
0.0141038950533
0.000296830083244
0.0118335910374
0.0118382079527
0.0118330250261
0.0117648179876
0.0116634709993
0.0119701609947
0.0124839299824
0.0156030260259
0.0120023620548
0.0116789069725
0.0117610519519
0.011969381012
0.0115741740447
0.0116996529978
0.0119088570355
0.0119710960425
0.0119762730319
0.0119735550834
0.0120652680052
0.0119880730053
0.0124179950217
0.011765431962
0.0123571200529
0.0119462850271
0.0116527299397
0.011882086983
0.0160726569593
0.0128194499994
0.0120853609405
0.0426117810421




layer number :  37
191.616644753
0.143888520892

jsonTime
3.11172900395
0.0216410860885
0.015596299083
0.0163493440486
0.0323278999422
6.69762105006
0.0374964310322
0.0148200410185
0.169170844951
0.024482389912
0.0155017669313
0.0317540189717
0.015804584953
0.0156284590485
0.0171860459959
0.014775153948
0.0315733109601
0.0157610080205
0.015654211049
0.551491098013
0.0158942290582
0.0154041249771
0.0289986119606
0.0157003659988
0.0154661060078
0.015353894094
0.0153571560513
2.99838183401
0.0159432799555
0.046122957021
0.0170904929982
3.47367769398
0.127433318994
0.0219376829918
0.0154981029918
0.0148438080214
0.0372322879266

layerTime
31.4990364331
0.0419730189024
0.0120741839055
0.0123260989785
0.0132106069941
68.009449724
0.220894477912
0.0121065389831
1.909334764
0.0285392419901
0.0156387570314
0.0124169420451
0.0122400840046
0.012220781995
0.0122919819551
0.011835805024
0.0123904279899
0.0122595910216
0.0122613710118
5.23394201498
0.0122575910063
0.0121688349172
0.0125730570871
0.0121835309546
0.0121574520599
0.0122039739508
0.0122288860148
33.826259797
0.012029525009
0.20624382305
0.0122583989287
30.9495576851
0.979545112932
0.0120425419882
0.0120268500177
0.0120641689282
0.0116680760402

checksumTime
0.0126660119276
0.0121324820211
0.0119770599995
0.0119490310317
0.0119626240339
0.0162511019735
0.0118581500137
0.0117061430356
0.0121677390998
0.0119001710555
0.0128211040283
0.0119633110007
0.0118886380224
0.0118107609451
0.012048660079
0.0116812000051
0.0119781580288
0.0119651489658
0.0120114899473
0.0119980659802
0.011920962017
0.0118936770596
0.0119156419532
0.011884047999
0.0118783789221
0.0119330709567
0.0119348759763
0.0119954340626
0.0137197809527
0.0158496620134
0.0113538720179
0.0122113809921
0.0119181610644
0.0128190950491
0.011792685953
0.0117375000846
0.0377472089604




layer number :  37
191.509310068
0.140303311986

jsonTime
3.01002393197
0.0298872229178
0.0171587840887
0.0147518559825
0.0315763839753
6.64588136098
0.0547137309331
0.015634748037
0.231824695016
0.0252194260247
0.015818853979
0.030882784049
0.0155640350422
0.0155933910282
0.017083343002
0.0154885380762
0.0319410309894
0.0158853220055
0.0157656599768
0.54846530396
0.014954949962
0.0150368670002
0.0223869230831
0.0147747900337
0.0147331010085
0.0145120569505
0.0146878910018
2.88929890399
0.0153920180164
0.0474432730116
0.017697999021
3.562173218
0.0897065219469
0.0325561149511
0.015939524048
0.0160561009543
0.0158398370259

layerTime
31.079085717
0.0819159620441
0.0125803879928
0.0122588049853
0.013772187056
69.081698215
0.46535872505
0.012228306965
2.09730015195
0.0288045069901
0.0113133960404
0.0123100850033
0.0123910399852
0.0121681600576
0.0123977200128
0.0122575319838
0.012323123985
0.0121665870538
0.0122123870533
5.30025722994
0.0124066899298
0.0120859940071
0.0122856589733
0.012033335981
0.0120255619986
0.0119874690427
0.012008282938
33.8531759661
0.0120455139549
0.206730710925
0.012217876967
30.105234777
0.632505018031
0.0123801640002
0.0123305729358
0.0122641910566
0.0122155878926

checksumTime
0.0122189910617
0.0119614269352
0.0117001259932
0.0119433680084
0.0120320259593
0.0124270170927
0.011954359943
0.0119238080224
0.0120136130136
0.0125321539817
0.0111732520163
0.0118459699443
0.0117323559243
0.0119489829522
0.0120601509698
0.0118675909471
0.0119508450152
0.0119739479851
0.0156624380033
0.0119770281017
0.0119671940338
0.0117088609841
0.0118847449776
0.0118078229716
0.0117077840259
0.0117945190286
0.0116925369948
0.0129371639341
0.0127349260729
0.0118753450224
0.0118080310058
0.0128588770749
0.0121540710097
0.0119487530319
0.011939530028
0.0119277390186
0.0595543590607




