layer number :  6
36.892528647
0.0579100979958

jsonTime
0.0152479769895
2.76238656405
0.0303798919776
0.0172062030761
0.0162398989778
0.198951050057

layerTime
0.0120842210017
30.658630213
0.0814269679831
0.012232926907
0.0122063079616
2.90901807498

checksumTime
0.0119385709986
0.0131439419929
0.0119136549765
0.0119374070782
0.0121103000129
0.037018634961




layer number :  6
37.4733797839
0.0577412839048

jsonTime
0.0324257409666
3.14631006203
0.0301871249685
0.0168595110299
0.0156026879558
0.203376648948

layerTime
0.0123864200432
31.061357548
0.0808953680098
0.0121099379612
0.0122111660894
2.68481356697

checksumTime
0.0119449899066
0.0125821500551
0.0118102279957
0.0119663910009
0.0119404270081
0.0362216070062




layer number :  6
33.9402553049
0.0583297349513

jsonTime
0.0327131679514
2.66782878898
0.0219420819776
0.0152294860454
0.0148846440716
0.165356628946

layerTime
0.0123977450421
28.130099706
0.0423644400435
0.012118804967
0.0119945509359
2.64249769005

checksumTime
0.0120492869755
0.0136389010586
0.0117371019442
0.0128070659703
0.0119282980449
0.0397722829366




layer number :  6
35.960056201
0.0599440500373

jsonTime
0.0321260869969
3.01706811192
0.0230100909248
0.0229448719183
0.0145955480402
0.150529240957

layerTime
0.0123524760129
29.517801712
0.039963184041
0.0121576139936
0.0120357179549
2.93450035399

checksumTime
0.0119542530738
0.0121348920511
0.011819381034
0.0117882320192
0.0118803450605
0.0407713470049




layer number :  6
34.978901761
0.0591923829634

jsonTime
0.0156123400666
2.64615486795
0.021662911051
0.0146928580943
0.0149117499823
0.138561183936

layerTime
0.0122612640262
29.1696756
0.0405637320364
0.0122665439267
0.0119905190077
2.71281309403

checksumTime
0.0119200489717
0.0124179619597
0.0113213849254
0.0117831120733
0.0114299349952
0.0390081170481




layer number :  6
37.164497495
0.0574009399861

jsonTime
0.0156423399458
3.13601225498
0.0216699290322
0.0154733399395
0.0153695628978
0.150924153975

layerTime
0.0122430119663
30.546669227
0.0422958929557
0.0120554150781
0.0119897900149
3.02029291005

checksumTime
0.0119878570549
0.0124248560751
0.0120431720279
0.0116871719947
0.0118558580289
0.0357896490023




layer number :  6
36.2618088371
0.0585320140235

jsonTime
0.0158729560208
3.07416492503
0.0210898050573
0.0157058979385
0.0146849560551
0.156277875067

layerTime
0.0122546739876
30.246706501
0.0420791689539
0.0121687920764
0.0120864569908
2.47606471693

checksumTime
0.0119162410265
0.0121339749312
0.0117167590652
0.0120635319036
0.0121541089611
0.0335223050788




layer number :  6
35.659038875
0.0577896400355

jsonTime
0.015342514962
2.69526765507
0.0298893359723
0.017122533056
0.0158906850265
0.19110854005

layerTime
0.0122045410099
29.783646481
0.0814863260603
0.0125310239382
0.0123255299404
2.62746579596

checksumTime
0.0119359709788
0.0122304629767
0.0119530359516
0.0122332050232
0.0122474919772
0.0357514660573




layer number :  6
35.541719354
0.0560363139957

jsonTime
0.0145407540258
2.73180584901
0.0214875990059
0.0161943390267
0.0146226560464
0.184289171011

layerTime
0.0122304878896
29.4354416679
0.0405682160053
0.0120360529982
0.0120614810148
2.88267337496

checksumTime
0.0120404370828
0.0115075120702
0.0117872519186
0.0117976689944
0.0124857709743
0.0377716419753




layer number :  6
38.129116931
0.0679442180553

jsonTime
0.0151796160499
3.12359051791
0.0301558990031
0.0173635070678
0.0158062509727
0.198370927945

layerTime
0.0118219299475
31.730547387
0.0812026530039
0.0126913399436
0.0121927530272
2.70598279499

checksumTime
0.0119509100914
0.0124044819968
0.0121033459436
0.011969414074
0.0119109289953
0.0353246619925




