layer number :  27
126.05681336
0.112200970994

jsonTime
0.0153553449782
3.07240901899
0.0225619419944
0.0165265629767
0.0152882318944
0.219625529018
0.0148785479832
3.39284329198
0.0161398320924
0.015061962069
0.0176851359429
0.0148401660845
0.0157152229222
0.0317164660664
3.74268092704
0.0159439340932
0.0155317279277
0.0296844870318
0.0156811439665
0.0158380600624
1.57522122702
0.0152597399428
1.69483060599
0.0160592419561
0.0149046190782
0.015077368007
0.0191225999733

layerTime
0.0122419099789
23.8251652471
0.0420270430623
0.012228786014
0.012131992029
1.07045097905
0.012096459046
30.1138376751
0.0120683219284
0.0120850089006
0.0161914019845
0.0120825719787
0.0121754780412
0.0131709359121
30.148316815
0.0121867610142
0.0156939720036
0.0124648429919
0.0121898510261
0.012238402036
12.078237106
0.01204276504
13.9860603621
0.0120839070296
0.0119198799366
0.012098798994
0.0120707720052

checksumTime
0.01200921298
0.0123339449055
0.0121436440386
0.0118462590035
0.0120967969997
0.0117054929724
0.0120253729401
0.0116701829247
0.0119873069925
0.0116811090847
0.0118049560115
0.0119429220213
0.011954942951
0.0119412710192
0.0118607399054
0.0121704259655
0.013079226017
0.0119993040571
0.0119016799144
0.0121396379545
0.0117023870116
0.0117845459608
0.0127072579926
0.0117410209496
0.011774366023
0.0117248150054
0.0400831180159




layer number :  27
126.33885401
0.114027974079

jsonTime
0.0695399899269
3.12572894501
0.0419534230605
0.0181454740232
0.0173413589364
0.192852666951
0.0149837889476
3.06851492799
0.0160515049938
0.0152993979864
0.0181764479494
0.014638838009
0.0213802700164
0.0155281979823
3.72893924499
0.0150618570624
0.0218943390064
0.0154012040002
0.0208498419961
0.0167258860311
1.55931256106
0.0227991819847
1.69180995098
0.0154018120375
0.0146317409817
0.0164950100007
0.0218973989831

layerTime
0.0123205210548
24.684376925
0.0729502519825
0.0124091750477
0.0118542700075
1.18059277302
0.0120273020584
29.548573405
0.0120620180387
0.0119427320315
0.0163545239484
0.0119954680558
0.0116894289386
0.0122044580057
30.1388333139
0.0123958669137
0.0120794029208
0.0121857150225
0.0137181209866
0.0122303919634
11.022057371
0.0121649580542
15.1506936911
0.0120967919938
0.0121238050051
0.0122428919422
0.012155406992

checksumTime
0.0119377640076
0.0132715179352
0.0119712069863
0.0120610309532
0.0116106880596
0.0117362650344
0.0117359010037
0.0124833199661
0.011716020992
0.0115512770135
0.011756018037
0.0114083699882
0.0114994300529
0.0119940129807
0.0120213170303
0.0117774370592
0.0116841749987
0.0138929870445
0.012000613031
0.0119179469766
0.0123625459382
0.0117934589507
0.0118053789483
0.0117124869721
0.0139555060305
0.0117837180151
0.0429019480944




layer number :  27
124.484672061
0.111635987996

jsonTime
0.0151953939348
2.71747290296
0.022302723024
0.0161732779816
0.015394621063
0.129114763928
0.0148056200705
3.02196799999
0.0168377740774
0.0161974499933
0.0218591570156
0.0153826299356
0.0282319789985
0.0153983429773
3.59190315206
0.0150576219894
0.0220061539439
0.0154332160018
0.0147189900745
0.0165141269099
1.51353773905
0.0231828480028
1.74353568302
0.0154982690001
0.0144733879715
0.0144116750453
0.0218413929688

layerTime
0.0122129169758
23.8513216301
0.0420384838944
0.0121601759456
0.0121587859467
0.903595718089
0.0121071100002
29.7087852621
0.012229459011
0.0121972649358
0.0215477989987
0.012114273035
0.01229847793
0.0121692350367
30.3024860299
0.0120706389425
0.0167449519504
0.012113452889
0.0131217109738
0.0122140670428
10.867696675
0.0121457170462
14.989135209
0.0123919449979
0.0119570420356
0.0119929709472
0.0120508200489

checksumTime
0.012109160074
0.01237476198
0.0118202260928
0.011734943022
0.0115734540159
0.0118318059249
0.0118528979365
0.0123121169163
0.0118769520195
0.0118981059641
0.0118838540511
0.011831143056
0.0119113080436
0.0119142739568
0.0120186790591
0.0117868290981
0.013542037108
0.0117732220097
0.0144656150369
0.0118143929867
0.0132055549184
0.012257706956
0.0122156050056
0.0118747759843
0.0114155689953
0.0117186630378
0.0358123719925




layer number :  27
124.168350766
0.113216847996

jsonTime
0.0150037610438
3.00467174209
0.0220109360525
0.015808448079
0.0167989790207
0.218614127953
0.0148414249998
2.76651206601
0.0217049029889
0.0166759949643
0.0230707669398
0.0156148499809
0.0157784170005
0.0306795879733
3.74866275
0.0149367450504
0.0146287119715
0.0217548729852
0.0146112000803
0.0160027699312
1.62358268001
0.0161244079936
1.68003122404
0.0164511289913
0.014873667038
0.0151218150277
0.0158402369125

layerTime
0.0115748320241
23.2771871949
0.042203218909
0.0121273449622
0.0124344408978
0.786743051023
0.012064915034
29.6232461861
0.0123207760043
0.0122813580092
0.0232291420689
0.0122407510644
0.0122330170125
0.0124700450106
30.3106756629
0.011952062021
0.0119386669248
0.0120425169589
0.0118987119058
0.0162746420829
11.4188335211
0.0146551029757
14.5488483349
0.0124675970292
0.0121867259732
0.0116596539738
0.0122181250481

checksumTime
0.0117046888918
0.0135818830458
0.0118035339983
0.0116359860403
0.011978056049
0.0118435299955
0.012042058981
0.011965853977
0.0119439599803
0.0120054250583
0.0118818639312
0.0119189230027
0.0121715079295
0.0119246940594
0.0118595639942
0.0116550850216
0.0116517851129
0.0116988939699
0.0117645880673
0.0131410359172
0.0118641719455
0.0129199030343
0.0118294430431
0.0117126989644
0.0117969979765
0.0115206830669
0.0539569370449




layer number :  27
124.737576759
0.111256757053

jsonTime
0.0531007780228
3.05666990799
0.0281580250012
0.0163715200033
0.0154152999166
0.129209222039
0.0147736989893
3.04382058501
0.0186087799957
0.0152846199926
0.0181373839732
0.0144078889862
0.0228260580916
0.0143640000606
3.33934849501
0.0154103770619
0.0227233549813
0.0181410459336
0.0145857529715
0.0155167710036
1.49328761501
0.0225549739553
1.69271042896
0.0153412159998
0.014798443066
0.0159041980514
0.0314946429571

layerTime
0.0122444600565
24.0312087219
0.0408330919454
0.0122301049996
0.0122298090719
1.15550031897
0.0121204179013
29.6905102129
0.013203487033
0.0120024250355
0.0168006649474
0.011057110969
0.0119899139972
0.011860666913
29.735915744
0.0120290169725
0.0120343569433
0.0130638380069
0.0120772910304
0.0120473129209
11.599327522
0.0124140499393
14.583366074
0.0121923979605
0.0120167769492
0.0121629770147
0.0124170470517

checksumTime
0.0116926180199
0.012071624049
0.0118298330344
0.0117138080532
0.0117391379317
0.0118068060838
0.0116149930982
0.0117886640364
0.0116566419601
0.0114795200061
0.0117879940663
0.0114058509935
0.011681171949
0.011488690041
0.0130394999869
0.0117605020059
0.0117557480698
0.0116512440145
0.01175775507
0.0117732160725
0.011323216022
0.0118757101009
0.0136094919872
0.0117479870096
0.0133866099641
0.0117817099672
0.0486348080449




layer number :  27
125.696771421
0.112866865005

jsonTime
0.0151330969529
2.97454392398
0.0219866359839
0.0157822699985
0.0152132669464
0.126078038011
0.014748333022
3.35156947398
0.0156783449929
0.0151281569852
0.0183679059846
0.0147108620731
0.0146536610555
0.0220609200187
3.58684452495
0.0153816369129
0.0145720930304
0.0316098560579
0.0157361550955
0.0160175228957
1.59375705698
0.0161559201078
1.81734980096
0.0158135989914
0.0148028890835
0.015528489952
0.0147883209866

layerTime
0.0122797280783
24.1373755221
0.0416886460735
0.0120782329468
0.0118354479782
0.904163458967
0.0120953778969
29.923828269
0.0123246660223
0.0120649210876
0.0162420850247
0.0119990370004
0.012071157922
0.0121518939268
29.9889888071
0.0123440939933
0.0122151769465
0.0125041779829
0.0117664199788
0.012210128014
11.6120473481
0.012296764995
14.5616548631
0.0119705740362
0.0123297739774
0.012036863016
0.0119773820043

checksumTime
0.012120737927
0.012107033981
0.0117240659893
0.0116208420368
0.0116919970606
0.011803091038
0.0121376940515
0.0119883359876
0.0117714880034
0.0117626079591
0.0117423519259
0.0118069669697
0.0117211240577
0.0121269370429
0.0153462470043
0.0117638650117
0.0118959690444
0.0119701519143
0.0116146820365
0.0119229400298
0.0149263779167
0.0159410849446
0.0124095400097
0.011773853912
0.0117396439891
0.0117378160357
0.0336380649824




layer number :  27
124.585467322
0.112809250946

jsonTime
0.0350166109856
2.70586596697
0.0288558390457
0.0170315810246
0.0153407850303
0.138326141983
0.0147882379824
3.05072395399
0.0152831519954
0.0167226489866
0.0230157839833
0.0155394469621
0.0303176739253
0.01563880092
3.73314665805
0.017938402947
0.02222140308
0.0164612979861
0.0158439679071
0.0162507219939
1.64149178204
0.0300437939586
1.84102298901
0.0161811510334
0.0146218920127
0.0165773450863
0.0224323590519

layerTime
0.0120354670798
23.739737145
0.042467160034
0.0121536239749
0.0121205939213
0.942136791069
0.0120785540203
30.163670366
0.0122455839301
0.012271797983
0.0232673860155
0.0122828599997
0.0127122340491
0.0122126990464
29.9451891549
0.0124584230362
0.0121527789161
0.0122272829758
0.0122555580456
0.0122748279246
10.6951248139
0.012347851065
14.781693478
0.0121106220176
0.012150443974
0.0121146369493
0.0120767029002

checksumTime
0.0119079749566
0.0122817719821
0.0118600019487
0.0117416100111
0.0117922000354
0.0118859199574
0.0120641769608
0.0117245400324
0.0116971270181
0.0118967960589
0.0119942310266
0.0119786490686
0.0119685640093
0.0119843019638
0.015957727097
0.0118227509083
0.0130232780939
0.011981504038
0.011970577063
0.0119767360156
0.0128980460577
0.0120196948992
0.0123068620451
0.0118233149406
0.0163123169914
0.0126535079908
0.0481628940906




layer number :  27
125.801247205
0.11416192702

jsonTime
0.0152793700108
3.06752928707
0.0217918739654
0.0151257960824
0.0156198759796
0.138904497027
0.0148621350527
2.99317865598
0.0157238299726
0.0152729990659
0.0184004849289
0.0152084050933
0.0317456900375
0.0164164500311
3.73863384104
0.0158781269565
0.0218722720165
0.0147311509354
0.0147303610574
0.014896604931
1.52315569005
0.0246214490617
1.65444894705
0.01536824496
0.0140478570247
0.0143140590517
0.0219370329287

layerTime
0.0122849650215
23.881114146
0.042075738078
0.0125057309633
0.012078874046
1.14699744503
0.0119389919564
29.606457402
0.0121738810558
0.0120588159189
0.0162251900183
0.0122650580015
0.0130904059624
0.0121932999464
30.302332536
0.0121004030807
0.0120686970185
0.0119907410117
0.011970018968
0.0122591840336
11.822412443
0.012210857938
14.791346628
0.0111976370681
0.0120307529578
0.01209366892
0.012048616074

checksumTime
0.0119803439593
0.0124348939862
0.0113932809327
0.0118533399655
0.0117452249397
0.0118221129524
0.0118752560811
0.0122373669874
0.0117885009386
0.0117834220873
0.0117527849507
0.0119325479027
0.0119670560816
0.0120290849591
0.0120044780197
0.011795150931
0.0118001080118
0.0116605670191
0.0116652450524
0.0156825869344
0.016399289947
0.0116690919967
0.012172176037
0.0109872269677
0.0112693849951
0.0117520070635
0.0376510599162




layer number :  27
126.094667782
0.112917947932

jsonTime
0.0154060770292
3.01637440594
0.0219795519952
0.0159483120078
0.0157529549906
0.139412204036
0.0156242360827
3.27106182405
0.0160316820256
0.0155621479498
0.0256156870164
0.0154482399812
0.0146321179345
0.0153896929696
3.60263399605
0.0149812789168
0.0167086380534
0.0149239799939
0.0141964959912
0.0221942160279
1.618307414
0.0152974349912
1.64815556793
0.0162601500051
0.0222221680451
0.0152515569935
0.0154900470516

layerTime
0.0122130879899
24.219914956
0.0429092319682
0.0122237598989
0.0120768239722
1.29198665498
0.0127071819734
29.416519171
0.012211333029
0.012246369035
0.016558576026
0.0120302569121
0.0120232650079
0.0121144750156
30.3662860889
0.0120253020432
0.0120733979857
0.0118661310989
0.0119814389618
0.0123289569747
11.378253738
0.0120656460058
14.994153274
0.0120511769783
0.0120781919686
0.0119988130173
0.0124067500001

checksumTime
0.011948394007
0.0127357940655
0.011828511022
0.0122318870854
0.011801947956
0.0118778320029
0.0119286589324
0.011925401981
0.0117627920117
0.0118258199655
0.0118160400307
0.0118230300723
0.0117294060765
0.0117326099426
0.011954109068
0.0164713819977
0.0117182239192
0.0114010029938
0.0116739709629
0.0121269490337
0.0118441130035
0.0120613659965
0.0129038990708
0.0128653219435
0.0119965970516
0.0117090509739
0.0470933929319




layer number :  27
125.012504012
0.114532256965

jsonTime
0.0665998520562
3.00897849805
0.0215360060101
0.0163540010108
0.0228062219685
0.119713663007
0.0150330950273
2.82526448404
0.0157398129813
0.0141261990648
0.0180946820183
0.0143884560093
0.0143136880361
0.0144172039581
3.26982534397
0.0618871080223
0.0145472590812
0.0316025180509
0.0158496180084
0.0160980840446
1.64652863098
0.0151877269382
1.68791512994
0.0153694209876
0.0156090159435
0.0165662340587
0.0156618630281

layerTime
0.0124747089576
24.297461304
0.0405620760284
0.0121243670583
0.0127212110674
0.907964066952
0.0123195169726
29.7969543759
0.0122426539892
0.011993231019
0.0161896129139
0.0119293619646
0.012129058945
0.0121604880551
30.3394668141
0.0112108920002
0.0120199479861
0.0123709719628
0.0122331089806
0.012237153016
11.300451552
0.01224959502
14.598359716
0.0120712160133
0.0122330150334
0.0123645539861
0.0122609109385

checksumTime
0.011892687995
0.0120594949694
0.0119763999246
0.0117106509861
0.0117521849461
0.011846802081
0.0117711849744
0.0118539140094
0.0113745270064
0.0116277009947
0.0116858640686
0.0118015729822
0.0117698230315
0.0116486930056
0.0119870959315
0.0110413909424
0.0119996159337
0.0119786889991
0.0119474750245
0.0119411780033
0.0118582419818
0.0116329620359
0.0118690769887
0.0120148110436
0.0119239999913
0.0118771999842
0.0416395120556




