layer number :  22
72.983487748
0.10214775498

jsonTime
0.0312631450361
3.17082628305
0.021533866995
0.0154836169677
0.0147744810674
0.0146720369812
1.68032440904
0.0156771519687
0.0160606929567
0.0148167520529
0.0148976190249
0.0222659680294
0.015592083917
0.0153125720099
0.0146704819053
0.0146143700695
0.021802135976
2.30330571998
0.194865360041
0.0201425449923
0.0213604620658
0.0157645319123

layerTime
0.0125527669443
25.0861632089
0.0400917050429
0.0122176069999
0.0122407689923
0.0121065509738
16.1169789579
0.0118620030116
0.0120626579737
0.0120998729253
0.011929692002
0.0122159129241
0.0119641140336
0.0121328160167
0.0120059920009
0.0121372810099
0.0120713080978
21.545080619
1.90785278496
0.0124641020084
0.0119151319377
0.0122343210969

checksumTime
0.011901497026
0.0122214730363
0.0117856200086
0.0118013239698
0.011809551972
0.0190544780344
0.0122566031059
0.0117899880279
0.0116617319873
0.0119247080293
0.0117342500016
0.0117153450847
0.0116827599704
0.0118151770439
0.0117761460133
0.0117261499399
0.011761941947
0.0119931419613
0.0164811239811
0.011810978991
0.0119583400665
0.0354693359695




layer number :  22
72.433436615
0.0984787270427

jsonTime
0.0324733000016
2.85986750503
0.0218577389605
0.0162087189965
0.0146261029877
0.0223427920137
1.73895802803
0.0161057650112
0.0159072609385
0.0148567759898
0.0219659570139
0.0149253630079
0.0152619559085
0.0151649140753
0.0147745419526
0.0312149680685
0.0157963579986
2.40476249601
0.190793503076
0.017955887015
0.0148143470287
0.0144545689691

layerTime
0.0124246359337
25.380282326
0.0415540880058
0.0121190960053
0.0120871079853
0.0121318959864
15.9854517559
0.0128101570299
0.0121510620229
0.0121062670369
0.0121106660226
0.0119789079763
0.0120573800523
0.0120717399986
0.0120333610103
0.0123664889252
0.0122360759415
21.2146057
1.67629158392
0.0123378660064
0.0120353609091
0.0119612440467

checksumTime
0.012001286028
0.0122917660046
0.011772461934
0.0117246020818
0.0117256889353
0.0119907150511
0.0121722370386
0.0119024249725
0.0117208070587
0.0116826789454
0.011612968985
0.0117603880353
0.0111938989721
0.0117160469526
0.0119978010189
0.0119676730828
0.0119721050141
0.0156804099679
0.0118276680587
0.011755008949
0.0117696360685
0.0417117399629




layer number :  22
72.941668175
0.0979258109583

jsonTime
0.031357491971
2.97887287394
0.0278624410275
0.0165546670323
0.0267404849874
0.0311872049933
1.86444311193
0.0151575029595
0.0159395539667
0.0146918729879
0.0320288001094
0.0168370079482
0.0169675169745
0.016853514011
0.0156903919997
0.031197061995
0.0157848030794
2.44977983402
0.190521143959
0.0182297609281
0.0190077529987
0.0145379470196

layerTime
0.0115577620454
25.0524383971
0.071560485987
0.0122943039751
0.011872895062
0.0121469530277
16.245742529
0.0122275409522
0.0121558429673
0.012013844098
0.0123340470018
0.0122778620571
0.0129463750636
0.0123195740161
0.0122440300183
0.0123634369811
0.0122267010156
21.6679589719
1.44278702501
0.0123009639792
0.0138786250027
0.0131840049289

checksumTime
0.0114405079512
0.0123113529989
0.0117839289596
0.0119383760029
0.0115722059272
0.0118955100188
0.0120538660558
0.0117663610727
0.011832143995
0.0119106168859
0.0119393339846
0.0119141029427
0.0113203859655
0.0119305659318
0.0121196990367
0.0119481129805
0.0119604179636
0.0119780200766
0.0118939010426
0.011720122071
0.0117977029877
0.0330036730738




layer number :  22
71.6252753449
0.0999924018979

jsonTime
0.0325873139082
2.67935251805
0.0215524910018
0.016044473974
0.0138695789501
0.0219911360182
1.825786356
0.015852009994
0.0159957030555
0.0151093570748
0.0219343130011
0.0150591059355
0.0152389560826
0.015074531897
0.0145387150114
0.0300948560471
0.0157849909738
2.4608634091
0.187406220008
0.0181140720379
0.0168778429506
0.0145099109504

layerTime
0.0123828490032
25.181168431
0.0402985189576
0.0120928320102
0.0120062540518
0.0122407149756
15.87938471
0.0121399250347
0.0122391999466
0.0120511929272
0.0120532750152
0.0119398910319
0.0121076039504
0.0120510410052
0.0113499449799
0.0114069579868
0.0121652300004
21.089073711
1.34928854206
0.012245174963
0.0120813890826
0.0119931820082

checksumTime
0.0119467480108
0.0122703770176
0.011814011028
0.0118035210762
0.0116820359835
0.0119146769866
0.0118989270413
0.012040827889
0.0118117670063
0.0117960349889
0.0117769300705
0.0117073629517
0.0117058950709
0.0114743780578
0.0111599949887
0.0115894590272
0.0120189589215
0.0128581869649
0.011816766928
0.0137758840574
0.0116882659495
0.0365815670229




layer number :  22
72.493317737
0.0999488169327

jsonTime
0.0322468740633
3.07532687404
0.0220026558964
0.0152543250006
0.0149140750291
0.0224605849944
1.74635786307
0.0168243870139
0.0154764879262
0.0156519371085
0.0219167229952
0.0151132540777
0.0154040299822
0.0150043859612
0.0146501440322
0.02163577592
0.0149589410285
2.14386882202
0.190608669887
0.0180118170101
0.0162214089651
0.0162866050377

layerTime
0.0119721619412
24.8023403699
0.0447859000415
0.0120346129406
0.0120673000347
0.0121588330949
16.4118410799
0.0120473159477
0.0116216430906
0.0120215989882
0.0119488959899
0.0116748029832
0.0125457589747
0.0120242619887
0.0120053699939
0.0121026930865
0.012072006939
21.486559873
1.65359567804
0.0122693619924
0.0171362439869
0.0168828610331

checksumTime
0.0119119810406
0.0120552961016
0.0117344070459
0.012137008016
0.011792874895
0.0117908349494
0.0115975689841
0.0119827830931
0.01178303489
0.0117065389641
0.011701432988
0.0118043390103
0.0119684130186
0.0118037420325
0.0116691680159
0.0117563839303
0.0119148140075
0.0119632300921
0.0118680150481
0.0116848009638
0.0137143169995
0.0383563450305




layer number :  22
71.407530056
0.0988122550771

jsonTime
0.0316934899893
3.03618982306
0.0217710499419
0.0153141639894
0.0144407370826
0.0220787309809
1.49268494104
0.0157959709177
0.0163744349265
0.0150507690851
0.0323833219009
0.0170360470656
0.0172494789585
0.0170211350778
0.016176125966
0.0311953410273
0.0156668160344
2.31555928499
0.185839452082
0.0179200880229
0.0154878549511
0.0178979019402

layerTime
0.0121685269987
24.055598067
0.0418011370348
0.0120568529237
0.0118777629687
0.0120268861065
16.260172709
0.0121293080738
0.0124810039997
0.0119164009811
0.0124066700228
0.0122936778935
0.0125522260787
0.0122661859496
0.0124387540855
0.0122986789793
0.0122346460121
21.1562598309
1.90432735591
0.012236027047
0.0120340170106
0.012313905987

checksumTime
0.0119308939902
0.0121151530184
0.0117682249984
0.0117027750239
0.011569345952
0.0117002269253
0.0122836140217
0.0117017090088
0.0119126359932
0.0118725600187
0.0122219210025
0.0120242710691
0.0117638509255
0.012013465981
0.0121200119611
0.0119725900004
0.0118982529966
0.0119763769908
0.0118429700378
0.0117126069963
0.0172438470181
0.0357879659859




layer number :  22
70.8689852629
0.0998278039042

jsonTime
0.0326548370067
2.64937387605
0.021843764931
0.0152563670417
0.0145679130219
0.0222087230068
1.65022032498
0.0159484109608
0.0159555310383
0.0146917660022
0.0219109369209
0.0150828500045
0.0151892439462
0.0150190700078
0.0146911100019
0.032164387987
0.0157290369971
2.06297907105
0.214133489062
0.0264870009851
0.0135046599898
0.0149881090038

layerTime
0.0124681328889
24.50252936
0.0423509530956
0.0121124469442
0.012015266926
0.0120535870083
15.709457571
0.0120278040413
0.0120061909547
0.0119161179755
0.0120592800668
0.0119680950884
0.0119323839899
0.0119745819829
0.0123265360016
0.012218371965
0.0121230760124
21.442119461
1.65733769897
0.0116827940801
0.0134839069797
0.0120469209505

checksumTime
0.0119991820538
0.0121327149682
0.0117417089641
0.011733560008
0.0117220310494
0.0123163280077
0.0116846859455
0.0116016219836
0.0116324770497
0.01161116804
0.0116023279261
0.0116298269713
0.0116335810162
0.0116164720384
0.0118279040325
0.0118497710209
0.0118921919493
0.0139184859581
0.0115568819456
0.0109991569771
0.0132675920613
0.033515247982




layer number :  22
71.26297733
0.101589875063

jsonTime
0.0329569909954
2.98205170606
0.0207744539948
0.0156416149111
0.0315644639777
0.0165664589731
1.93261829892
0.0165340300882
0.0158388939453
0.0151289630448
0.0222774420399
0.0151308429195
0.0157246140298
0.015182368923
0.0148152710171
0.0146827260032
0.0224306420423
2.40131087799
0.201482990058
0.0255170619348
0.0196161660133
0.0157075709431

layerTime
0.0124001030345
24.3705205229
0.0406007260317
0.0122090880759
0.0139488379937
0.012319447007
16.002716755
0.0121573349461
0.0120614949847
0.0120118160266
0.0120915520238
0.0120093310252
0.0120357300621
0.0119583400665
0.0118854989996
0.0119515450206
0.0119920739671
20.4983220689
1.87895883794
0.0124933450716
0.0131907089381
0.0125107850181

checksumTime
0.0119883919833
0.0120291589992
0.0118411780568
0.0117537609767
0.0120725950692
0.0119458360132
0.0121644439641
0.0116712780437
0.0116504390026
0.0117304519517
0.0116482540034
0.0119681459619
0.0115468699951
0.0117394209374
0.011637900956
0.0116366590373
0.0116249290295
0.0133823869983
0.0116570390528
0.0117631179746
0.0120443120832
0.0373629239621




layer number :  22
71.5818918319
0.101139568025

jsonTime
0.0309601658955
3.12372212799
0.0216729749227
0.0152100070845
0.0146203110926
0.0156193131115
1.84180104302
0.0260550189996
0.0147925560595
0.014885436045
0.0162168139359
0.0324980070582
0.0169327530311
0.0166189500596
0.0158710520482
0.015557727078
0.0162701470545
2.33219789597
0.19138312107
0.025873486069
0.0149240299361
0.0195883329725

layerTime
0.0124431010336
24.142271259
0.0425018500537
0.0122229639674
0.0121889068978
0.0126013269182
15.971711169
0.0122327239951
0.012400951935
0.012086904957
0.0122906679753
0.0123229760211
0.012261598953
0.0124454760225
0.0124543099664
0.0121659269789
0.0122070419602
21.07345207
1.90237180493
0.0137514580274
0.0120042860508
0.01292744698

checksumTime
0.0117564570392
0.0122575500282
0.0118010019651
0.0117777419509
0.0118561229901
0.0121017160127
0.0119351800531
0.0115366089158
0.0116216860479
0.0119383450365
0.0120004200144
0.0120328469202
0.0119663520018
0.0119932119269
0.0119050659705
0.0119722649688
0.011894567986
0.0158313449938
0.0127029200085
0.0121500929818
0.0118025899865
0.0386163489893




layer number :  22
70.52024163
0.430562102003

jsonTime
0.026616143994
2.96242712403
0.0214820320252
0.0170626300387
0.0156048849458
0.0155226780334
1.88358129095
0.015900686034
0.0158256519353
0.0150471329689
0.0148305899929
0.0217111229431
0.0152943389257
0.0153057180578
0.0146432820475
0.0146970050409
0.0154405590147
2.21551080409
0.219884322956
0.0275366139831
0.014796336065
0.0148865919327

layerTime
0.0125980359735
23.674072835
0.0405094730668
0.012013811036
0.0121688899817
0.0122578019509
15.5094997201
0.0121144939912
0.0121869849972
0.0121365600498
0.0124860889046
0.01212639804
0.0121063430561
0.0120079769986
0.0120148599381
0.0120014569256
0.011975832982
20.864460639
1.9101167901
0.0133745130152
0.0121013770113
0.0120155559853

checksumTime
0.0119764839765
0.0119835059159
0.0119682549266
0.0121917939978
0.0118951679906
0.0119350340683
0.0120003569173
0.0117746200413
0.0117435620632
0.0116489150096
0.0116326460848
0.011789220036
0.011694101966
0.0116766679566
0.0117172140162
0.0117401890457
0.0117091209395
0.0160313689848
0.0131449589971
0.0117722959258
0.0117961670039
0.0358974860283




