layer number :  12
112.059875439
0.0707379810046

jsonTime
2.00804749201
0.0153954409761
0.0158805079991
1.46696456498
0.0153790198965
5.92204156111
0.0162535390118
0.0169003910851
0.489629384945
0.0219921580283
0.016839422984
0.0147427339107

layerTime
18.6442000531
0.0120661989786
0.0129049370298
19.151927011
0.0116606469965
58.589803807
0.0122447510948
0.012208922999
5.289670169
0.0121054879855
0.0124180270359
0.0119900190039

checksumTime
0.0124389260309
0.011781811947
0.0119500870351
0.0127039920771
0.0117545980029
0.0130299439188
0.0163437658921
0.0120041680057
0.0118330629775
0.0153266430134
0.0117999280337
0.044074970996




layer number :  12
114.650054575
0.0723259699298

jsonTime
2.15028501395
0.0154770760564
0.015980196069
1.55684028496
0.0155631699599
5.55408003298
0.0207680129679
0.0151768479263
0.592624297016
0.0220615080325
0.0160290639615
0.0154070709832

layerTime
18.145786999
0.0120811760426
0.0127833789447
20.262414187
0.0123528150143
61.0103054551
0.0181733360514
0.012276088004
4.87756385305
0.0120835759444
0.0119989359519
0.0120597269852

checksumTime
0.012600344955
0.0121248168871
0.0117884140927
0.0123160220683
0.0117266899906
0.0122041649884
0.0139097659849
0.0119073030073
0.0118259079754
0.0137519730488
0.0117316250689
0.0410104210023




layer number :  12
123.11403701
0.0710059599951

jsonTime
1.87409106607
0.0155714789871
0.0157324400498
1.45109648199
0.0155618420104
5.58675235801
0.0200598090887
0.0158509518951
0.585098006995
0.0236660699593
0.0148171168985
0.0149512060452

layerTime
18.968508028
0.0122424289584
0.0120773710078
22.1787152911
0.0120855279965
67.118386408
0.0135475549614
0.0123403930338
4.85230799497
0.0140467240708
0.0122672599973
0.0120811410015

checksumTime
0.0123070600675
0.0117634789785
0.0117298319237
0.0122314189794
0.0117792419624
0.0122450200142
0.0119126880309
0.0119580790633
0.0160734109813
0.0127022720408
0.0118142430438
0.0438175619347




layer number :  12
127.090179492
0.0732031849911

jsonTime
2.09200225503
0.0166937441099
0.0177232749993
1.62090894603
0.0167850350263
6.12100422499
0.0170125369914
0.0169708819594
0.49375042296
0.0223023389699
0.014766316046
0.0160212441115

layerTime
21.061366569
0.0121587049216
0.0129439450102
22.0735583199
0.0123545899987
67.46718056
0.0121738630114
0.012139862054
5.66416506004
0.0121733749984
0.0122382929549
0.0122529208893

checksumTime
0.0128042459255
0.0119809469907
0.0119686640101
0.0122231490677
0.0119956709677
0.0127163029974
0.016216345015
0.0117896649754
0.0129180219956
0.0117342909798
0.0120082380017
0.0373667610111




layer number :  12
126.262964362
0.0726455650292

jsonTime
2.107296173
0.0155603649328
0.0173449980794
1.66385976202
0.0167853781022
6.0101990921
0.0176357349847
0.0156494099647
0.610897474922
0.0325372489169
0.0166653409833
0.0157537090126

layerTime
20.801262139
0.0126335120294
0.0123063159408
22.424902593
0.0123621409293
66.7811922519
0.0122859369731
0.0121935240459
5.36608400801
0.0123555290047
0.0122459990671
0.0122486780165

checksumTime
0.0120295700617
0.0122090809746
0.0119259980274
0.0121529399185
0.0123879939783
0.0121336430311
0.0121574799996
0.0115228600334
0.0121640270809
0.0120245820144
0.0120045349468
0.0346714099869




layer number :  12
127.164267517
0.0741128140362

jsonTime
2.16038287303
0.0163468018873
0.0172462780029
1.68562433706
0.0158006369602
5.78771465702
0.0187459269073
0.0155982100405
0.609400024056
0.0331419069553
0.0160060990602
0.0157567099668

layerTime
20.743096694
0.0122526420746
0.0123403089819
22.069811484
0.012028806028
68.2424518929
0.0123451210093
0.0122057650005
5.35935182997
0.0121590710478
0.0126014429843
0.0122441169806

checksumTime
0.0125412850175
0.0119296159828
0.0122492340161
0.0120920629706
0.01173535001
0.0121723040938
0.0119390370091
0.0119801459368
0.0121284270426
0.0118292659754
0.0119631499983
0.0423275290523




layer number :  12
128.944827465
0.0732238430064

jsonTime
2.18451181403
0.0225861250656
0.0156119090971
1.52792743396
0.0153840779094
5.71702639898
0.0184064860223
0.0156927970238
0.608034901088
0.02559754299
0.0146907239687
0.0145713619422

layerTime
21.455707298
0.012118226965
0.012083183974
22.4718376
0.0121032960014
68.761692022
0.0116685070097
0.0122902189614
5.72691155202
0.0133275169646
0.0123527160613
0.0120084950468

checksumTime
0.012274972978
0.011713663931
0.0117269420298
0.0119055380346
0.0117460570764
0.012172637973
0.0119903429877
0.0119715509936
0.015278603998
0.0118468269939
0.011888929992
0.0323138349922




layer number :  12
124.989712248
0.0736251899507

jsonTime
2.0758631631
0.0223852230702
0.0156709339935
1.42881089693
0.0167815999594
6.17093249701
0.0172259799438
0.0146591560915
0.491018748959
0.0219789519906
0.0149454759667
0.0134143619798

layerTime
20.457640311
0.0121226079063
0.0121460669907
22.8901898931
0.0122749330476
65.372850886
0.0123351070797
0.0120575309265
5.61192586797
0.0120440640021
0.0120169640286
0.0120132210432

checksumTime
0.0121543939458
0.0118992240168
0.0137095480459
0.0121898290236
0.0119235819438
0.0160217690282
0.0118297919398
0.0117409450468
0.0120963150403
0.0117512070574
0.0134522159351
0.0331939050229




layer number :  12
127.226755573
0.0732680279762

jsonTime
1.95670266903
0.0225413950393
0.0183513499796
1.64355492103
0.0154839380411
5.63304769096
0.0163167730207
0.0157738820417
0.490232525975
0.022320554941
0.0177652759012
0.0157417668961

layerTime
21.126770935
0.0115546579473
0.0123358890414
23.074131841
0.0121253709076
67.190748134
0.0121732889675
0.0121387779946
5.60414192104
0.0123536280589
0.0121531590121
0.0116083720932

checksumTime
0.0125167189399
0.0119694990572
0.0126701109111
0.0121567450697
0.0118286480429
0.0130333870184
0.0135604259558
0.0118501830148
0.0119565259665
0.0166690930491
0.0117862750776
0.0427114689955




layer number :  12
127.264188864
0.0707942290464

jsonTime
1.96662282909
0.0222994210199
0.0166313999798
1.45711481199
0.0166195699712
5.91220804292
0.0185146928998
0.0200179070234
0.499767043977
0.0218597719213
0.0167704100022
0.0150550820399

layerTime
21.089547785
0.0120473690331
0.0120398789877
22.919835042
0.0122559999581
67.4562201321
0.0122722020606
0.0120837510331
5.45506782609
0.0120498070028
0.0121220999863
0.0122096190462

checksumTime
0.0118930569151
0.0116854410153
0.0117333070375
0.0121450880542
0.011915181065
0.0164399290225
0.0118318279274
0.0117506589741
0.012062993017
0.0161953740753
0.011814659927
0.0420759139815




