layer number :  11
205.716274247
0.0691763700452

jsonTime
1.59635035298
0.0149794709869
0.299061435973
1.87157582701
4.4110956511
0.0169157879427
0.0209862360498
0.0316714919172
13.0627625999
0.0201306920499
0.0191468540579

layerTime
16.140252673
0.0121228779899
3.13054249797
17.4811476921
53.114992338
0.0122562739998
0.0392975349678
0.0149815951008
94.143116257
0.0160567959538
0.0126970489509

checksumTime
0.0120076240273
0.0119063090533
0.0120354529936
0.0119657549076
0.0122275759932
0.0128099659923
0.0119615610456
0.0119908039924
0.0119105989579
0.0131461590063
0.0322057100711




layer number :  11
204.096050784
0.0720032970421

jsonTime
1.61125184293
0.015325037064
0.205353780068
1.42835478904
4.38460455404
0.0198745089583
0.0356483340729
0.0159850609489
12.367532526
0.0287636370631
0.0181000380544

layerTime
14.75296609
0.0120562299853
2.76242452592
18.8745514089
48.149715888
0.0136790730758
0.0421613738872
0.0122184590437
99.0684608259
0.0162637690082
0.0123584559187

checksumTime
0.0126382500166
0.013433645945
0.0120122290682
0.0121188609628
0.0122230830602
0.0115727329394
0.0117199200904
0.011870176997
0.0155578469858
0.0117709109327
0.0407432470238




layer number :  11
203.468171832
0.0695481810253

jsonTime
1.61617483792
0.0164222869789
0.271903866087
1.49829804397
4.61902185902
0.0185336780269
0.0164841759251
0.0147405160824
12.0318222981
0.0266653069993
0.0183862330159

layerTime
15.923498254
0.0123425669735
2.9578451399
17.190697076
53.6480658449
0.0133075159974
0.0244352259906
0.011979821953
93.266486965
0.0163608969888
0.0123634199845

checksumTime
0.0126191820018
0.0119740900118
0.0122015910456
0.0122413380304
0.0119875440141
0.0117175540654
0.0120296980022
0.0117317519616
0.0120871239342
0.0129397130804
0.0405784279574




layer number :  11
201.950123005
0.0731818919303

jsonTime
1.44219339895
0.0156870380742
0.201224807999
1.65613615396
4.473143326
0.0168841299601
0.0355476289988
0.0166386540513
13.57884936
0.0184725680156
0.0176681400044

layerTime
15.463888744
0.0121433519525
2.7733499551
19.3316524311
49.735789853
0.0123072630959
0.0428518499248
0.0124215310207
92.832648524
0.0131188229425
0.0124107359443

checksumTime
0.0120728169568
0.0117711189669
0.0117594279582
0.0121056879871
0.012410257943
0.0119752360042
0.011992514017
0.0117996489862
0.0120121979853
0.0118041040841
0.0315913190134




layer number :  11
209.623178538
0.162362641073

jsonTime
1.47570118902
0.0155539510306
0.236125931027
1.71003321104
4.26931841194
0.0178570999997
0.0169631580357
0.0154397359584
12.114418027
0.0237666920293
0.0217775349738

layerTime
15.442429455
0.0120760069694
2.73009011801
18.16119348
53.603456947
0.0127861739602
0.0243111440213
0.0122939510038
99.340200278
0.0163220120594
0.0128890230553

checksumTime
0.0125842690468
0.0117242379347
0.0118366359966
0.012012082967
0.0160008390667
0.0116697519552
0.0118431720184
0.0118228950305
0.0121054169722
0.0120197009528
0.0414764239686




layer number :  11
193.823175562
0.0728384780232

jsonTime
1.60399432306
0.015501822927
0.226490840898
1.4356874011
4.47200432396
0.0158787459368
0.0196159969782
0.0165454989765
12.920270685
0.0183605969651
0.0196470960509

layerTime
14.486432205
0.0118230980588
2.98119139706
18.9162206439
46.611446867
0.0122692220611
0.0392468200298
0.0122378550004
89.7198054551
0.0129326989409
0.0123806860065

checksumTime
0.0122755770572
0.0109787810361
0.0119113619439
0.0126268230379
0.0116882120492
0.0120314509841
0.0119369389722
0.0119575910503
0.0122682889923
0.0157774830004
0.0362723190337




layer number :  11
203.589443179
0.0697510279715

jsonTime
1.60545117699
0.0160101590445
0.259183357004
1.44018157199
4.04170003498
0.0161823729286
0.0196876880946
0.0157148829894
12.5156785981
0.018488614005
0.0177192770643

layerTime
15.733979441
0.012179390993
2.81310183008
17.449362825
50.5113319771
0.0122385810828
0.0391688299133
0.0122045519529
96.7728813409
0.0129791690269
0.0122537689749

checksumTime
0.0125591399847
0.0118494399358
0.0118435539771
0.0118143989239
0.0121974999784
0.0119726929115
0.0119111400563
0.0119595800061
0.0121283719782
0.0118038529763
0.0413169499952




layer number :  11
203.626502421
0.0698021369753

jsonTime
1.61732902389
0.0149218949955
0.221334296046
1.55013449292
4.24339858594
0.0201467210427
0.025608834927
0.014730129973
12.19432653
0.0195485539734
0.0178814360406

layerTime
14.7933653841
0.0119834609795
2.66014629893
19.2602183201
50.4793374611
0.0139562260592
0.015072759008
0.0120060130721
96.180374653
0.0130216320977
0.0124269209336

checksumTime
0.0119195129955
0.0116601029877
0.011857322068
0.0119575019926
0.012422925909
0.0118969089817
0.0119727470446
0.0117052389542
0.0130038820207
0.0118194229435
0.0344878140604




layer number :  11
206.512963311
0.0909987059422

jsonTime
1.544895489
0.0152170360088
0.225899965968
1.7084863981
4.31073645398
0.0150711860042
0.0178078890312
0.0156257830095
12.369960848
0.0260403209832
0.0215504929656

layerTime
15.774684645
0.012089015916
2.88420365809
17.812146181
52.8417410359
0.011987505015
0.0392518090084
0.0122606700752
96.569247726
0.0137190240202
0.0125760470983

checksumTime
0.0124260580633
0.0117949750274
0.0131251768908
0.011996819987
0.0119375690119
0.0116792690242
0.011938166921
0.0119933099486
0.0120573090389
0.0112610239303
0.0358172989218




layer number :  11
200.330837774
0.085561437998

jsonTime
1.54367243603
0.0183510869974
0.295193291036
1.38284501596
4.25464350102
0.0163610309828
0.0204894921044
0.0157384539489
13.007028451
0.020131087047
0.0184422320453

layerTime
15.725056641
0.0123248890741
2.93745925894
18.580881973
49.143642002
0.0155769570265
0.0392784969881
0.0123046650551
92.980438748
0.012980758911
0.0123806719203

checksumTime
0.0125402489211
0.0119363409467
0.0121572890785
0.0117184889968
0.0122713979799
0.0127818488982
0.0119758109795
0.0120091449935
0.0140239190077
0.0155901260441
0.0423233540496




