layer number :  21
78.7872813441
0.099894109997

jsonTime
0.0325605900725
3.07842940406
0.0218146879924
0.0157651229529
0.0226664829534
0.247436244041
0.0147363200085
0.0144550319528
0.0142371349502
0.0144704290433
3.22628624598
0.0150837659603
1.43799491203
0.0148037399631
0.0164472979959
0.0148037370527
0.0146723530488
0.0259270269889
0.0155608189525
0.0143795310287
0.0144987989916

layerTime
0.0123296990059
23.9172985869
0.0425873469794
0.0121342020575
0.0121305229841
3.14901600697
0.0119579660241
0.0119686539983
0.0119498870336
0.011908368906
30.7373908061
0.0120997499907
12.078640966
0.0130597070092
0.0129358830163
0.0120326000033
0.0119418499526
0.0135304969735
0.0121276399586
0.0119412660133
0.0124320059549

checksumTime
0.0119997769361
0.0124022910604
0.0115323200589
0.0117450989783
0.0120843240293
0.0113093289547
0.0116578040179
0.0116543610347
0.011634576018
0.0120107410476
0.0119602939812
0.0117820280138
0.0118740829639
0.0121863210807
0.0118453379255
0.0117385609774
0.0116031100042
0.0118445580592
0.011712749023
0.0117662990233
0.0319203260588




layer number :  21
78.965459029
0.0979451210005

jsonTime
0.0311838339549
2.69830471999
0.0213447499555
0.0159617980244
0.0225999179529
0.242679500021
0.0150238949573
0.0149817570345
0.0146378469653
0.0146895489888
3.62049809401
0.0157962080557
1.51885167207
0.0153957849834
0.0149542109575
0.0159316089703
0.0328821600415
0.0163408990484
0.018389106961
0.0156195700401
0.0156625610543

layerTime
0.0114928620169
23.857651137
0.0422540929867
0.012079709908
0.0123083060607
2.91063872899
0.0120886140503
0.0120322679868
0.0119421300478
0.0120451910188
31.147528655
0.012246555998
12.0233843779
0.0120203060796
0.012102194014
0.0120583500247
0.013479865971
0.0121613979572
0.0123303119326
0.0122796929209
0.0122868570033

checksumTime
0.0112559379777
0.0122585550416
0.0118703170447
0.0117387070786
0.0118098679231
0.0121226060437
0.0121412319131
0.0117478680331
0.0116921319859
0.0120140579529
0.0151690070052
0.0119561979081
0.0132000750164
0.0117354319664
0.0131796780042
0.0120456690202
0.0123015929712
0.0119682920631
0.0120058610337
0.0120146690169
0.0447635899764




layer number :  21
78.598861572
0.0989299650537

jsonTime
0.0321518169949
3.02796498197
0.0215111810248
0.0157532319427
0.015396118979
0.261289473972
0.0224234240595
0.0155253279954
0.0154558400391
0.0146715400042
3.45969142008
0.0234558760421
1.37736106908
0.0226048030891
0.0152732559945
0.0165402319981
0.0164230610244
0.0162749880692
0.0179525109706
0.0322062729392
0.0159933470422

layerTime
0.0124628470512
23.905399389
0.0401547939982
0.0118993030628
0.0123192439787
3.05481215997
0.0122384799179
0.0125021649292
0.0119013349758
0.0120652629994
30.519791277
0.0159980609315
12.031637796
0.0122507530032
0.0121100390097
0.0122956779087
0.012267853017
0.0123179289512
0.0123315840028
0.0116852710489
0.0122582239565

checksumTime
0.0119929909706
0.0129646559944
0.0119988960214
0.011904094019
0.011773700011
0.0120778590208
0.0118059550878
0.011883817031
0.0116948069772
0.0117396969581
0.0137074879603
0.0162060629809
0.0127824669471
0.0119465329917
0.0121202570153
0.0119474700186
0.0119111689273
0.0119374520145
0.0119890940841
0.0119747129502
0.0363219199935




layer number :  21
79.092709796
0.0994110120228

jsonTime
0.0325707909651
2.67141485296
0.0217011970235
0.0163115229225
0.0226561400341
0.249747601105
0.0148854100844
0.0146601760061
0.0149363359669
0.0156543459743
3.73104716407
0.0164194760146
1.36308878404
0.0163875400322
0.01608760003
0.0155247719958
0.0284775900654
0.016538899974
0.0168671288993
0.0153566789813
0.0162426430034

layerTime
0.012379733962
23.992133963
0.0418992389459
0.0121732640546
0.0124920929084
3.33833963389
0.0120664699934
0.0119305680273
0.0122465940658
0.0122840539552
30.834517377
0.012079920969
11.9594598479
0.0132764939917
0.0118231630186
0.0118409009883
0.012267588987
0.0121908279834
0.0123645510757
0.01267601992
0.0125117689604

checksumTime
0.0119853450451
0.0125432140194
0.0117941900389
0.0117728320183
0.0118520699907
0.0118295450229
0.0116809209576
0.0119748809375
0.011940610013
0.0119750240119
0.0155486559961
0.0117877960438
0.0163300960558
0.0123496709857
0.0113240389619
0.0118894999614
0.0119027310284
0.0118781110505
0.0119465190219
0.0123605590779
0.0464600180276




layer number :  21
78.953072965
0.0971599780023

jsonTime
0.0329160609981
3.00941338693
0.0216107990127
0.0161168809282
0.0226219969336
0.239648255054
0.0150062419707
0.0146823549876
0.0147566349478
0.0154125599656
3.50665247603
0.0154817510629
1.42924499395
0.0159056300763
0.0171056840336
0.0152630270459
0.0224015000276
0.0157613410847
0.0156922159949
0.0153766849544
0.0159541380126

layerTime
0.0119314700132
23.922277226
0.041961423005
0.0126501760678
0.0123623880791
3.12028588692
0.0121048999717
0.0120556370821
0.01228175906
0.0123480770271
30.461886281
0.0119921059813
12.335393377
0.0120646309806
0.0121586750029
0.0121484369738
0.012278064969
0.0119950509397
0.0126141130459
0.0119529870572
0.0121927169384

checksumTime
0.011925261002
0.0128112910315
0.0116945010377
0.0118181729922
0.0118814889574
0.0118899530498
0.0117320260033
0.0118939609965
0.0117925329832
0.0116752899485
0.0134074819507
0.0119385849684
0.012694612029
0.0161822359078
0.0119590190006
0.0121056829812
0.0128921869909
0.0117758009583
0.0122584910132
0.0116670220159
0.0353253340581




layer number :  21
79.704588029
0.100323364954

jsonTime
0.0381582499249
2.959599833
0.0216387560358
0.0163055639714
0.0233402039157
0.279118669918
0.015132540022
0.0145295941038
0.0227762010181
0.0151843089843
3.61277963594
0.0151307180058
1.43284829101
0.0166984730167
0.0149687370285
0.0223532019882
0.0156274740584
0.0149218559964
0.0155514789512
0.0146756459726
0.0147255640477

layerTime
0.0119487950578
23.912986864
0.0424289139919
0.0121419159696
0.0121345820371
3.06808447908
0.0121220800793
0.0120557768969
0.0120963380905
0.0120275900699
31.061273443
0.0120120419888
12.429074489
0.0121344469953
0.0120190199232
0.0121679879958
0.0120562389493
0.012058294029
0.0120900010224
0.0119951230008
0.012253753026

checksumTime
0.0119577669539
0.0122061270522
0.0123928500107
0.0118604380405
0.0117643050617
0.0118111529155
0.0118076138897
0.0121062370017
0.0122731499141
0.0119702509837
0.0129214960616
0.0118080859538
0.0160619799281
0.0117288680049
0.0117526400136
0.0128867740277
0.011725245975
0.0117617270444
0.0116863510339
0.011701173964
0.0462051739451




layer number :  21
79.190012071
0.0978265929734

jsonTime
0.0154963680543
2.73546930798
0.0221947800601
0.0160029710969
0.0150757050142
0.236528821988
0.0150121060433
0.0147127970122
0.0217873939546
0.0149265450891
3.43443619297
0.0162062909221
1.47770060599
0.0157609449234
0.0144439210417
0.0230417649727
0.0149582270533
0.0150261659874
0.0155722060008
0.0146323289955
0.023105373024

layerTime
0.0122160339961
23.780064924
0.0419914459344
0.0121097709052
0.012046443997
2.89697841508
0.0122963559115
0.0120392140234
0.0121801610803
0.0121794769075
31.418711431
0.0120874550194
12.299018767
0.012155611068
0.0120625739219
0.012069658027
0.0120370819932
0.0120829930529
0.0121881429804
0.0120959930355
0.0121531889308

checksumTime
0.0118765289662
0.0119563289918
0.0117529979907
0.0116618910106
0.011613731971
0.011965543963
0.0117749610217
0.0117196060019
0.0116424529115
0.0122405100847
0.0140456580557
0.0118851290317
0.0153752220795
0.0115486809518
0.0136520130327
0.0116832000203
0.0117123029195
0.011734817992
0.0117385250051
0.0129756740062
0.0341448930558




layer number :  21
79.730102414
0.113170085009

jsonTime
0.0156195299933
3.09823195997
0.0290888670133
0.0155998880509
0.0155679060845
0.253715810017
0.0153809608892
0.0221282469574
0.014779512072
0.0146347299451
3.49624613603
0.0156592539279
1.59662205202
0.0149169090437
0.0255622139666
0.0150984280044
0.0146529180929
0.0154721209547
0.0154304150492
0.0224144170061
0.0155050950125

layerTime
0.0122554709669
23.840788612
0.040559113957
0.0122765129199
0.012072635931
3.10880683805
0.0122659050394
0.0121319910977
0.0120211149333
0.0123630269663
30.970209168
0.0120509240078
12.425415389
0.012046976015
0.0120424969355
0.0122759250225
0.0119612269336
0.011950349086
0.0120331690414
0.0120490369154
0.0119989680825

checksumTime
0.0119561420288
0.0123175749322
0.0110886030598
0.011750346981
0.0117607290158
0.0119943330064
0.0119872220093
0.0117855519056
0.0117758110864
0.0117392929969
0.0120060850168
0.0132453260012
0.0117756989785
0.0117016260047
0.0117285660235
0.0116982889595
0.012898401008
0.011658401927
0.0127655999968
0.01270844799
0.0439281809377




layer number :  21
79.779425237
0.100554579985

jsonTime
0.0151799810119
3.09480102803
0.021328828996
0.0154365691124
0.015404991922
0.257061397075
0.0227435500128
0.014718235936
0.0149210239761
0.0149884540588
3.35568091297
0.0223170280224
1.43923065998
0.02296871203
0.0150591590209
0.0150807660539
0.0163384389598
0.0163660270628
0.0335260269931
0.0157446559751
0.0156990130199

layerTime
0.011686895974
24.5516661879
0.0404591410188
0.0125761049567
0.0120804390172
3.35032582993
0.0122883749427
0.0120861940086
0.0122144899797
0.0120118579362
30.654145951
0.0120926869567
12.1397128551
0.012120966916
0.0120491770795
0.0120429949602
0.0122942499584
0.0122782279504
0.0123088220134
0.0122337170178
0.0122404990252

checksumTime
0.0114857819863
0.0122945579933
0.0116051919758
0.0119137950242
0.0116950609954
0.0129435900599
0.0118736820295
0.0117709400365
0.0120866280049
0.0117359920405
0.0118842549855
0.0160410630051
0.013067828957
0.0118078379892
0.0117644069251
0.0120263800491
0.011974530993
0.0119592410047
0.0119768630248
0.0119850200135
0.0388823369285




layer number :  21
78.732117592
0.0975172809558

jsonTime
0.0153644809034
3.01775344298
0.0215607499704
0.0154804660706
0.0153872889932
0.244542927016
0.0150131729897
0.0148210159969
0.0146015950013
0.0157372410176
3.66514899803
0.0237768129446
1.42083970108
0.0154038730543
0.0154802529141
0.0151893389411
0.0157177939545
0.0255333590321
0.0160166759742
0.0146849930752
0.0154065819224

layerTime
0.0118684510235
24.14833042
0.0407568810042
0.0121203350136
0.0120229369495
2.91995971696
0.0119990080129
0.012076365063
0.0120769659989
0.0122305139666
30.3936439559
0.0120056320447
12.007336917
0.0118428049609
0.0119959550211
0.0120887580561
0.0120560940122
0.0124510260066
0.0121633890085
0.0120050319238
0.0120545460377

checksumTime
0.011529947049
0.0119765379932
0.0115464449627
0.0120194869814
0.0116918979911
0.01179490902
0.0121438819915
0.0117551420117
0.0119572359836
0.0119716899935
0.0145232260693
0.0129052399425
0.011908269953
0.012875074055
0.0118236850249
0.0116922990419
0.0161659809528
0.0117752030492
0.0119021049468
0.0117320760619
0.0414886750514




