layer number :  28
188.320438037
0.422894107993

jsonTime
0.032645698986
2.88250527601
0.0308445499977
0.0177009189501
1.01848140289
0.0153277240461
0.0145970870508
0.735852368991
0.0426859529689
0.0145598949166
0.0146596450359
5.10214921797
0.0186179130105
0.014595835004
0.0146561870351
2.90333365707
0.019168874016
0.0158351699356
0.0148071370786
0.016964931041
0.0217382600531
0.0147754600039
0.0152286799857
1.56856120296
1.41376553196
0.0152054229984
0.0157273749355
0.0147735159844

layerTime
0.0124232220696
32.4142334351
0.0808776840568
0.0122161069885
8.51207023708
0.012043802999
0.0120044660289
8.03155066504
0.0119457740802
0.0119956230046
0.0118160919519
57.830734079
0.0124021340162
0.0120215190109
0.0119592029369
36.9044905739
0.0126940760529
0.0121944029815
0.0120783949969
0.012105286005
0.0121358269826
0.0120570230065
0.01220663602
13.2619610791
14.224891238
0.0120889139362
0.0121029710863
0.0120352699887

checksumTime
0.0120084899245
0.0124303889461
0.0118228089996
0.0118856370682
0.0119786319556
0.0117215649225
0.0117390439846
0.0119591499679
0.0116842819843
0.0119106590282
0.0113782800036
0.0119300100487
0.0117284129374
0.0117573590251
0.0118518969975
0.0120064479997
0.0138631520094
0.0119972840184
0.016577392933
0.0117066219682
0.011766869924
0.0117797499988
0.0119248490082
0.0120614459738
0.0118000990478
0.0122353370534
0.011826367001
0.0368455930147




layer number :  28
184.097104033
0.114220356103

jsonTime
0.0329844390508
3.05716196389
0.0313633970218
0.0176291479729
0.987163124955
0.0328185709659
0.0157109959982
0.788622610969
0.0150370430201
0.0154851099942
0.0146550060017
5.08312578802
0.0220671880525
0.0183025540318
0.0222375990124
3.09351050702
0.0239254119806
0.0162910050713
0.016561447992
0.015653557959
0.0315346959978
0.0157381710596
0.016474048025
1.564867815
1.52606094396
0.0173235239927
0.0162119170418
0.0158639739966

layerTime
0.0123338169651
31.5247656611
0.0817088539479
0.012437982019
8.24719012203
0.0125593590783
0.012268483988
8.35821173806
0.01176364196
0.0120283220895
0.0120112950681
57.447318431
0.012567001977
0.0133994360222
0.0121387749678
34.595844885
0.0125665749656
0.0121272059623
0.0126440089662
0.012358063017
0.0123292880598
0.0121604040032
0.0121389289852
13.321932469
13.2566170241
0.0122817159863
0.0122527780477
0.0122712489683

checksumTime
0.0119707800914
0.0124401779613
0.0122791080503
0.0120655139908
0.0121117479866
0.0119964859914
0.0119817110244
0.0122570729582
0.0118183139712
0.0120345129399
0.0114660959225
0.0166100310162
0.0116529489169
0.0119044299936
0.0118862959789
0.01212523703
0.0119084640173
0.0118865610566
0.0118729990209
0.0118671329692
0.011956059956
0.0118947658921
0.0118618110428
0.0119981759926
0.0123202929972
0.0119214989245
0.0119955949485
0.0393894790905




layer number :  28
172.844563699
0.112616215949

jsonTime
0.0155308189569
2.85717128206
0.021592143923
0.0158053670311
0.879887541989
0.0152924469439
0.0136510479497
0.592213472934
0.0161096120719
0.0147556959419
0.0145923219388
5.16254765692
0.0237629760522
0.0158956929808
0.0154176800279
2.9575186139
0.0174589250237
0.0146116589895
0.0145513679599
0.015018444974
0.015669121989
0.0217540499289
0.0158537490061
1.52742336597
1.38855158503
0.016018477967
0.0148606480798
0.0148361549946

layerTime
0.0122613239801
28.9971988189
0.0411339900456
0.0142640230479
8.70460560999
0.0112395120086
0.0111905420199
7.80657313997
0.0120833639521
0.0120521190111
0.012056460022
53.4592748
0.0126986319665
0.0121136510279
0.0124293499393
32.174990338
0.0122253149748
0.0120091260178
0.0119420679985
0.0120667499723
0.0131640499458
0.0125909820199
0.0122688090196
14.005643508
11.197394159
0.0122032209765
0.0120797789423
0.0120674390346

checksumTime
0.0119828319876
0.0120692740893
0.0121737959562
0.0124037630158
0.0116507529747
0.0110306070419
0.0109658130677
0.0141227249987
0.011806581053
0.0117269520415
0.0120572610758
0.0137117289705
0.0119517380372
0.0119663539808
0.0120170600712
0.0111498460174
0.0116442759754
0.0117091090651
0.0116516359849
0.0127691400703
0.01210253709
0.011983250035
0.0119942489546
0.0117631199537
0.0129307899624
0.0117096030153
0.0118056819774
0.0561755020171




layer number :  28
160.405618596
0.115659169969

jsonTime
0.032633121009
3.15916268702
0.021083985921
0.0158313699067
0.901090436033
0.0154523139354
0.0149787890259
0.823047049926
0.026827679947
0.0147779850522
0.0146440590033
4.92442357098
0.0204772449797
0.0148555519991
0.014689774951
2.88653492194
0.0206729170168
0.014769054018
0.0152704030043
0.014913505991
0.0218893839046
0.0149472269695
0.0166377209825
1.56494482607
1.33036603197
0.0154529591091
0.0150802739663
0.0146678419551

layerTime
0.0123071359703
28.1789046901
0.0419852080522
0.0120857889997
7.23816132196
0.0121498170774
0.0120419149753
7.795767367
0.0118749410613
0.0120524569647
0.0120039279573
48.080760113
0.0120265069418
0.0121476800414
0.0119889560156
29.9124572381
0.0125551180681
0.011982594966
0.0119930640794
0.0119717250345
0.0121051280294
0.011935735005
0.0121921589598
11.8483970379
10.598110834
0.0120298299007
0.0120400470914
0.0121011689771

checksumTime
0.0118293929845
0.0119862019783
0.0117302710423
0.0116941330489
0.0118976390222
0.0121834989404
0.0120059790788
0.0118618500419
0.0118063669652
0.0117823689943
0.0117359390715
0.0161563410657
0.0114915790036
0.011672563036
0.0116495080292
0.016137118917
0.0117417259607
0.0129180039512
0.0117658899399
0.0117634170456
0.0116546310019
0.0149254760472
0.011751055019
0.011803311063
0.0118148939218
0.0116899600253
0.0117625360144
0.0516973100603




layer number :  28
156.475143885
0.115062953089

jsonTime
0.015790419071
2.973176311
0.0300797739765
0.0179570720065
1.03743958706
0.0156446750043
0.0148713899544
0.643342275987
0.0156256139744
0.0146985689644
0.014890542021
5.16346766602
0.0265634779353
0.0152965260204
0.0149050579639
2.892183961
0.0205862389412
0.014831345994
0.0145431569545
0.0146445259452
0.0153385140002
0.022121302085
0.0149169759825
1.54941974103
1.44765112409
0.0154175050557
0.0145487049595
0.0145692760125

layerTime
0.0125032979995
25.6261437479
0.0811959309503
0.0122998580337
7.80599111598
0.0123296650127
0.0121653040405
6.83338191605
0.0119999729795
0.012205254985
0.0119155209977
46.202207863
0.0119575060671
0.0123396340059
0.0120022060582
29.433346248
0.0125184050994
0.012005479075
0.0119754140032
0.0118283600314
0.0129306060262
0.0120889559621
0.0120406870265
12.36369306
11.3322758849
0.0120330989594
0.0120093990117
0.0119271550793

checksumTime
0.0121108699823
0.0126095630694
0.0119901769795
0.0119512949605
0.0120729570044
0.0116727700224
0.0119886369212
0.0120644420385
0.0114043910289
0.0117285170127
0.0117863119813
0.0118442850653
0.0117449889658
0.0116908049677
0.0114092959557
0.0156381010311
0.0119668989209
0.0119745209813
0.011545379064
0.0115616499679
0.0120039179455
0.011685673031
0.011723466916
0.0121227359632
0.0119086779887
0.0120136380428
0.0116633359576
0.0397139189299




layer number :  28
152.730925693
0.113615187001

jsonTime
0.0332255029352
3.16770082607
0.0215919660404
0.0157948769629
0.902730584959
0.015463816002
0.0146799669601
0.637971334974
0.0153444040334
0.0161429799628
0.0154378040461
5.32000013301
0.0190199749777
0.0145932299783
0.0146768770646
3.14211378805
0.0191204029834
0.0150652140146
0.0157985410187
0.0155583359301
0.0304539139615
0.0160994479666
0.016335634049
1.54204161104
1.41346257599
0.0151323570171
0.0150550450198
0.01556011301

layerTime
0.0124321200419
25.25138971
0.0415374609875
0.0121379049961
7.36875028303
0.0121562740533
0.0120419129962
6.64315364696
0.0120969539275
0.0121757640736
0.0121727120131
45.41846174
0.0123402150348
0.0119571050163
0.0121953459457
28.845626559
0.0124579709955
0.0159821989946
0.0122715459438
0.012289506034
0.0124893629691
0.0123695740476
0.0122631819686
11.776259833
10.137062256
0.0119649339467
0.0124828349799
0.0122300309595

checksumTime
0.0119574669516
0.0123006909853
0.0119246459799
0.0117491360288
0.0119056119584
0.0117901250487
0.0119687720435
0.0119371960172
0.0120120230131
0.0119215529412
0.0119306909619
0.0119124309858
0.0116820150288
0.0116588629317
0.0117395509733
0.0119937179843
0.0127183420118
0.0130557550583
0.0120451280382
0.0119851890486
0.0120660800021
0.0119810739998
0.0120646869764
0.0165929839713
0.0117750050267
0.0116627899697
0.0132823960157
0.0499517670833




layer number :  28
152.980563815
0.114299876965

jsonTime
0.0320520279929
2.81182592397
0.0278047039174
0.0187431889353
0.987703574938
0.0152667459333
0.0156195320887
0.60219662392
0.0148598320084
0.014640362002
0.0144357359968
4.88465709996
0.0189723339863
0.0146516970126
0.0229144699406
2.6970146239
0.018869769061
0.0197906870162
0.0150066340575
0.015064818901
0.0146956238896
0.031070291996
0.0157853600103
1.56172682589
1.38628014608
0.0152427629801
0.015024338034
0.0147275170311

layerTime
0.0124034349574
25.277810876
0.0714801590657
0.0126346100587
7.58344252
0.0119923939928
0.0123471060069
6.76010984299
0.0122026780155
0.0116610999685
0.0119562000036
45.327979651
0.0123307000613
0.0120120689971
0.0120333200321
28.9034216191
0.0123192879837
0.0139074380277
0.0121725120116
0.0120284220902
0.0120222111
0.0124979150714
0.0122999389423
12.0803975931
10.918820134
0.0120338710258
0.0119421129348
0.0119317070348

checksumTime
0.0121471850434
0.012103718007
0.0122192440322
0.0119369740132
0.0118688370567
0.0119437429821
0.0118551059859
0.0200231610797
0.0120380559238
0.0115147120086
0.0116330380552
0.01199915295
0.0116885700263
0.0137071110075
0.0118627590127
0.0127946039429
0.0119954089168
0.0118721929612
0.0129130820278
0.0117246690206
0.01173255092
0.0119435229572
0.01207290811
0.0120176759083
0.011809285963
0.0117084690137
0.0116674159653
0.0378898399649




layer number :  28
150.111823379
0.114589962992

jsonTime
0.0326063409448
2.76278206101
0.0300446759211
0.0175588999409
1.01151641004
0.0165625710506
0.0145692810183
0.580096032005
0.01495164691
0.0146963009611
0.0147829210619
5.4282679779
0.0192890580511
0.0149487019517
0.0146703720093
2.578889205
0.0185259670252
0.0153367350576
0.0148025080562
0.014681194094
0.0317620950518
0.015868673916
0.0157140679657
1.54537225899
1.38409684901
0.0159245419782
0.0149980810238
0.0152182399761

layerTime
0.0123900880571
24.393519799
0.0813281360315
0.0123229840538
7.44791787898
0.0122311660089
0.0122787010623
6.91754711501
0.0115742760245
0.0120904040523
0.0120543959783
44.6447599101
0.0123488439713
0.0120011940598
0.012105243979
28.66902641
0.0123509939294
0.0124168589246
0.0121761099435
0.0122826439328
0.0124436758924
0.012146634981
0.0122933180537
11.020675253
10.539911018
0.0121441760566
0.0120056109736
0.0120310580824

checksumTime
0.0120319179259
0.0122936210828
0.0120282520074
0.0118759899633
0.0119075319963
0.0117735979147
0.0117050629342
0.0119651830755
0.0115697840229
0.0118235469563
0.0117269200273
0.0119792319601
0.01284536405
0.0118581729475
0.0118202440208
0.0120859940071
0.0127463230165
0.0117911100388
0.0117766909534
0.0120613400359
0.0119816540973
0.0120019260794
0.0119771989994
0.0118358149193
0.0129131680587
0.0118695709389
0.0128253540024
0.0345843730029




layer number :  28
149.581202992
0.115467625088

jsonTime
0.0323399479967
3.19642313698
0.0216903670225
0.015875771991
0.888706637081
0.0152674010023
0.0148962870007
0.698026412982
0.0149248840753
0.0146633610129
0.0149157240521
5.06203299505
0.0203548129648
0.0147480480373
0.0154600900132
3.02599978494
0.0187715800712
0.0145636689849
0.0160278320545
0.0157094490714
0.0156769789755
0.0321554529946
0.0159988530213
1.51906802203
1.37637217995
0.0173242529854
0.0155312770512
0.0154551169835

layerTime
0.0124228129862
25.232146677
0.0420824559405
0.0122132230317
7.12251659599
0.0122938429704
0.0120352720842
6.66307556699
0.0120768520283
0.0121092619374
0.0122316699708
43.82160447
0.0124311989639
0.0120779189747
0.01217331097
27.9603050291
0.0127447469858
0.0116341280518
0.0122593499254
0.0122744619148
0.0122874929802
0.0123940629419
0.0121622569859
11.224591413
10.633201185
0.0122627670644
0.012203528895
0.0121692089597

checksumTime
0.0119706350379
0.0128850730835
0.0117971469881
0.0118359939661
0.0118851480074
0.0121465049451
0.0117840529419
0.0118917659856
0.0117962829536
0.0120221920079
0.011739338981
0.0155268979724
0.0117536740145
0.0161097520031
0.0117783230962
0.0119451578939
0.012679278967
0.0118319969624
0.0119695420144
0.0120026750956
0.0119974940317
0.0119784330018
0.011955874972
0.0118305180222
0.0127898859791
0.0119468319463
0.011948284111
0.0402149909642




layer number :  28
149.17130299
0.11382071604

jsonTime
0.0328173789894
2.87596660596
0.0218019440072
0.0157722770236
0.902568884077
0.0154147109715
0.0157800120069
0.727466074983
0.0150566149969
0.0148524800315
0.0147631060099
5.12140276295
0.0194197569508
0.0153705429984
0.0168582979823
2.81758069689
0.0189518230036
0.015184769989
0.0146842979593
0.0147010670044
0.0220609419048
0.015081356978
0.0154673990328
1.58537614008
1.37352728692
0.0169698740356
0.0153149039252
0.0156968031079

layerTime
0.0124766529771
24.8980741911
0.0420373559464
0.0121678820578
7.26879465498
0.0121236259583
0.0120678420644
6.93335760396
0.0121111740591
0.0120010030223
0.0119927199557
43.7568458221
0.0123773310333
0.012057807995
0.0130905499682
28.1916616011
0.0165588109521
0.0121554869693
0.011675826041
0.0120781549485
0.0121787170647
0.0121481519891
0.012159166974
11.127057123
10.447627968
0.0125449629268
0.0123961620266
0.012051472906

checksumTime
0.0119882980362
0.0122387839947
0.011801087996
0.0117736199172
0.0115521519911
0.011809543008
0.0118001729716
0.012253353023
0.0120528859552
0.0117462009657
0.0118631960358
0.0119842999848
0.0130987779703
0.0118392120348
0.0120825500926
0.0129407009808
0.013162485091
0.0118720360333
0.0115210349904
0.0116598850582
0.0118173570372
0.0116828939645
0.0119843609864
0.0126481920015
0.0129940150073
0.0117499900516
0.0118064839626
0.0415149420733




