layer number :  18
122.640541297
0.0865315629635

jsonTime
0.0152574399253
3.13886988303
0.0207309019752
0.015873344033
0.861489785952
0.0152003120165
0.0146257639863
0.573304705089
0.0144705720013
0.01495027903
0.0144832880469
5.04080898501
0.0219986470183
0.0217110889498
0.014754351927
2.85351003206
0.0188619489782
0.0145343010081

layerTime
0.0123167280108
23.918386918
0.0404607399832
0.0120960589265
7.00729387102
0.0122678809566
0.0123045790242
6.59526487696
0.0120169480797
0.0119586170185
0.0122687849216
42.686353708
0.01417029195
0.0121736080619
0.012184088002
29.2163921379
0.013289413997
0.012017923058

checksumTime
0.0119689200073
0.0119213910075
0.012012207997
0.011780763045
0.0118187390035
0.0117625140119
0.0124339449685
0.0117018099409
0.0120384809561
0.0117138599744
0.0116520490265
0.0119094509864
0.012837360031
0.0119258529739
0.0119563320186
0.0119290950242
0.0121252540266
0.0410341189709




layer number :  18
120.023161582
0.0859477799386

jsonTime
0.0340521699982
2.743335312
0.021692143986
0.0156167449895
0.905236958992
0.0151561939856
0.0148948170245
0.628826200031
0.0151245539309
0.0148313250393
0.0148960079532
5.00983389898
0.0187187710544
0.0154304800089
0.014733336051
2.53822887701
0.018456643098
0.0147466739872

layerTime
0.0124442799715
23.8538380441
0.0420301069971
0.0121283649933
6.8006012059
0.0121420030482
0.0121706560021
6.64701967407
0.0120717040263
0.0124549409375
0.0120704140281
43.126692055
0.0124030809384
0.0120801660232
0.0121214620303
27.013864698
0.0124393879669
0.01197112503

checksumTime
0.0120610839222
0.012709751958
0.0117822319735
0.0118080381071
0.0119212410646
0.0123790359357
0.0120960249333
0.0118886929704
0.0117759580025
0.0117837100988
0.0116935209371
0.01218426798
0.0127765480429
0.0117765149334
0.0149092539214
0.0120116029866
0.0117668419844
0.0347464969382




layer number :  18
120.574658857
0.0906479660189

jsonTime
0.0154767349595
3.20790618507
0.0219320369652
0.0155878280057
0.854983477038
0.0271814150037
0.0153360510012
0.597452190006
0.0217639040202
0.0150065040216
0.0148171880282
4.96014085703
0.0200220349943
0.0157630190952
0.0234530400485
2.99824578094
0.0190492089605
0.0153031069785

layerTime
0.0122362240218
24.044071174
0.041969249025
0.0121146179736
7.07748339791
0.0120676740771
0.0120180419181
6.49441726902
0.0120461760089
0.0119903630111
0.0123449239181
42.5201978129
0.0136746539501
0.0120969199343
0.0121063729748
27.039901945
0.0123315640958
0.0119539609877

checksumTime
0.0120154420147
0.0123629759764
0.0117755719693
0.0116985880304
0.0119769260054
0.0117392149987
0.0117532920558
0.0119652459398
0.0117309510242
0.011580131948
0.0117334950482
0.0157086180989
0.0121359919431
0.0139950109879
0.0118299020687
0.0127693889663
0.0126402379246
0.0394774720771




layer number :  18
120.627107155
0.0866361329099

jsonTime
0.0153199110646
3.25675123103
0.0213679779554
0.0158381250221
0.886268588016
0.0144689149456
0.0149897860829
0.636613307986
0.022032077075
0.0146250620019
0.0153320159297
5.02490655705
0.0209504039958
0.0161407759879
0.0221116200555
3.05130174104
0.0184590780409
0.0147543950006

layerTime
0.0122781429673
24.13743562
0.0418440970825
0.0121234940598
6.82182382199
0.0121265490307
0.0119476140244
6.58856165397
0.0121990200132
0.0119240699569
0.0119564550696
42.528210977
0.013589251088
0.0120656531071
0.0125379959354
26.941770584
0.0122445159359
0.0120309939375

checksumTime
0.0120060530026
0.0126929919934
0.0116354009369
0.0116300879745
0.0117869459791
0.011774198967
0.0117000179598
0.0118744929787
0.0117880019825
0.0117351730587
0.0117893129354
0.0120325599564
0.0125505739124
0.0118280379102
0.0119703890523
0.0119493559469
0.0117301431019
0.038340894971




layer number :  18
122.52404019
0.408412634977

jsonTime
0.0155763600487
2.85971154494
0.0212560310028
0.015546340961
0.859938370064
0.0151963019744
0.0147240309743
0.742849727045
0.0217456800165
0.0146496400703
0.0146313839359
5.24857766693
0.023298694985
0.014810216031
0.0330463430146
2.98017503403
0.0186648970703
0.0157793009421

layerTime
0.012294798973
24.8806142181
0.0419133158866
0.0122568330262
6.81097233191
0.0121785389492
0.0120628160657
7.09203776694
0.012000232935
0.0120344349416
0.012008342077
42.7247663001
0.0140121179866
0.0120969309937
0.0125689399429
27.2362576
0.0123297569808
0.0120292970678

checksumTime
0.0119805160211
0.0120813000249
0.0118213180685
0.0117702169809
0.0118747340748
0.0117571740411
0.0120297749527
0.0117909320397
0.0117795040132
0.0117463340284
0.0120906810043
0.0130009029526
0.0121605900349
0.0119301989907
0.011961997021
0.0120031249244
0.0125572880497
0.0358940319857




layer number :  18
121.529618252
0.0853586749872

jsonTime
0.0327532250667
2.966747078
0.0215052689891
0.0158213580726
1.01984897302
0.0154028199613
0.0148006360978
0.598696430097
0.0147738429951
0.0147518729791
0.0146336600883
5.24758431001
0.0217606619699
0.0150688829599
0.0148091389565
2.65068905707
0.0628171149874
0.0146961320424

layerTime
0.012454848038
23.9243821331
0.0405991530279
0.0121983549325
7.01845516998
0.0120956799947
0.0120734958909
7.17779512797
0.0121182490839
0.0122180500766
0.0122072600061
42.753829446
0.0135520480108
0.0120695390506
0.0120269070612
27.3678092209
0.0127467049751
0.012402902008

checksumTime
0.0119166119257
0.0132353469962
0.0120940658962
0.0123479000758
0.012051541009
0.0117991509615
0.0121181400027
0.0123777169501
0.0118434089236
0.0117537699407
0.0119381819386
0.0138111209963
0.011775366962
0.0117128100246
0.011667034938
0.0120181250386
0.0112899449887
0.039551645983




layer number :  18
120.999955353
0.0854299720377

jsonTime
0.0339225840289
2.74912456004
0.0395131119294
0.0172607389977
0.98458701896
0.0154626610456
0.01550739503
0.772012920002
0.0157089040149
0.0147898340365
0.0145871709101
5.00870386302
0.0184910270618
0.0161612579832
0.0159600839252
2.79881245201
0.0196098010056
0.0157472130377

layerTime
0.0124804429943
23.817812937
0.0713229030371
0.0123284640722
6.79163067008
0.0120568419807
0.01241445099
6.46970813
0.0120343540329
0.0120689789765
0.0120126260445
42.282913473
0.0123799729627
0.0123130399734
0.012089440017
28.512775322
0.0133598659886
0.0119487619959

checksumTime
0.0120016220026
0.0121118000243
0.0119015999371
0.0118699209997
0.0122652628925
0.0118138300022
0.0118982129497
0.0118641520385
0.0116792719346
0.0118047960568
0.0120153500466
0.0117351659574
0.015592826996
0.013818541076
0.0117012150586
0.0130596510135
0.0122565539787
0.0348968829494




layer number :  18
120.524374318
0.0861724499846

jsonTime
0.0320803520735
3.06674475397
0.0224018580047
0.01602598303
0.960317232064
0.0152953370707
0.0151643010322
0.600374452071
0.0148959690705
0.0146399909863
0.0160929569975
5.02542587509
0.0198465080466
0.0143101720605
0.016045492026
3.01260403905
0.0224090920528
0.0155771640129

layerTime
0.0117443359923
24.054073623
0.0424239300191
0.0120099049527
6.92117381492
0.0120518539334
0.0116327910218
6.54320931493
0.0116512129316
0.0121674080146
0.0121462800307
42.6265664139
0.0124964190181
0.0162148179952
0.0123762050644
26.949443696
0.0126696609659
0.0122382079717

checksumTime
0.0116595040308
0.0118785309605
0.0117590649752
0.0110617859755
0.0119688470149
0.0117207840085
0.0119653509464
0.011964595993
0.011828005081
0.01210131892
0.0117012759438
0.0146356680198
0.0123286289163
0.0135020839516
0.0119445319287
0.0136265669717
0.0120042440249
0.0335026800167




layer number :  18
120.15762011
0.0845401489642

jsonTime
0.0150398419937
3.13269299897
0.0217560860328
0.015627614921
0.902602312039
0.0159914130345
0.014853236964
0.589414958959
0.0157686470775
0.0148490839638
0.0146991299698
5.01193033392
0.0184152300935
0.0146337100305
0.0153022870654
2.78903920099
0.0182986140717
0.0158192319795

layerTime
0.0118276280118
23.8618563741
0.0404799469979
0.012186757056
6.93187921797
0.0120768779889
0.012065810035
6.57393456995
0.0125177659793
0.0120456260629
0.0122583210468
42.331675544
0.0124226789922
0.011960534961
0.0120694199577
27.293366874
0.0122935909312
0.0122327610152

checksumTime
0.0112616389524
0.0122483009472
0.011788325035
0.0117439059541
0.0123257900123
0.0119661539793
0.0117917930475
0.0121742699994
0.0116085039917
0.0117350439541
0.0118511420442
0.0119722719537
0.0117098869523
0.0116827969905
0.0117736130487
0.0119032899383
0.0135712870397
0.0434090920025




layer number :  18
119.488158199
0.0869221520843

jsonTime
0.0152494980721
2.92733552901
0.0227572090225
0.0158158090198
0.833026321023
0.0152734820731
0.0145833889255
0.581988269929
0.0219279689481
0.0149761299836
0.014621644048
5.10101067403
0.0195150580257
0.0145456630271
0.0233719540993
2.533562636
0.0185963839758
0.0146744330414

layerTime
0.0122749719303
23.8508870109
0.0419538529823
0.0122287459671
7.02223667805
0.0120435670251
0.0120889010141
6.151495461
0.0120489640394
0.0122944239993
0.012012029998
42.873012592
0.0124477839563
0.011970871943
0.012099889922
26.8564224939
0.0123935419833
0.0120957499603

checksumTime
0.0119184470968
0.0123696490191
0.0125558059663
0.011710825027
0.0118517439114
0.0117067319807
0.0121079060482
0.0119033030933
0.0120417419821
0.0117808099603
0.0117137850029
0.0125003559515
0.0116045770701
0.0153504259652
0.0116977330763
0.0121912370669
0.0116739779478
0.038759417017




