layer number :  15
71.448384192
0.0792935969075

jsonTime
2.11117513396
0.016431453987
3.47028973
0.0162627409445
0.14567648503
0.428189275903
0.0340728869196
0.0201590199722
0.0166079660412
0.0180561719462
0.0183144500479
0.0319636330241
0.0161798560293
0.0171782700345
0.0157041710336

layerTime
21.771371546
0.0122410199838
33.257532043
0.0124529970344
1.84503917105
7.763166107
0.0128036109963
0.013137393049
0.0132000009762
0.012250615051
0.0123989519197
0.0123836939456
0.0121300120372
0.0124008039711
0.0122382799163

checksumTime
0.012536522001
0.0119190220721
0.0119119189912
0.0119299639482
0.0136726089986
0.0124249050859
0.0119384640129
0.0120904999785
0.0110539470334
0.0119928639615
0.0118625210598
0.0119078879943
0.0158200429287
0.0119479630375
0.0344866530504




layer number :  15
68.088744745
0.0770753499819

jsonTime
2.10642260395
0.0160474519944
2.89156589704
0.0161141150165
0.133508931031
0.416831686976
0.032217692933
0.0164541689446
0.0151114709442
0.0226517280098
0.0158249910455
0.0153747809818
0.015777739929
0.0156892199302
0.0313274459913

layerTime
21.634345897
0.0120357059641
30.931927238
0.0123155449983
1.64847731602
7.68152757606
0.0119607560337
0.0120954400627
0.0122262670193
0.0122364029521
0.0121304430068
0.0120907869423
0.0122250700369
0.0121985829901
0.0123754839879

checksumTime
0.0121349130059
0.0117970129941
0.0119933920214
0.0118644179311
0.012823269004
0.0122927220073
0.0114925180096
0.0117406169884
0.0117191330064
0.0118176370161
0.0117398690199
0.0118277410511
0.0119070770452
0.0121194560779
0.0425780520309




layer number :  15
68.269633065
0.0773480950156

jsonTime
2.07300032908
0.0153772929916
2.903129393
0.0176545769209
0.137233727961
0.40457718994
0.015387565014
0.0176638200646
0.0163840069436
0.0340300609823
0.0186697919853
0.0156120579923
0.0157848619856
0.0157247610623
0.0156613870058

layerTime
21.407688994
0.0121854640311
32.035083937
0.012957775034
1.66207044199
7.01398761803
0.0123161979718
0.0124008730054
0.0122402400011
0.0124613040825
0.0123797189444
0.0122228759574
0.0122179049067
0.0122462969739
0.0122641050257

checksumTime
0.012026389013
0.0116025289753
0.0142611650517
0.0117065430386
0.0118822900113
0.0118985250592
0.0119405159494
0.0119702880038
0.0141656519845
0.0119058910059
0.0119733860483
0.0119453960797
0.0118426840054
0.011885437998
0.0399265409214




layer number :  15
66.197269742
0.0772401050199

jsonTime
2.07016205904
0.015567352064
3.25998595497
0.0160658009117
0.130003381055
0.400784583995
0.0154103209497
0.0155966769671
0.0238251859555
0.0157565929694
0.0158761299681
0.0153163970681
0.0146232439438
0.0231109840097
0.0157324799802

layerTime
20.433752286
0.0121132939821
30.469342813
0.0121369160479
1.65472418698
7.16668293998
0.0121667570202
0.0121458469657
0.0122096040286
0.0122106480412
0.0123748860788
0.0123199229129
0.0121234609978
0.0121285560308
0.0122280130163

checksumTime
0.0124548919266
0.0119964870391
0.0119712660089
0.0117628129665
0.011871070019
0.0118979320396
0.0117377670249
0.0117881600745
0.0121415699832
0.0118042069953
0.0117554909084
0.0119121720782
0.0117726980243
0.0117873479612
0.0363017170457




layer number :  15
63.4063110091
0.0796102440218

jsonTime
2.06287640694
0.0154313489329
2.83413059905
0.0235143169994
0.133389565977
0.380434614955
0.0240980549715
0.0158058360685
0.0160817380529
0.0172167570563
0.0214277680498
0.0289528479334
0.0155979340198
0.0156080640154
0.0154421690386

layerTime
19.329158894
0.0120302860159
29.032294362
0.0122577790171
2.47551958205
6.51237989997
0.0122382630361
0.0122982219327
0.0122581899632
0.0125341590028
0.0139653789811
0.0122699750355
0.0125465840101
0.012170262984
0.0121449549915

checksumTime
0.0121879570652
0.0118102299748
0.0119472739752
0.011812265031
0.0118850279832
0.0117562020896
0.0118308858946
0.0119757050416
0.0122445599409
0.0119365690043
0.0121804049704
0.0119342809776
0.0119035650278
0.0118328359677
0.0418355970178




layer number :  15
61.668724961
0.0757826460758

jsonTime
1.90829962993
0.015395978
2.70353520091
0.0158113089856
0.130804097047
0.444915056112
0.0156821249984
0.0166406800272
0.0150970849209
0.0238392360043
0.0159504290204
0.0146965589374
0.0146750230342
0.0145621959819
0.0315933580277

layerTime
19.1437904311
0.0120706289308
28.8073982791
0.0117845989298
1.38137233292
6.52944513597
0.0120551800355
0.0120439229067
0.0120774920797
0.0122501150472
0.0120404140325
0.0120414959965
0.0122317060595
0.012058302993
0.0123992729932

checksumTime
0.0124456170015
0.0117473100545
0.0120337730041
0.0116945230402
0.0118818699848
0.0119373459602
0.0120644610142
0.0117236900842
0.0117420419119
0.0117837829748
0.0114293450024
0.0117245459696
0.0117552679731
0.0121019140352
0.0397909309249




layer number :  15
60.7454010231
0.22475632804

jsonTime
2.11529458803
0.0154344380135
2.96260066109
0.0165641220519
0.14802818303
0.446748845978
0.0158062040573
0.0148339009611
0.0151238449616
0.0219495319761
0.0157881879713
0.0145564420382
0.0193989400286
0.0153394009685
0.0317568710307

layerTime
18.929524634
0.0120559029747
27.077139979
0.0121437660418
1.41319289396
6.87870545604
0.0122938089771
0.012108964962
0.0120441450272
0.0122220449848
0.0117163059767
0.0119643319631
0.0133517580107
0.0120586310513
0.0122275609756

checksumTime
0.0125812309561
0.0121045489796
0.0119758949149
0.0116920779692
0.0119352639886
0.0122006719466
0.0123296750244
0.01176227408
0.0115092779743
0.0117087780964
0.0115758050233
0.0116729659494
0.0117779260036
0.0118728169473
0.0412166600581




layer number :  15
57.437476092
0.0768411989557

jsonTime
1.944244802
0.015063132043
2.91394051793
0.0162312310422
0.135403350927
0.429274694063
0.0153578609461
0.0156641850481
0.0156895699911
0.0225698280847
0.0163819449954
0.0156741150422
0.0158575800015
0.0156183510553
0.0311805800302

layerTime
17.859087626
0.012100588996
25.904813924
0.0122260389617
1.37316577206
6.25970160693
0.0120920040645
0.0121726009529
0.0120952300495
0.0120752649382
0.0121278379811
0.0121782809729
0.0121943539707
0.0121813910082
0.0123527339892

checksumTime
0.0120374279795
0.0119358360535
0.0124732620316
0.0118248560466
0.011867287918
0.0120596650522
0.0120507209795
0.0117710880004
0.0118071149336
0.0117089520209
0.011672573979
0.0118870680453
0.0119236189639
0.0119261989603
0.0342806410044




layer number :  15
58.725029642
0.0780116759706

jsonTime
1.987321147
0.0159274420002
2.85316360195
0.0162823109422
0.13195361197
0.419824869023
0.0154503789963
0.0154581409879
0.0150026290212
0.0241900219116
0.0160174450139
0.0144097319571
0.0146266119555
0.0154346419731
0.0311134509975

layerTime
17.884318906
0.0119400910335
26.999123201
0.0124827959808
1.42493435997
6.39833402506
0.0121071690228
0.0121458780486
0.0116361950058
0.0122419199906
0.0148428679677
0.0121110259788
0.0122638400644
0.0122626620578
0.0123269730248

checksumTime
0.0123510119738
0.0115732080303
0.0119823750574
0.011855523102
0.0119075389812
0.0121346008964
0.0117267910391
0.0117367459461
0.0120271550259
0.0117894600844
0.0125054930104
0.0117162270471
0.0118575079832
0.0119875969831
0.0399479710031




layer number :  15
57.4949176649
0.0741013470106

jsonTime
1.87586873502
0.0152344449889
2.81721469795
0.0164669129299
0.137291607913
0.399104777025
0.0154138189973
0.0156066529453
0.0152903930284
0.022531470051
0.0189905919833
0.0158891000319
0.015587111935
0.0158694409765
0.031145246001

layerTime
17.11384465
0.012039424968
26.698590533
0.0123702361016
1.63923013804
6.19442946999
0.012036528904
0.0121509149903
0.0121695079142
0.0121500319801
0.0124706460629
0.0122351259924
0.0122737670317
0.0123016639845
0.0123606621055

checksumTime
0.0124240280129
0.0120191740571
0.011767468066
0.0118227549829
0.011930320994
0.0118381930515
0.0118496230571
0.0117685700534
0.0117905540392
0.0118057529908
0.0119837189559
0.0119463059818
0.0119239870692
0.0119530819356
0.0352319919039




