layer number :  24
96.376588434
0.098990039085

jsonTime
2.99799897207
0.0218761930009
0.0156745329732
0.0146477801027
0.0150131639093
0.022269573994
0.961115357
0.0151350679807
0.0157815800048
0.0359564400278
0.0263561400352
0.0149926829617
0.0151967949932
0.0152876060456
0.0149866539286
0.032108354033
0.0326897440245
0.0169669819297
0.0157452829881
0.0163615460042
0.0314720410388
4.30654520297
1.34353629197
0.287573067937

layerTime
23.533207871
0.0404098790605
0.0121335409349
0.0119915679097
0.0120426070644
0.0122937979177
7.37557944492
0.0119788809679
0.0120654909406
0.0122483000159
0.0183791660238
0.0119855060475
0.0120618910296
0.0120314649539
0.0122137570288
0.012273704051
0.279569269973
0.0123173750471
0.0122952020029
0.0122644789517
0.0124127150048
39.471554929
10.580632468
4.17639475304

checksumTime
0.0122709448915
0.0117715690285
0.011731548002
0.0120630310848
0.0120009180391
0.0115986510646
0.0118029450532
0.0119945070473
0.0119058040436
0.0117104279343
0.0116947710048
0.011700733914
0.0116890589707
0.0116783460835
0.0119084679754
0.0118919899687
0.0120095449965
0.0119806010043
0.01200539805
0.011966260965
0.0119607560337
0.012946518953
0.0119035610696
0.0370410749456




layer number :  24
95.670345954
0.135955903912

jsonTime
3.11489629501
0.0224699099781
0.0156424590386
0.0147377420217
0.0147069679806
0.0147767649032
1.07433755998
0.0156393350335
0.0154938310152
0.0230523350183
0.0190446879715
0.0152228130028
0.0154864010401
0.0154810720123
0.0326502579264
0.0171090340009
0.032279441948
0.0169160380028
0.0163452849956
0.0321331059095
0.0160309479106
4.34271777398
1.13844207698
0.283525834908

layerTime
23.342071034
0.0414654379711
0.0122212739661
0.0121117769741
0.0120474279393
0.0120737469988
7.23848774703
0.011987825972
0.0123701409902
0.0122424319852
0.0182084169937
0.0120741360588
0.0121733099222
0.0123134820024
0.0123733499786
0.0126972810831
0.287044183002
0.0125035269884
0.0123153480235
0.0124726910144
0.0123230050085
39.291278239
10.7533402439
3.71458546701

checksumTime
0.0125117120333
0.0118708120426
0.0118022590177
0.0118138500256
0.0117885210784
0.0119462030707
0.0124296538997
0.0117761290167
0.0121468299767
0.0119257620536
0.0121220930014
0.0115618989803
0.0116263360251
0.0119883930311
0.0114726040047
0.0122225820087
0.0120385780465
0.0120912279235
0.0119925200706
0.0122015720699
0.011968352017
0.0148860590998
0.0154451230774
0.0401408980833




layer number :  24
96.221148693
0.102058163029

jsonTime
3.03189320897
0.0210415420588
0.015421140939
0.0149769220734
0.0153510461096
0.0148395140423
1.10544428602
0.015197638073
0.0154870629776
0.0225001440849
0.0201013740152
0.0150609359844
0.0161299419124
0.0160031949636
0.0294013740495
0.0150654909667
0.0251217670739
0.0151356420247
0.0155480449321
0.031118524028
0.0148904620437
4.13758382294
1.09844034701
0.276156548993

layerTime
23.279493331
0.0418950369349
0.0122936490225
0.0119554389967
0.0123250989709
0.0120083939983
7.86801394308
0.0121740049217
0.012259142939
0.0121716579888
0.018030168023
0.0120862290496
0.0123334070668
0.0121514369966
0.0122406029841
0.012025969103
0.128406289965
0.0120076599997
0.0122131590033
0.0124185029417
0.0114741909783
39.1635549101
11.1121846851
3.99291513395

checksumTime
0.0122774409829
0.0118256960995
0.0116940339794
0.0117277168902
0.0117915989831
0.0117889048997
0.0118542099372
0.0117191150784
0.0118141149869
0.0116390949115
0.0117765900213
0.0121787129901
0.0116549880477
0.0126635839697
0.0117545679677
0.0117309779162
0.0117170999292
0.0115644810721
0.011976356036
0.0117810319643
0.0115946390433
0.0141923358897
0.0126815090189
0.0364995349664




layer number :  24
98.726125855
0.10452916997

jsonTime
2.69595506694
0.02250834601
0.01548761304
0.014813672984
0.0159492349485
0.0146916530794
1.18233943894
0.0594268220011
0.0169685160508
0.0316355010727
0.0226863930002
0.0173812389839
0.0168755189516
0.0177702960791
0.0311190609355
0.0172254969366
0.0311703110347
0.0168176459847
0.0163014180725
0.0314219819847
0.015721873031
3.90053362702
1.30163394602
0.279285900993

layerTime
24.2269988151
0.0407246350078
0.0122013889486
0.0120276650414
0.0122548510553
0.0116770069581
7.67061722407
0.0118154250085
0.012325764983
0.0124270989327
0.0270553119481
0.0122511800146
0.012303909054
0.0202084229095
0.0124617980327
0.0122212470742
0.291194012039
0.0124858589843
0.0122630900005
0.0124064299744
0.012229601969
41.03794463
11.275117181
3.73584465391

checksumTime
0.0123559449567
0.011612119968
0.0116077610292
0.0119342940161
0.0113892739173
0.0118823510129
0.0120058900211
0.0116008009063
0.0119978199946
0.0118544020224
0.0119288270362
0.011978014023
0.0119041629368
0.0119251020951
0.0119473260129
0.0118973299395
0.0119489999488
0.0119407270104
0.0119071479421
0.0119219990447
0.0119367690058
0.0143304099329
0.0129335230449
0.0394010191085




layer number :  24
96.645970444
0.108360704966

jsonTime
3.06381567603
0.0625157309696
0.017341134022
0.0165679100901
0.015868079965
0.0156791020418
1.20738864096
0.0154675230151
0.017493785941
0.0323533529881
0.0235315569444
0.0166886158986
0.0168582929764
0.0166758450214
0.0319576530019
0.016806219006
0.0311649850337
0.0167798580369
0.0157765609911
0.031482327031
0.0159939680016
3.92141268903
1.11910306802
0.277470679022

layerTime
23.756012499
0.0420132010477
0.0124173829099
0.0122128969524
0.0123597020283
0.0134408950107
7.60710202507
0.0120401569875
0.0122728249989
0.0123650819296
0.0269729989814
0.0124106010189
0.0123484230135
0.0122474150266
0.0118415340548
0.012251307955
0.279831525986
0.0123244209681
0.0121608240297
0.012341126916
0.0124286019709
39.373108079
11.1948314829
3.71824055398

checksumTime
0.0118910979945
0.0117093740264
0.0120506290114
0.0118265619967
0.0118736589793
0.0117731019855
0.0123261909466
0.0118278160226
0.011955943075
0.0120168530848
0.0122737220954
0.0120456910226
0.0120264940197
0.0119731489103
0.011624517967
0.0119576740544
0.0119793349877
0.0118252550019
0.0119862919673
0.0122225000523
0.0120659649838
0.0119810460601
0.0119707590202
0.0399636679795




layer number :  24
97.556681034
0.100539961015

jsonTime
3.09607296798
0.021730309003
0.0219625380123
0.0160591969034
0.0156364620198
0.0157508959528
1.19304109202
0.0154080799548
0.0153804169968
0.0331574749434
0.0239053089172
0.0170761980116
0.0172575939214
0.0172518040054
0.0326230078936
0.0165911520598
0.0320186590543
0.0168968120124
0.0157292400254
0.0313509750413
0.0159339100355
4.2482205811
1.08113726799
0.275847266079

layerTime
23.9970022771
0.041763226036
0.00688811100554
0.01201980107
0.0122781340033
0.0122457080288
7.63640062499
0.012046107091
0.012046269956
0.0124296720605
0.0284312030999
0.0122721190564
0.0123828370124
0.012283614953
0.0123312970391
0.0123192499159
0.283191396971
0.0123205860145
0.0122587380465
0.012343668961
0.012265407946
39.840597797
11.095616353
3.72373035201

checksumTime
0.0124176089885
0.0118305609794
0.0106303140055
0.0117939159973
0.011912062997
0.0119343299884
0.0119881579885
0.0124866469996
0.01184108702
0.0120274520013
0.0122722499073
0.0119695690228
0.0118821470533
0.0119060020661
0.0119044199819
0.0119624510407
0.0119681860087
0.0119518819265
0.0119573218981
0.011945786071
0.0119390819455
0.0162495300174
0.0152427629801
0.0401127960067




layer number :  24
98.324114109
0.100564972963

jsonTime
3.1339916829
0.0218898599269
0.0157161039533
0.014576868969
0.0220049620839
0.0154548070859
0.851935827988
0.0168451510835
0.0153925459599
0.023561946
0.019036138081
0.0151476550382
0.0154027630342
0.0150917420397
0.0398701609811
0.0178885570494
0.032315584016
0.0166178869549
0.0166072549764
0.03119439492
0.0167246540077
4.44011797709
1.08281436097
0.275479503907

layerTime
24.116854832
0.0422435550718
0.0121397139737
0.0119284819812
0.0121297019068
0.012078724918
7.63188207301
0.012512051966
0.0121264610207
0.0121690230444
0.0184797359398
0.0120968359988
0.012150826049
0.0116673029261
0.0116782170953
0.0126984299859
0.285380307003
0.0123264649883
0.01224373898
0.0123408080544
0.0124042340321
39.8794541149
11.241153116
4.31690306205

checksumTime
0.0127798740286
0.0124670630321
0.0117451220285
0.0115558980033
0.0117892000126
0.0117727620527
0.0117743079318
0.011891650036
0.0117486829404
0.0117222659755
0.0116585890064
0.0119916559197
0.0117378289578
0.0114035250153
0.0112394508906
0.0116778550437
0.0120589520084
0.0120116720209
0.0118997370591
0.0119189469842
0.0119219499175
0.0165611900156
0.0156550410902
0.03918617405




layer number :  24
98.5193416841
0.0998818910448

jsonTime
2.70505259105
0.0216705159983
0.0158690599492
0.0145921489457
0.0143674230203
0.0153277629288
1.17797340604
0.015882650041
0.0162274569739
0.0225163620198
0.0191390030086
0.0155244179768
0.0173441360239
0.0177072540391
0.0315261939541
0.0168299080105
0.0320662190206
0.0167788220569
0.0156513550319
0.0318500470603
0.0165619290201
4.06848279701
1.20126094902
0.271224363009

layerTime
24.213699854
0.0421503300313
0.012167338049
0.011837896076
0.0121954309288
0.0122280709911
7.55163244193
0.0120707500027
0.0121321920305
0.0122015980305
0.0182915129699
0.0122733529424
0.0122956999112
0.01254659798
0.0120129659772
0.0122913150117
0.292447507964
0.0122584279161
0.0122275559697
0.0123522799695
0.0121947099688
40.520563374
11.392571009
4.06456398603

checksumTime
0.0127446829574
0.011841707048
0.0117230319884
0.011095150956
0.0118088111049
0.0121669810032
0.0134161440656
0.0117938659387
0.0118329270044
0.0117423399352
0.011757267057
0.0120023530908
0.0118710009847
0.0119976600399
0.0119808280142
0.011957522016
0.0119369029999
0.0119604590582
0.011922496953
0.0116914350074
0.0119355639908
0.016976809944
0.011528396979
0.0463651400059




layer number :  24
98.045653419
0.102250482072

jsonTime
2.77422917401
0.0218189000152
0.0154972670134
0.0148569099838
0.0146266829688
0.0147952780826
1.04469244601
0.0156593880383
0.0161199879367
0.032292484073
0.0243902610382
0.0166393690743
0.0172583130188
0.0171549259685
0.0166421610629
0.0331595300231
0.0322913059499
0.0168359979289
0.0157140059164
0.0313099749619
0.0159245650284
4.26454303297
1.10954603797
0.269334358978

layerTime
24.11476498
0.0418280099984
0.0121447360143
0.0120103289373
0.0120636459906
0.0120555639733
7.46743200696
0.0121012229938
0.0121138690738
0.0172369889915
0.0287005199352
0.0122311029118
0.0123050799593
0.0123211219907
0.0122982210014
0.0123937360477
0.284615501063
0.0122311990708
0.0121954251081
0.0124499680242
0.0123833320104
40.499444879
11.3110918381
3.82079813199

checksumTime
0.0123489709804
0.0122235069284
0.0118077950319
0.0117747370386
0.0117620090023
0.0117112949956
0.0139845430385
0.0118023119867
0.0117306899047
0.0122441119747
0.0121920889942
0.0119728040881
0.0119153619744
0.0119125880301
0.011942419922
0.0118806309765
0.0119897900149
0.0119096169947
0.0118855609326
0.0120869179955
0.0120350799989
0.0160285580205
0.012410877971
0.0366227739723




layer number :  24
100.415255448
0.103203939972

jsonTime
3.08796878206
0.0216116530355
0.0161687110085
0.0159036580008
0.0156328099547
0.0158474650234
1.19149277091
0.0154649289325
0.0154052870348
0.022729046992
0.0193298599916
0.0152816600166
0.0151945890393
0.015166520956
0.0222157109529
0.0176522880793
0.0328278759262
0.0172014530981
0.0156159790931
0.0320055870106
0.0157368850196
4.34739934502
1.13809394301
0.293846289045

layerTime
24.560178727
0.0404272610322
0.01208326302
0.012407599017
0.0122369820019
0.0123953239527
7.85388690908
0.0120496860472
0.0121254569385
0.0122371910838
0.0181699569803
0.0119793460472
0.0120855330024
0.011231758981
0.0118766019586
0.0122497288976
0.285359219066
0.0122821469558
0.0121954139322
0.0118362489156
0.0122861249838
40.874073216
11.3663960469
4.37901301996

checksumTime
0.0124740789179
0.0118683789624
0.0118216279661
0.0119501750451
0.0118821440265
0.0119637510506
0.0118479289813
0.0119155870052
0.0117136599729
0.0121957419906
0.011925808969
0.0117951689754
0.0117410969688
0.011629727087
0.0118274260312
0.0118783600628
0.0121940949466
0.0119871329516
0.0118868730497
0.0119006530149
0.0119064999744
0.0118691760581
0.0140809930163
0.0382314759772




