layer number :  21
77.7667848121
0.0980438970728

jsonTime
2.24013346108
0.0161388400011
0.600682982942
0.0299230220262
0.0147140410263
0.0146414829651
0.0147238819627
0.0145159459207
3.53400926699
0.0204501090338
0.235441386001
0.0192172649549
0.0233616640326
0.829910918023
0.0149440930691
0.0171654009027
0.0239888600772
0.0162111390382
0.0533349460457
0.0321771750459
0.0158751020208

layerTime
16.228987444
0.0120229159947
6.06421356404
0.0865362569457
0.0119777079672
0.0120522869984
0.012004080927
0.0119866250316
39.045326154
0.0454734329833
2.00800305197
0.0121090710163
0.01214850205
5.61134971294
0.012009389
0.0121230110526
0.0121982509736
0.0124913639156
0.341522093047
0.0123723979341
0.0122621270129

checksumTime
0.0121468399884
0.0122785500716
0.0118840429932
0.0117311619688
0.0116957790451
0.0122883830918
0.0117087410763
0.0116977760335
0.0119204689981
0.0116879800335
0.0119960700395
0.0154003909556
0.0120169909205
0.0118289330276
0.0162952200044
0.0164668769576
0.0117795789847
0.0120333220111
0.0120741429273
0.0119613460265
0.036460428033




layer number :  21
77.671757665
0.098063713056

jsonTime
2.067215855
0.0325048569357
0.614509641076
0.0302967519965
0.0149037430529
0.0153030660003
0.0136905490654
0.0133692469681
3.43382167304
0.0204349519918
0.276271203067
0.0160895209992
0.0219018949429
0.685586496023
0.0152905459981
0.0149985509925
0.0222206939943
0.0157437119633
0.0326343500055
0.0323201989522
0.0165618680185

layerTime
16.798822612
0.013323768042
6.05927275296
0.0851321340306
0.0121042520041
0.01202000794
0.0112399510108
0.0120702050626
38.41639037
0.0456211959245
2.466667125
0.012214428978
0.0120865351055
5.672931785
0.0120625629788
0.0120530750137
0.0121021360392
0.0119474290404
0.168868904002
0.0124294180423
0.0124950209865

checksumTime
0.0122049240163
0.012043052935
0.0120287389727
0.0118368139956
0.0118027729914
0.0116797899827
0.0109985179733
0.0119279049104
0.0119542260654
0.0118459779769
0.0126523210201
0.0118619049899
0.0120434219716
0.0129409879446
0.0117513809819
0.0122319980292
0.01175504399
0.0117674189387
0.011969858082
0.0120113639859
0.0463472639676




layer number :  21
78.008284554
0.0992980169831

jsonTime
2.11880349903
0.0222872879822
0.51443239802
0.0289725610055
0.0147191170836
0.0145577479852
0.0146576040424
0.0148819340393
3.46438363509
0.0211940000299
0.229398862924
0.0298857230227
0.0220839839894
0.819653764018
0.0148433380527
0.0152014030609
0.0226199860917
0.0148060850333
0.0319197989302
0.0270653129555
0.0159364639549

layerTime
16.76012395
0.0122037369292
6.03816963802
0.0850614629453
0.0118853119202
0.0119695810135
0.0121206539916
0.0121641589794
39.031371048
0.0456562699983
2.00474134309
0.012036785949
0.0120926420204
5.86246374995
0.0127506100107
0.0121815699385
0.0121465090197
0.0120312940562
0.154036934022
0.0122043089941
0.0123029670212

checksumTime
0.0124473080505
0.0117765800096
0.011726044002
0.0117120459909
0.0116222650977
0.0118089019088
0.011673422996
0.0118177649565
0.0140063409926
0.012144975015
0.0130082509713
0.0118704889901
0.0144015130354
0.0128481789725
0.0121903909603
0.0117685679579
0.0118411039002
0.0114838120062
0.0119365090504
0.0118169570342
0.0424165700097




layer number :  21
78.178297281
0.0988923650002

jsonTime
2.08653656801
0.0225907179993
0.588015584974
0.029740997008
0.014930682024
0.0147348319879
0.0145145279821
0.0145629280014
3.307324038
0.0242629069835
0.241023531067
0.0137137770653
0.0227547610411
0.802721630083
0.0147978549358
0.0159637600882
0.0220579770394
0.0148358200677
0.0326289720833
0.0314654220128
0.0158236899879

layerTime
16.760959355
0.0121392019792
6.06217466807
0.0861363880103
0.0119069799548
0.0120780799771
0.0119739510119
0.012040381087
39.063324619
0.0437327090185
2.22675769997
0.0118233519606
0.0161100619007
5.88583747391
0.0120997960912
0.0118107009912
0.0121112139896
0.0120223339181
0.151862708968
0.0132629569853
0.0122666900279

checksumTime
0.0137394060148
0.0119316319469
0.0113134739222
0.0123155600158
0.0120566950645
0.011793749989
0.0117444259813
0.0118195009418
0.0154903900111
0.0121410259744
0.0111695230007
0.0127420889912
0.0126830430236
0.0122402610723
0.0136722798925
0.0124980319524
0.0117506809765
0.0117609939771
0.01173624699
0.0123664169805
0.034351623035




layer number :  21
78.2276713039
0.101425061934

jsonTime
2.01524120499
0.022584568942
0.473710029037
0.0300788710592
0.0150229670107
0.0144983159844
0.015262002009
0.0147294389317
3.33684188302
0.0279236990027
0.221839028993
0.0286885449896
0.0225635619136
0.892556688981
0.0154607120203
0.0163147959393
0.0313807049533
0.0159861539723
0.0518785220338
0.0315794060007
0.0160932120634

layerTime
16.574321714
0.0122774920892
6.32816828589
0.0847841820214
0.0120272140484
0.0120526349638
0.0120240489487
0.011926004081
39.41790447
0.0524774009828
2.01357984904
0.012095581973
0.0120721720159
5.54477897496
0.0121336609591
0.0121160960989
0.0123789990321
0.0123086899985
0.339502885938
0.0123607299756
0.0122589359526

checksumTime
0.0126776980469
0.0116335119819
0.0119442869909
0.0118411679287
0.0116732210154
0.0118049880257
0.0118287850637
0.0116431009956
0.0120146219851
0.0140859739622
0.0119201269699
0.0125535581028
0.0127859980566
0.0130943380063
0.0128184170462
0.0118785799714
0.0119859640254
0.0120092040161
0.012183947023
0.0119722019881
0.0474037609529




layer number :  21
78.138870072
0.100305275992

jsonTime
2.091044039
0.0221268599853
0.516391696059
0.0300316610374
0.0147870159708
0.0150500829332
0.0146452089539
0.0148764499463
3.40868817398
0.0208730220329
0.245543280966
0.0159315969795
0.021966792061
0.835140394978
0.0178681230173
0.0149486260489
0.0217435850063
0.015451736981
0.0333068900509
0.0310544070089
0.0159947320353

layerTime
16.716384494
0.0121488749282
6.10034131701
0.0855770949274
0.0120800010627
0.0119774700142
0.0119858920807
0.0120276510715
38.976658188
0.0502722769743
2.21952083101
0.0119785910938
0.0121338079916
5.86927673907
0.0124692269601
0.0115591828944
0.0120950590353
0.0119964469923
0.151420666021
0.012386673945
0.0122303509852

checksumTime
0.0126109570265
0.0118295639986
0.0119037519908
0.0117738799891
0.0117461750051
0.0118117950624
0.0123285909649
0.0118299339665
0.0123807389755
0.013639301993
0.0131514259847
0.0116568359081
0.011741706985
0.0128951219376
0.011816872051
0.0118539590621
0.0117376539856
0.0118843619712
0.0118840029463
0.0119881150313
0.0413781380048




layer number :  21
79.176073648
0.101313454099

jsonTime
2.11417213699
0.0224929929245
0.504689457011
0.0294246349949
0.015031669056
0.0156046900665
0.0158178069396
0.0157214551
3.56976541795
0.020419314038
0.233205455006
0.0155113480287
0.0218661919935
0.794033435988
0.014779443969
0.0152729380643
0.0216834270395
0.019423138001
0.0328368709888
0.0218115949538
0.0156821719138

layerTime
17.25866526
0.0120691569755
6.36877781304
0.0854853040073
0.0116654699668
0.0122662889771
0.0122609670507
0.0122741919477
39.07673737
0.0457525749225
2.23268131597
0.0132896970026
0.012020805967
5.86804316507
0.0120511379791
0.0120910339756
0.0123850490199
0.0138556970051
0.15128987201
0.0120947950054
0.0122509220382

checksumTime
0.0128907120088
0.0121979110409
0.0112582179718
0.0119639899349
0.0114985239925
0.0119296000339
0.0119591049151
0.0119833920617
0.0118808830157
0.0118205690524
0.0130040720105
0.0121231649537
0.0117803009925
0.0129773049848
0.0117430899991
0.0117390409578
0.0119501280133
0.0127285330091
0.0119636179879
0.0120200080564
0.0454586379929




layer number :  21
78.761544578
0.0995477059623

jsonTime
2.00805638602
0.0219963979907
0.483086767956
0.0295084640384
0.0147467759671
0.0145690150093
0.0149114469532
0.0145805580541
3.32780951599
0.0213430750882
0.244232675992
0.0168062939774
0.0225817499449
0.688489199034
0.0153873419622
0.0155367719708
0.0218364830362
0.0149259810569
0.0332676949911
0.0315394460922
0.0161271799589

layerTime
16.8064846259
0.0121057019569
6.097626784
0.0848370119929
0.0120566030964
0.0120245660655
0.0121018270729
0.0120491009438
39.6430272791
0.0455387840047
2.48560526397
0.0120891500264
0.0120494600851
5.78781855304
0.0164967440069
0.012087880983
0.0121432950255
0.0121224039467
0.186341303051
0.0123946859967
0.0122987970244

checksumTime
0.0118861880619
0.0117467450909
0.0118329429533
0.0117765530013
0.0117382379249
0.0121725989738
0.0118881169474
0.0117865849752
0.011974680936
0.0118504839484
0.0163163180696
0.0118004269898
0.0118060099194
0.0128788820002
0.0128603630001
0.0120187239954
0.0118219439173
0.0116631300189
0.0119269499555
0.0121765160002
0.0366627729964




layer number :  21
77.2602604741
0.100107560982

jsonTime
1.88735649805
0.0225402259966
0.530379626085
0.0298052139115
0.0160329169594
0.0156603390351
0.0157646789448
0.0154815469868
3.61269187706
0.0206295760581
0.222740349942
0.0169230300235
0.0237238529371
0.698286297033
0.0153566800291
0.0150347040035
0.0216158390976
0.0161254459526
0.0515783840092
0.0314853849122
0.015813154052

layerTime
16.406620016
0.0120639239904
6.06029289099
0.102666442981
0.0122420400148
0.0121944209095
0.0123098629992
0.012179780053
38.779820538
0.045473409933
2.00414325297
0.0132156469626
0.0123843830079
5.65403905802
0.0120378909633
0.0120350760408
0.0119326899294
0.0122548770159
0.346270523965
0.0123888020171
0.0122600799659

checksumTime
0.0124600640265
0.0116470609792
0.0119378030067
0.01197026507
0.0119475600077
0.0119477880653
0.0118392120348
0.0120972659206
0.0126067559468
0.0117458940949
0.011903289007
0.0180811340688
0.0113656719914
0.013779817964
0.0118802309735
0.0117732819635
0.0116227730177
0.0119466030737
0.0119777970249
0.0120087410323
0.0491151280003




layer number :  21
77.0830015469
0.0973408339778

jsonTime
1.98984236608
0.0159062349703
0.499348858022
0.0222229970386
0.0148561279057
0.0154533199966
0.0153212959412
0.0314990190091
3.48293197807
0.0218162409728
0.235503760981
0.0152335950406
0.0215575670591
0.700778583996
0.0183533460367
0.0159334290074
0.0215246040607
0.0141171190189
0.0324111250229
0.0316807640484
0.0169157419587

layerTime
16.453315954
0.0119992520195
6.09877042705
0.0896104050335
0.0120127740083
0.0119481760776
0.0121881000232
0.0123699050164
38.401292261
0.0487881129375
2.35918386199
0.0123126900289
0.0120776440017
5.68792477401
0.0127416159958
0.0116931349039
0.0121412089793
0.0119965879712
0.152282677009
0.0123430120293
0.0126704720315

checksumTime
0.012299397029
0.011740730959
0.0115000489168
0.0122966310009
0.0116907689953
0.012050379999
0.011994533008
0.011977233924
0.0135142670479
0.0118335420266
0.012749652029
0.0117027239176
0.0172931930283
0.0159288749564
0.0115651160013
0.0111156050116
0.0112430410227
0.0115503449924
0.0115440909285
0.0120193189941
0.0444263959071




