layer number :  6
85.660556617
0.060500938911

jsonTime
1.54786089098
0.0151507579722
0.0156277780188
0.194997521001
0.0174960520817
5.76772852405

layerTime
11.909763193
0.0122475610115
0.0141375348903
2.09235927905
0.0169982649386
63.885137577

checksumTime
0.0121444229735
0.0123558470514
0.0118355420418
0.0119054819224
0.0120604420081
0.0396301459987




layer number :  6
86.507781291
0.0600397540256

jsonTime
1.56188749406
0.0219819609774
0.0150883350288
0.199589043041
0.0174272359582
6.15521856898

layerTime
11.79287673
0.0121758270543
0.0120285779703
2.12816786394
0.016916380031
64.411442964

checksumTime
0.0120385789778
0.012054680963
0.0116926640039
0.0121492050821
0.0119699509814
0.0324037120445




layer number :  6
85.9776221571
0.0584165060427

jsonTime
1.55211235408
0.0151656029047
0.0148516769987
0.199729033047
0.0190780229168
6.119680929

layerTime
11.6928697879
0.0121393899899
0.012017754023
2.09801664297
0.0363130080514
64.036171489

checksumTime
0.0123414720874
0.0117462290218
0.0117255819496
0.0117718430702
0.0119665949605
0.0408535930328




layer number :  6
85.7728010321
0.0580435791053

jsonTime
1.561111624
0.0157475110609
0.0155300650513
0.202781522996
0.0173508910229
5.98892270902

layerTime
11.799586572
0.0119263420347
0.0120804669568
1.78245055792
0.0166364910547
64.18665832

checksumTime
0.0120164019754
0.0118489979068
0.011597466073
0.0118407360278
0.0118057949003
0.0342053240165




layer number :  6
86.612427344
0.0586322440067

jsonTime
1.59481037501
0.0150244110264
0.0146460040705
0.198015318019
0.0172219990054
6.34254256997

layerTime
11.814618265
0.0120641849935
0.0120259310352
2.09930742299
0.0169506929815
64.301946474

checksumTime
0.0121379379416
0.0117166669806
0.0116630909033
0.0118951400509
0.0127482840326
0.0438271509483




layer number :  6
86.422131967
0.0538843229879

jsonTime
1.49438479694
0.0152328959666
0.0134307499975
0.205815181951
0.0176835539751
5.80999473494

layerTime
11.9622696911
0.0114592229947
0.0118243569741
2.45684871799
0.0176133880159
64.2507304751

checksumTime
0.0121397490148
0.0109801969957
0.0116658430779
0.0121279549785
0.0111666490557
0.0323955690255




layer number :  6
86.3183330511
0.0587071049958

jsonTime
1.58553312591
0.0217466719914
0.0147511460818
0.195139736054
0.0169994889293
5.69795318297

layerTime
11.7705896441
0.0121870769653
0.0119522879831
2.34763648105
0.0172481540358
64.463893844

checksumTime
0.0119495049585
0.0117660500109
0.0117457609158
0.0118948459858
0.0116520579904
0.0342149760108




layer number :  6
86.0651751719
0.0572032330092

jsonTime
1.50679995003
0.0159689359134
0.0150166769745
0.199520647991
0.024645798956
5.990241208

layerTime
11.9753030139
0.0121297670994
0.0120725140441
2.34489415505
0.0267887059599
63.7819692481

checksumTime
0.0116805870784
0.0120200179517
0.0117538539926
0.0117776619736
0.0114946810063
0.0332518909127




layer number :  6
87.005973973
0.0949238119647

jsonTime
1.56992905308
0.0149713200517
0.0145446669776
0.205971027026
0.0202310670866
6.4446478571

layerTime
11.816433831
0.01212059299
0.0120007459773
2.10697940702
0.0229484119918
64.566813929

checksumTime
0.0120498229517
0.0117528289557
0.0117270910414
0.0124039659277
0.0121851979056
0.0326662189327




layer number :  6
86.0999637659
0.0580384900095

jsonTime
1.4726099259
0.0154718089616
0.0153620719211
0.20179982495
0.025996702956
5.77704711608

layerTime
11.9632682961
0.0120781200239
0.0119701470248
2.41439786507
0.0170674310066
64.0107460379

checksumTime
0.0123383220052
0.0117619920056
0.0117607710417
0.0122063929448
0.0118309319951
0.0334880669834




