layer number :  24
68.126610753
0.102710049017

jsonTime
0.0319235409843
2.07789500197
0.0151743580354
0.0158700150205
3.94675172702
0.0384192719357
0.0157720319694
0.0159612590214
0.0149528220063
0.031454949989
0.01588416507
0.0156742570689
0.437641863013
0.0170337599702
0.0148663339205
0.142052926938
0.0148971939925
0.0148365829373
0.0336996900151
0.524536186946
0.0229508910561
0.0148214800283
0.0146593649406
0.0187584899832

layerTime
0.0124058560468
17.5753202441
0.0120492889546
0.0122687240364
34.0048737869
0.0125546930358
0.0122945420444
0.0122602810152
0.0122627369128
0.0124013900058
0.0122536309063
0.0122868539765
3.38712246798
0.0122515420662
0.0120306230383
1.55728925706
0.0121090279426
0.0122578400187
0.0122926410986
3.42788141908
0.0125678939512
0.0120536689647
0.0119989051018
0.0129375190008

checksumTime
0.0119562559994
0.0121829549316
0.0117471499834
0.0119292340241
0.0120310080238
0.0120171440067
0.0119852939388
0.0126643100521
0.0119741680101
0.0120379530126
0.0120947880205
0.0120305250166
0.0120426169597
0.011743266019
0.012381009059
0.0121611249633
0.012020342052
0.0119499029825
0.0119851069758
0.0118463649414
0.0121285900241
0.0117158989888
0.0160541379591
0.039980327012




layer number :  24
67.438876193
0.104020091007

jsonTime
0.0471174150007
1.83687860903
0.0152619080618
0.0146025250433
3.5593567919
0.0166919949697
0.014616105007
0.0147719850065
0.0153588299872
0.015637949924
0.0162158929743
0.0315326380078
0.395006153965
0.0177281750366
0.0156709109433
0.125728617073
0.0157477851026
0.0148714530515
0.0169020019239
0.428685195977
0.0168218859471
0.0156879180577
0.0365270050243
0.016454965109

layerTime
0.0123843279434
17.287515508
0.0123657579534
0.011977233924
34.0897672401
0.0127948060399
0.0124190369388
0.0120897070738
0.0120121150976
0.0121250139782
0.0123690840555
0.0124053539475
3.51280770102
0.0194641120033
0.0121802500216
1.53617943393
0.0119877529796
0.01194312796
0.0122810050379
3.61022830999
0.0122565340716
0.0126254229108
0.0145218799589
0.0123566829134

checksumTime
0.0119776760694
0.012246753904
0.0117550250143
0.0117046860978
0.0122613919666
0.0109773320146
0.0118374129524
0.0117403599434
0.0115884219995
0.0120189400623
0.011878862977
0.0120174770709
0.0205934069818
0.0120409230003
0.0120050299447
0.0119485399919
0.0118678399595
0.0157061020145
0.0118310360704
0.0117145819822
0.0119272989687
0.0121658480493
0.0121547379531
0.0453234410379




layer number :  24
66.211420318
0.102839716943

jsonTime
0.0154680990381
1.99075405102
0.0165460249409
0.0149449460441
3.26514776307
0.017374699004
0.022005293984
0.0149327199906
0.014800573932
0.0155032880139
0.0149117519613
0.0224299720721
0.351702657994
0.025243815966
0.0147388980258
0.137323551928
0.0233972609276
0.0148102870444
0.0175192839233
0.502836055006
0.0153545050416
0.0151399810566
0.0148274180247
0.0216859179782

layerTime
0.0123940719059
17.20933427
0.0119853731012
0.0119413560024
33.398218612
0.0122825319413
0.0121156390524
0.0121428179555
0.0120704170549
0.0119237590116
0.0121639530407
0.0123796409462
3.34322053497
0.0122638959438
0.0120094818994
1.51605914207
0.0121466499986
0.0121067139553
0.012340777088
3.50352317002
0.0120296370005
0.0119593240088
0.0119867629837
0.0120895269793

checksumTime
0.0119897790719
0.014017960988
0.0116303289542
0.0117246889276
0.011932333
0.0116917400155
0.0118347570533
0.0118570360355
0.0117544559762
0.0115829829592
0.0117871089606
0.0118147850735
0.0141531430418
0.0116900440771
0.011806574068
0.0138446839992
0.0116818200331
0.0121115860529
0.0117997749476
0.0127778529422
0.0128979559522
0.0117678039242
0.0119996260619
0.0375839320477




layer number :  24
67.2738791781
0.0968651620205

jsonTime
0.0317567030434
2.03762594296
0.0151715500979
0.0144913289696
3.40605602798
0.0166910090484
0.0153301579412
0.0146844179835
0.0231544680428
0.0152226540959
0.0151117009809
0.0156581809279
0.44016871904
0.0155324320076
0.0220501869917
0.132399021997
0.0157242449932
0.0220910810167
0.0184938189341
0.507568200934
0.0157793289982
0.0145447369432
0.0147081540199
0.0170378970215

layerTime
0.0123311009957
17.611327796
0.0118413149612
0.0120654059574
34.02171131
0.0122052510269
0.0120046610245
0.0123156639747
0.0122162619373
0.0120742579456
0.0122547589708
0.0122707310366
3.14646463899
0.0121052809991
0.0124791810522
1.53328021604
0.0123007720103
0.0121109570609
0.0123413950205
3.45039977506
0.012032796978
0.0120384210022
0.0119964489713
0.0123671869515

checksumTime
0.011389750056
0.0119979159208
0.0118318280438
0.0117656600196
0.0119309719885
0.0118857959751
0.011679947027
0.0117807839997
0.0122986669885
0.0117944070371
0.0119547210634
0.0119941949379
0.0118691719836
0.0117257899838
0.0121732630068
0.0136801860062
0.0117543229135
0.0119741919916
0.0119631880661
0.0119178619934
0.0117542470107
0.0117380319862
0.0165711550508
0.0352799320826




layer number :  24
66.60307509
0.0986770070158

jsonTime
0.0319406630006
1.88921981305
0.0150450050132
0.0146599110449
3.72634338401
0.0166438989108
0.0146854550112
0.0146758180344
0.0145214759978
0.014722959022
0.0145814820426
0.0219377179164
0.399342435994
0.0154557650676
0.015496741049
0.135909918929
0.0147936620051
0.0141423960449
0.0177247080719
0.503282347927
0.0152288610116
0.0155420630472
0.0218714280054
0.0153553569689

layerTime
0.0119495390682
17.301175847
0.0120546270628
0.0119680999778
33.7482499939
0.0120191270253
0.0120689299656
0.0120172059396
0.0121030220762
0.012035561027
0.0120280639967
0.0121564579895
3.04267800401
0.0119820659747
0.0120683510322
1.244381228
0.0120561050717
0.0120273189386
0.0123680459801
3.61848405411
0.0136205470189
0.0123554579914
0.0121090339962
0.0120320579736

checksumTime
0.0116962769534
0.0123420599848
0.0117672609631
0.0117393640103
0.0121957371011
0.0115245500347
0.0114658439998
0.0117783260066
0.0119917439297
0.0117045029765
0.0117355620023
0.0117905550869
0.0284676349256
0.0118117559468
0.0120192139875
0.0120778320124
0.0116729849251
0.0119771850295
0.0119801249821
0.0119746249402
0.0146666659275
0.0117236210499
0.0118060120149
0.0428533769445




layer number :  24
64.983645201
0.101805432932

jsonTime
0.0320053450996
2.01732795802
0.0157874139259
0.0146353270393
3.12638654804
0.0165568239754
0.0143094670493
0.0146918449318
0.0144068420632
0.014412608929
0.0153682869859
0.0217198899481
0.296860235045
0.0152540609706
0.0147657330381
0.129748564912
0.0150579260662
0.0158237329451
0.0157457309542
0.37415869406
0.0200547160348
0.0148454610026
0.0227815790568
0.0148412300041

layerTime
0.0124149059411
16.661521827
0.0120864399942
0.0119596170262
33.996922608
0.0120386689669
0.0121026749257
0.0121719350573
0.0119869150221
0.0119282840751
0.0119364620186
0.0118876909837
2.84780695802
0.0116296319757
0.0115951069165
1.24198114208
0.0120399839943
0.0125658710022
0.0120864909841
3.29679974099
0.0143446109723
0.0120673719794
0.0121682679746
0.0120196369244

checksumTime
0.011995295994
0.0126539090415
0.0118030320155
0.0118185329484
0.0120782949962
0.0116109240334
0.0115983970463
0.0117218899541
0.0117106749676
0.0116484039463
0.0116594000719
0.0119881579885
0.0185975820059
0.0120035710279
0.0114581130911
0.0119576809229
0.0121132140048
0.0117215990322
0.0134269510163
0.0119200459449
0.0121241810266
0.011784177972
0.0116544640623
0.046812215005




layer number :  24
66.4515262051
0.102113471017

jsonTime
0.015395001974
1.86929694901
0.0153300350066
0.0146000769455
3.41919150797
0.0167392179137
0.0217818759847
0.015719330986
0.0147738569649
0.0144750979962
0.0230885439087
0.0313466750085
0.413285279996
0.0225043450482
0.0167348070536
0.156666668016
0.0221322079888
0.014682871988
0.015677761985
0.502936603036
0.0160851069959
0.0158043369884
0.0157309549395
0.0343017380219

layerTime
0.012226774008
16.937996072
0.0120773110539
0.0121134060901
33.511127354
0.0121601680294
0.0121543760179
0.0120395730482
0.0120591149898
0.0120494560106
0.012231141096
0.0123667540029
3.46070671803
0.0120219179662
0.0124789519468
1.66888958495
0.0120784459868
0.0120572149754
0.0121708950028
3.49244555004
0.0122867911123
0.0122889881022
0.0123204380507
0.0165731000016

checksumTime
0.01194786001
0.0124329789542
0.0117405829951
0.0118491359754
0.0118979620747
0.0117512600264
0.0118185109459
0.012232586043
0.0117082130164
0.0117678400129
0.0120111209108
0.0120455450378
0.0117497119354
0.0121003029635
0.012335099047
0.0118325310759
0.0117271139752
0.0120517211035
0.0117927949177
0.0120789709035
0.0120476199081
0.0122329290025
0.0119114439003
0.0384481550427




layer number :  24
66.071396045
0.0987863469636

jsonTime
0.0316491250414
2.03220558097
0.016653206083
0.0152319970075
3.501825121
0.0164377320325
0.0146287500393
0.0147132759448
0.0220255230088
0.014618391986
0.0149448430166
0.0145978699438
0.427046983968
0.015437369002
0.0294282309478
0.125498805079
0.0151034899754
0.0236202710075
0.0167019229848
0.386116019916
0.0153131589759
0.016031416948
0.0145702461014
0.0146695999429

layerTime
0.0123044319917
17.0337389461
0.0121730680112
0.0121718610171
33.643911518
0.0119992740219
0.0120588749414
0.0120141709922
0.0123825559858
0.0118438981008
0.0121830010321
0.012036332977
3.44782714697
0.0121641670121
0.0117367519997
1.12257788994
0.0121069920715
0.0177829529857
0.0122880389681
3.3487670701
0.0120397639694
0.0123887909576
0.0120093069272
0.0120918119792

checksumTime
0.0119812589837
0.0122068749042
0.0117509879638
0.0118943399284
0.0119014859665
0.0115286499495
0.0117474420695
0.0118011380546
0.011845440953
0.0115878939396
0.0117688740138
0.0120016620494
0.0119756520726
0.0121635049582
0.0117126120022
0.0117726710159
0.0118192170048
0.0132279089885
0.0120767330518
0.0114935559686
0.0142976430943
0.0118393159937
0.0118229710497
0.0440545980819




layer number :  24
66.3215041769
0.100690503023

jsonTime
0.0324478049297
1.81306877395
0.0152232290711
0.0147316579241
3.40314771398
0.0161887489958
0.0146274309373
0.014664205024
0.0156289229635
0.0157095169416
0.015803159913
0.0314408009872
0.409723395016
0.0155931669287
0.0146031919867
0.141770751914
0.0151369189844
0.015553263016
0.0157657399541
0.43790506199
0.0156414429657
0.0147927619983
0.0315019299742
0.0161266220966

layerTime
0.01236741303
17.048341479
0.0126098019537
0.0123768540798
33.5539964631
0.0122442169813
0.0121039120713
0.0122604219941
0.012256075046
0.0121868090937
0.0122372030746
0.0125193670392
3.44117508596
0.0123839740409
0.0120591620216
1.51710096106
0.0120940629859
0.0125512349186
0.0122204930522
3.54591308697
0.0121021920349
0.0120857669972
0.0124151250347
0.0123953559669

checksumTime
0.0119840200059
0.0122897389811
0.0112809940474
0.0121107839514
0.0120171479648
0.0117242470151
0.0117635809584
0.0119617059827
0.0120007640216
0.0121344689978
0.0118912539911
0.0119985749479
0.0196788690519
0.0116160470061
0.0119885830209
0.0119237520266
0.0120527070248
0.0118400410283
0.0118698920123
0.0132592980517
0.0117557779886
0.0120437110309
0.0120225069113
0.0399799159495




layer number :  24
66.269533896
0.103708354989

jsonTime
0.0152557590045
1.99884871696
0.0152749130502
0.01580766798
3.11573577893
0.0157992010936
0.0219611900393
0.0149277349701
0.0146409800509
0.0145862740465
0.014921855065
0.0219350859988
0.402533042012
0.0247300770134
0.0149143880699
0.158415418002
0.0224264069693
0.014739478007
0.0156605379889
0.509433357045
0.0171671439894
0.016178925056
0.0164104850264
0.0313612560276

layerTime
0.0122340009548
17.5810049151
0.0121221139561
0.0121055140626
32.8499167841
0.0121614499949
0.0121544559952
0.0120707680471
0.0119477889966
0.0120057449676
0.012020441005
0.0121175439563
3.50798365602
0.0134827949805
0.0120354309911
1.69523184199
0.0120317019755
0.0119988590013
0.012084219954
3.44302929996
0.0121639270801
0.012283160002
0.012345407973
0.0124039709335

checksumTime
0.0119551230455
0.0122286289698
0.0118058900116
0.0118267049547
0.0116651859134
0.0117303569568
0.0120732199866
0.0116692179581
0.0117697509704
0.0121298779268
0.0117198160151
0.0118103820132
0.0118981800042
0.0121945089195
0.0118115349906
0.0122931000078
0.0118262560572
0.0117352670059
0.015968622989
0.015591301024
0.0119981649332
0.0120261209086
0.0119999570306
0.0408424240304




