layer number :  23
43.0683783321
0.100607241038

jsonTime
0.0319741410203
2.77973433898
0.0300186850363
0.0188346790383
0.017813926097
0.352300761966
0.0154991659801
0.014609217993
0.175266579958
0.0195234740386
0.310989693971
0.0166201450629
0.0162518679863
0.0329104369739
0.016551317065
0.0168096700218
0.0182333179982
0.030999724986
0.0157197410008
0.0156046390766
0.0156395609956
0.0159249319695
0.0315432329662

layerTime
0.0124156149104
29.3181411601
0.0817495639203
0.0124044950353
0.0122972339159
4.00543226802
0.0120943960501
0.0120350880316
2.00590440701
0.0119654439623
3.00963218894
0.0121885839617
0.0122331670718
0.0122945110779
0.0123448970262
0.0123918879544
0.0123088849941
0.0123664359562
0.0122667989926
0.0122207149398
0.0122703079833
0.0122669209959
0.0124212369556

checksumTime
0.011916043004
0.0124065380078
0.0120045699878
0.0120048389072
0.0118791740388
0.011913356022
0.0117325369501
0.0119474700186
0.0119174269494
0.0116729061119
0.0119552239776
0.0118982460117
0.0119283859385
0.0119332969189
0.0119997609872
0.011856660014
0.0119232659927
0.0119629970286
0.0119180500042
0.0119536420098
0.0119501650333
0.011984677054
0.0434063790599




layer number :  23
47.0053384609
0.115455515916

jsonTime
0.0153489799704
3.07628836995
0.0291850200156
0.0195238839369
0.0172244179994
0.291775872931
0.0147702390095
0.0220914599486
0.156494876952
0.0308910460444
0.268577894079
0.0154515199829
0.0148279579589
0.0156022190349
0.0156629319536
0.022383359028
0.0156835459638
0.0145922430092
0.0146465679863
0.0216859920183
0.0147239130456
0.0147377200192
0.0156241150107

layerTime
0.0122057379922
32.613105413
0.051215232932
0.0123515710002
0.0122748139547
4.14018383005
0.0117661879631
0.0122106850613
2.01827021909
0.012082475936
3.38974266301
0.0121034410549
0.0119956240524
0.0122664709343
0.0120648170123
0.0121676209383
0.0121898991056
0.0119836460799
0.0123137049377
0.0120827290229
0.0120787939522
0.0120615019696
0.0121537449304

checksumTime
0.0119375340873
0.012435482
0.0119906050386
0.0120919740293
0.0119510371005
0.0119258329505
0.0119118690491
0.0118777269963
0.0119380229153
0.0117850370007
0.0121931609465
0.0117760070134
0.0119617369492
0.0118085190188
0.011861843057
0.011800909997
0.0117043089122
0.0120755609823
0.0117903969949
0.011793173966
0.0118038490182
0.0119226890383
0.048220259021




layer number :  23
46.6216056531
0.102088073036

jsonTime
0.0325698259985
3.12778428104
0.0218218360096
0.0160785620101
0.0228412719443
0.245912340004
0.0148698940175
0.0146088039037
0.181367026991
0.0164577129763
0.314663634985
0.0152036020299
0.0159093249822
0.0328569390113
0.0164842669619
0.0165669950657
0.0181225980632
0.0318761009257
0.0156788199674
0.0155162429437
0.0167087400332
0.0156952190446
0.0313245530706

layerTime
0.0124064079719
32.449839146
0.0404747769935
0.012163421954
0.0122166749788
3.71298832295
0.0120587750571
0.0121794400038
1.94948658603
0.0123665409628
3.57772714004
0.0121050400194
0.0122618440073
0.0123956030002
0.0122556389542
0.0130555249052
0.0123461439507
0.0122856710805
0.0122055599932
0.0118940040702
0.0121885929257
0.0121939959936
0.0123009399977

checksumTime
0.0121299190214
0.0124086069409
0.0116809060564
0.0121499970555
0.0117205940187
0.0118856190238
0.0117622429971
0.012084290036
0.01211405301
0.0119631850393
0.0118063519476
0.012117155944
0.0119468700141
0.0119837480597
0.0119190430269
0.0113761610119
0.0119264810346
0.0119209300028
0.0122091260273
0.011900966987
0.0119285800029
0.0119131589308
0.0436530950246




layer number :  23
45.796141465
0.0997172190109

jsonTime
0.0330027819145
2.83532894705
0.0217543300241
0.0159843340516
0.022474923986
0.282820009044
0.01521262608
0.026533636963
0.164604559075
0.0181462850887
0.265787375043
0.0150768229505
0.0139430559939
0.0226033339277
0.0152131920913
0.0151765149785
0.0159084360348
0.0216364300577
0.0145882680081
0.0148774469271
0.0157480320195
0.0162429029588
0.0311954079662

layerTime
0.012267536018
32.453197552
0.0417686220026
0.0120674689533
0.0123118029442
3.33502832893
0.0120612349128
0.0116795670474
2.00992141198
0.0119917729171
3.40177829796
0.0119729751023
0.0119767800206
0.0120735870441
0.0128802449908
0.0121814609738
0.0121239490109
0.0120550870197
0.0119790689787
0.0119698620401
0.0121924879495
0.0122020590352
0.0123024480417

checksumTime
0.0119743919931
0.0126380259171
0.0114035339793
0.0116586810909
0.0120895010186
0.0121195489774
0.0117741820868
0.0118763179053
0.0117943219375
0.0117401099997
0.0117178510409
0.0113141639158
0.0116563780466
0.0117196879582
0.012036022963
0.0116355710197
0.0116989079397
0.0117271009367
0.0116560180904
0.0117053569993
0.011898724013
0.0119050600333
0.0520948639605




layer number :  23
43.689262345
0.101357189007

jsonTime
0.0327706150711
2.72140207991
0.0299043459818
0.0187865759945
0.0361398450332
0.305814109975
0.0148338299477
0.0145718149142
0.186199293006
0.0283070550067
0.369496959029
0.0152616710402
0.0151789210504
0.0176525370916
0.0162757920334
0.0317955069477
0.0183193850098
0.0157143500401
0.0159616250312
0.0263123459881
0.0310128999408
0.0147089440143
0.0155645799823

layerTime
0.0124019429786
29.4148679031
0.081238179002
0.0123784699244
0.0123214269988
4.01583680802
0.0120121830842
0.0120496620657
2.021306535
0.0121811360586
3.538116546
0.0121518619126
0.0126602998935
0.0115829629358
0.012302392046
0.01229577302
0.0124616059475
0.0122473769588
0.0121949180029
0.0118259410374
0.0114733540686
0.0117737739347
0.0122004930163

checksumTime
0.012009521015
0.0125383679988
0.0119481619913
0.0119077709969
0.0119611100527
0.0118627269985
0.0116878330009
0.0117612589383
0.0118981719716
0.0120465829968
0.0119952639798
0.0117600150406
0.012144976994
0.0120367279742
0.0117700049886
0.0120240480173
0.0119241940556
0.0119477469707
0.0119066629559
0.0119254980236
0.0112465979764
0.0118655470433
0.0331776660169




layer number :  23
45.2929076799
0.102184429998

jsonTime
0.0155209630029
3.22710448597
0.0217607159866
0.0161091609625
0.0223456609529
0.244711086969
0.0152330240235
0.0145994209452
0.170614044997
0.0224117320031
0.283190847957
0.0152782199439
0.0148790630046
0.0222577939276
0.0157470890554
0.0167624030728
0.0183625300415
0.0312145490898
0.0156829040498
0.0156305650016
0.0155231660465
0.0156647940166
0.0310483860085

layerTime
0.0123000709573
31.2736264979
0.0405021060724
0.012208799948
0.0121537270024
3.46926278796
0.0121052560862
0.011990357074
2.00520015298
0.0120392900426
3.57307806506
0.0120432850672
0.0119501680601
0.0120863340562
0.0120370829245
0.0121978069656
0.012295498047
0.0122810649918
0.0125082490267
0.0121337949531
0.0121767409146
0.0121941729449
0.012328141951

checksumTime
0.0119938310236
0.0122299590148
0.011896578013
0.011884567095
0.0117038390599
0.0123420619639
0.0118149409536
0.0118440949591
0.0118483930128
0.0119509829674
0.0118879739894
0.0116414439399
0.0116961320164
0.0117158419453
0.0116719850339
0.0119162049377
0.0118880749214
0.0118767449167
0.0119933480164
0.0118585299933
0.0118951690383
0.0119134100387
0.0562341340119




layer number :  23
45.708005553
0.117880787933

jsonTime
0.0151665729936
2.73604322597
0.0450276320335
0.0191298610298
0.0172618799843
0.29085670202
0.0151724430034
0.0219275270356
0.160143448971
0.0156921839807
0.28274971596
0.014958991087
0.0149193870602
0.0152082310524
0.0165362330154
0.0323863539379
0.0183021989651
0.0155298840255
0.015131963999
0.0308528849855
0.0152913889615
0.0143516359385
0.0143460560357

layerTime
0.0123271699995
31.375926939
0.0844255400589
0.0124201979488
0.0122804410057
4.0744857
0.0119807639858
0.0122473019874
2.018352782
0.0120867840014
3.67064808798
0.0121128819883
0.0120839719893
0.0120538349729
0.0122470019851
0.012304413016
0.012390066986
0.0121149829356
0.0118471030146
0.0122459189733
0.0113951979438
0.011403189972
0.0122147259535

checksumTime
0.0121317250887
0.0124366669916
0.0120272899512
0.0119990380481
0.0120366369374
0.0116793049965
0.0116976400604
0.0119801739929
0.0118576349923
0.0117720550625
0.0121512099868
0.0119605419459
0.0117403789191
0.0119932610542
0.0119285410037
0.011949828011
0.0120209080633
0.0119453700026
0.0119276460027
0.0117696950911
0.0112373970915
0.011187408003
0.039445704082




layer number :  23
43.603039491
0.0995754599571

jsonTime
0.0327614230337
2.96101270197
0.0215550219873
0.0187858609715
0.0329455588944
0.295033792965
0.0149330939166
0.0146223580232
0.166067166952
0.0226203430211
0.286347402027
0.0150949900271
0.0146713390714
0.0224877269939
0.0152088679606
0.0151080219075
0.0155377379851
0.0146994040115
0.0217646179954
0.0143944480224
0.0144170669373
0.0142662730068
0.0144286069553

layerTime
0.0123258699896
29.5687553129
0.075717712054
0.0123935679439
0.0141366490861
4.08180651697
0.0121170190396
0.0120431029936
2.00162995304
0.0119858159451
3.18564168399
0.0119656180032
0.0119500299916
0.0120961909415
0.0119303719839
0.0123404010665
0.0120802989695
0.01155526191
0.0120083580259
0.0119157510344
0.0119369210443
0.0120756969554
0.0120253020432

checksumTime
0.0120174559997
0.0122713110177
0.0119826870505
0.0119686240796
0.0120018810267
0.0118760280311
0.0117663800484
0.0117475029547
0.012166814995
0.0116239000345
0.011696166941
0.0116806779988
0.0116900079884
0.0120717540849
0.011843629065
0.0117794029647
0.0118151390925
0.0112211940577
0.0116766749416
0.0117203859845
0.0116513359826
0.0117665370926
0.041630032938




layer number :  23
43.49370693
0.0998616209254

jsonTime
0.0319882329786
2.665753601
0.0222781379707
0.0160515879979
0.0153665330727
0.250487323967
0.0166208320297
0.0155658990843
0.239024403039
0.014565152931
0.277516365051
0.0160739580169
0.0149719710462
0.0225594770163
0.0149199919542
0.0152687100926
0.0157255029771
0.0310338540003
0.0159424520098
0.0155981240096
0.0153121449985
0.0156333220657
0.0321170469979

layerTime
0.0123129989952
29.998067394
0.0403827290284
0.0121604690794
0.0121390499407
4.12541284598
0.0121656049741
0.0121641219594
2.296042245
0.0120221159887
2.61699345591
0.0123407660285
0.0122548090294
0.0121455449844
0.0121251860401
0.0123462209012
0.0123611639719
0.0122968560318
0.0121709780069
0.0122277579503
0.0120213220362
0.0122064088937
0.0122980299639

checksumTime
0.0124447540147
0.0122238480253
0.0120255459333
0.0117655529175
0.011698728078
0.0119232180296
0.0118728729431
0.0119023839943
0.0119264610112
0.0116873240331
0.0132648040308
0.011867155903
0.0117368589854
0.0117534010205
0.0117002099287
0.0117829251103
0.0119473279919
0.01192979794
0.0118982540444
0.0119108590297
0.0119478729321
0.0118793190923
0.0330065999879




layer number :  23
42.90508729
0.118203930906

jsonTime
0.0159206300741
3.06871451403
0.0309681619983
0.0187459660228
0.0171482260339
0.299904969055
0.0317351629492
0.0160632930929
0.21684988006
0.0148618490202
0.276464847964
0.0164415489417
0.0160335339606
0.0165766329737
0.0297546429792
0.016433305922
0.0177948559867
0.0154526550323
0.0152922369307
0.0296335460152
0.0154707700713
0.0161734670401
0.0152924420545

layerTime
0.0119628899265
28.867797351
0.0816408019746
0.0123446789803
0.0123254369246
3.45002664998
0.0124092350015
0.0122226199601
2.29878240393
0.012041119975
3.33397543197
0.0122105729533
0.0122081460431
0.012187032029
0.0122607359663
0.0119970340747
0.0122931040823
0.0121470879531
0.0121391160646
0.0122535900446
0.0121904530097
0.0121672669193
0.0121822939254

checksumTime
0.0122204850195
0.0139439570485
0.0119646629319
0.011917468044
0.011981372023
0.0119388570311
0.011979911942
0.0119260529755
0.011749434052
0.0117587150307
0.0120549760759
0.0118660150329
0.011870353017
0.0118365630042
0.0118228790816
0.0115348119289
0.0118992789648
0.0118764940416
0.0118376199389
0.0119219579501
0.0118283339543
0.0119899139972
0.0328747280873




