layer number :  9
76.765395712
0.0593163619051

jsonTime
2.88362216705
0.0242178179324
0.0235589609947
0.0148178520612
0.015302986023
0.292463127989
4.29890323908
0.0207581740106
0.0229161150055

layerTime
23.2172229959
0.0389163320651
0.012373422971
0.0122351100435
0.0120086800307
2.37081199198
43.27601103
0.0121042529354
0.0131415619981

checksumTime
0.0119953800458
0.0120649329619
0.011779294
0.0119281179504
0.0120026950026
0.012947059935
0.0159185610246
0.0115218790015
0.0341368020745




layer number :  9
77.980135605
0.0601512399735

jsonTime
3.05865992
0.0215171689633
0.0154232169734
0.0316587040434
0.0158176909899
0.295154814026
4.64263713104
0.0186514820671
0.0146596870618

layerTime
23.838951602
0.0421708980575
0.0121385840466
0.0142110330053
0.0122052619699
2.86227609403
42.848622081
0.0145784480264
0.0120604590047

checksumTime
0.0120239689713
0.0120897879824
0.0119765689597
0.0119749279693
0.0119040909922
0.0125088639325
0.0117528609699
0.0124890869483
0.0412829349516




layer number :  9
77.005008288
0.0628441820154

jsonTime
2.97883078596
0.0236360379495
0.0156631459249
0.0219567010645
0.0160244429717
0.248388559907
4.13611471199
0.0190797500545
0.0146581520094

layerTime
23.7790797721
0.040029773023
0.0120947000105
0.0122139789164
0.0121525080176
2.279177872
43.1625644
0.0123846479692
0.0120839780429

checksumTime
0.0123613299802
0.0119454540545
0.0117299830308
0.0118218630087
0.0120244150748
0.0118870730512
0.0119301090017
0.0117470719852
0.0400264979107




layer number :  9
76.486872775
0.0602608140325

jsonTime
2.66306120704
0.0322909019887
0.0153379610274
0.0220923509914
0.0158154390519
0.255380582996
4.08760927699
0.0221153569873
0.0146516199457

layerTime
23.219098198
0.0425167150097
0.0121368570253
0.0125536689302
0.0120766380569
3.02635617496
42.8059779881
0.0138365390012
0.011962716002

checksumTime
0.0124694120605
0.0118452699389
0.0117518060142
0.0118249349762
0.0118028459838
0.0118656629929
0.0126471879194
0.0118253830587
0.0349875560496




layer number :  9
75.751651855
0.0617504440015

jsonTime
2.67871852696
0.0215527489781
0.0152112160577
0.0218483610079
0.015787248034
0.285069021047
4.07471328299
0.0190624799579
0.0169034959981

layerTime
22.779441937
0.0420383199817
0.0121023139218
0.0121431719745
0.0122468849877
2.13760249096
43.3753299681
0.0124454899924
0.0121308061061

checksumTime
0.0120209540473
0.0117698420072
0.0120008740341
0.0118028819561
0.0119320800295
0.0119336160133
0.011967777973
0.0163488789694
0.0351468989393




layer number :  9
76.776662654
0.061903823982

jsonTime
3.00935191405
0.0306660149945
0.0156423060689
0.0217602209887
0.0148383850465
0.253622214892
4.28330356604
0.0193189610727
0.0164612369845

layerTime
23.206174455
0.0333846639842
0.0121777999448
0.012102292967
0.0120113369776
2.59854589903
43.000176818
0.012841040967
0.0124610679923

checksumTime
0.0127537329681
0.0118901999667
0.0117624710547
0.011728012003
0.012047906057
0.0114625639981
0.01194979297
0.0117805299815
0.0438783899881




layer number :  9
75.969621199
0.0623719419818

jsonTime
2.69814042607
0.0224083280191
0.0155035059433
0.0151004160289
0.0146368249552
0.291094801971
4.11319785193
0.0283518420765
0.0148496760521

layerTime
23.1370691319
0.0401912149973
0.0121185500175
0.0120340349386
0.0120413230034
2.31553373707
42.9939243731
0.0119570120005
0.0135570119601

checksumTime
0.0123108619591
0.0118423370877
0.0117771530058
0.0117615880445
0.0117832060205
0.0121291140094
0.0152483339189
0.0118150039343
0.0362146859989




layer number :  9
76.600133944
0.275255567045

jsonTime
2.85800783709
0.0215445660288
0.015555007034
0.0152923070127
0.014676294988
0.262354234001
4.30291011697
0.0201895260252
0.0147956690053

layerTime
23.175466709
0.042077486054
0.0121956269722
0.0123356850818
0.0120384410257
2.52116947703
42.860473071
0.0124307009391
0.0118536530063

checksumTime
0.0124417289626
0.0117930879351
0.0117606719723
0.0116584739881
0.0119584759232
0.011324289022
0.013845716021
0.0117721500574
0.03207844391




layer number :  9
75.98419527
0.0618887020973

jsonTime
2.77936431603
0.0218486710219
0.016274868045
0.0144982460188
0.0149507459719
0.268462045002
4.03208431194
0.022722335998
0.0157211249461

layerTime
23.178382417
0.0400374009041
0.0121174489614
0.012048581033
0.0120241789846
2.39232138603
42.9222212191
0.0135806479957
0.0120147319976

checksumTime
0.0124208950438
0.0117747860495
0.0117574889446
0.0117730810307
0.0120487540262
0.0119450190105
0.0119890219066
0.0116262590745
0.0356189319864




layer number :  9
76.244334767
0.0610039579915

jsonTime
2.927743198
0.021572447964
0.0152516489616
0.014885579003
0.0145659149857
0.234274431947
4.38726831798
0.0213731990661
0.0146714510629

layerTime
22.761210194
0.0406065370189
0.0120601779781
0.0119924189057
0.012065147981
2.33864488499
43.183219842
0.0125788990408
0.0122705219546

checksumTime
0.0120420240564
0.0117596490309
0.0116746950662
0.0117320050485
0.0119534020778
0.0118220070144
0.0163951269351
0.0117521788925
0.0373110860819




