layer number :  19
108.07390424
0.0874726360198

jsonTime
0.0160927750403
2.14149848407
0.0140411239117
0.509806680027
1.52256307204
4.59821899503
0.0541357470211
0.0149886329891
0.0146280560875
0.0162551930407
0.96059704409
0.113210360985
0.0161325749941
0.0157025940716
0.0271492510801
0.17736627697
0.0149646819336
0.0147640249925
0.0145724100294

layerTime
0.012147041969
17.077398615
0.0126911191037
6.04344421194
16.4549470899
47.158137045
0.149959517992
0.0120791730005
0.0122229109984
0.0155921119731
7.67692832591
1.20870722202
0.0122566289501
0.0122567929793
0.0343324559508
1.52972440503
0.0120446740184
0.0119595179567
0.0120673070196

checksumTime
0.0115156460088
0.0113674290478
0.0117319369456
0.0119447760517
0.0118246390484
0.0118636889383
0.0119124850025
0.0117545860121
0.0117079239571
0.0119666579412
0.0155003500404
0.012048581033
0.0120415639831
0.0120408459334
0.0158419950167
0.012121560052
0.0117755810497
0.0116679889616
0.0395422560396




layer number :  19
108.464386388
0.0891772879986

jsonTime
0.0324956559343
2.02431715501
0.0151662509888
0.525814628927
1.48007229599
4.51727073803
0.0493633919396
0.0147484950721
0.0146680719918
0.0160856189905
0.887228448992
0.10630337894
0.0151474690065
0.0158156480175
0.0277352980338
0.169021075009
0.0150507170474
0.0146999889985
0.0146211059764

layerTime
0.0123674970819
16.994615627
0.0120570589788
6.32295608008
16.612027828
47.35206121
0.151211383985
0.0120811919915
0.0120175769553
0.0154107600683
7.81128452299
1.20885268401
0.0122353059705
0.0123458680464
0.0336233270355
1.55012262904
0.0120139779756
0.0119956560666
0.0119432060746

checksumTime
0.0119794999482
0.0121300560422
0.0120062290225
0.0118890559534
0.0122677270556
0.0118738840101
0.0117997319903
0.0116713889875
0.0117668160237
0.0132178330095
0.0113275490003
0.0120098190382
0.0119436189998
0.0119931919035
0.0119424909353
0.0120110400021
0.0116875119274
0.0116528669605
0.0325018329313




layer number :  19
110.250242592
0.958595770993

jsonTime
0.0322258960223
1.92203999206
0.0158379820641
0.587214047089
1.64097813901
4.81115835998
0.055296748993
0.0146381349768
0.0154340571025
0.0165522240568
0.835854256991
0.116214539972
0.016224446008
0.0156016501132
0.0263737590285
0.173136649071
0.0150145879015
0.0153692779131
0.0147565929219

layerTime
0.0124620620627
17.26252335
0.0123347110348
6.18759270792
16.5121335411
47.2389730549
0.17042743403
0.0120978610357
0.0124601109419
0.0152281170012
8.17418710294
1.44857651298
0.013180132024
0.0122389849275
0.0345054819481
1.52945280599
0.012049865094
0.0119286730187
0.0120241150726

checksumTime
0.0119610219263
0.0120194619521
0.0121028989088
0.0139431930147
0.0117500380147
0.0139160030521
0.0118320760084
0.0117989688879
0.0116355729988
0.0117040550103
0.0119082640158
0.0123972180299
0.0123356159311
0.0119215960149
0.0119767669821
0.0118483470287
0.0127115669893
0.0115444280673
0.0373366050189




layer number :  19
110.201760825
0.0890449821018

jsonTime
0.0348230270902
1.815761865
0.0163364090258
0.592573574046
1.43561215489
4.58292389906
0.0835368250264
0.0157650290057
0.0163067519898
0.0183220440522
0.934873378952
0.109409146942
0.0149431499885
0.0153851949144
0.0195467219455
0.17021172808
0.0148967179703
0.0162036239635
0.0146933910437

layerTime
0.0119573849952
17.7336390261
0.0122134629637
6.56026874995
16.780740631
47.504171622
0.316851555952
0.0122374810744
0.0122490699869
0.0155706519727
8.04685393907
1.20445286401
0.012057027081
0.0123859490268
0.0209134940524
1.62867171597
0.0123345790198
0.0120734360535
0.0120682119159

checksumTime
0.01195722993
0.0122316059424
0.0119541219901
0.0119622721104
0.0119264649693
0.0121214230312
0.0120365909534
0.0119876789395
0.0125111259986
0.0119706250262
0.0119838570245
0.0117614689516
0.0156698250212
0.0115879230434
0.0119878909318
0.0118807259714
0.0131987680215
0.0120496239979
0.0373467269819




layer number :  19
110.944666051
0.0884518760722

jsonTime
0.0319413979305
2.05484078103
0.0153135700384
0.52653323696
1.53396393592
4.72225826106
0.0494814909762
0.0182632899377
0.0134879269172
0.0149745879462
0.748747737962
0.109540459001
0.0149920339463
0.0145060420036
0.0272016669624
0.191382043995
0.0148525609402
0.0163168999134
0.0146133539965

layerTime
0.0124026150443
18.036358943
0.0129332200158
6.14388781507
16.539745315
48.067080544
0.16263735597
0.0127981840633
0.0111882330384
0.0149533679942
8.28819398093
1.49569618399
0.011951345019
0.0120790500659
0.034446042031
1.56581290497
0.0119808890158
0.0121452350868
0.0119963639881

checksumTime
0.0119987779763
0.0124344390351
0.0118764339713
0.0119183670031
0.0119816890219
0.0131934670499
0.0116589360405
0.0114032030106
0.0109835610492
0.0109697540756
0.0121322961058
0.0117651609471
0.0117730880156
0.0120198460063
0.0119860669365
0.0118630160578
0.0165062950691
0.0117426170036
0.0360164690064




layer number :  19
110.366366144
0.0890237590065

jsonTime
0.0333489859477
1.93869736802
0.016485244967
0.625911127077
1.49745839299
4.69130782399
0.0549888269743
0.0159953320399
0.0157694160007
0.0198346859543
0.933758175932
0.122386217001
0.0148526940029
0.0145650448976
0.0198258189484
0.133998636971
0.0148917699698
0.0140957980184
0.0145951720187

layerTime
0.0124447930139
17.254038449
0.0122754840413
6.20509155293
17.028606551
48.136857806
0.170144526055
0.0122549190419
0.0122511549853
0.015545623959
8.19793448003
1.2168604671
0.0120518659241
0.0120298640104
0.0221805010224
1.459193266
0.0120227489388
0.0135522639612
0.0120529499836

checksumTime
0.0119514380349
0.0125863909489
0.0118908679578
0.0121300159954
0.0118233080721
0.0119976049755
0.012109498959
0.0120287259342
0.0122405560687
0.0119650440756
0.0145706449402
0.0118716959842
0.011622699094
0.0118102440611
0.0116475420073
0.0118895100895
0.0119970300002
0.0123601420783
0.0380398780107




layer number :  19
110.850180623
0.0865137350047

jsonTime
0.032639209996
2.04923272901
0.0149966659956
0.532932811067
1.47910798003
4.59757606895
0.0548018030822
0.0148665909655
0.0147154350998
0.0165832659695
0.775931702927
0.11363441695
0.0149231919786
0.0147507590009
0.0200752089731
0.130875749979
0.0152070559561
0.0170811080607
0.0147370459745

layerTime
0.012391583994
17.684298686
0.0120372599922
6.31363268802
17.048180546
48.3135574161
0.187204997987
0.0121121139964
0.0120722879656
0.0154938020278
8.20915168501
1.21864565497
0.0120297989342
0.0119841230335
0.0221906410297
1.45692368003
0.0120863580378
0.0121055309428
0.0120088780532

checksumTime
0.0119825049769
0.0119629330002
0.012278596987
0.0121075889328
0.01228652196
0.0120100479107
0.0118435589829
0.0117842829786
0.011757269036
0.0120341560105
0.0119562470354
0.0118492681067
0.0116314450279
0.0117775349645
0.0117462270427
0.0117798859719
0.016794770956
0.0118575970409
0.030758410925




layer number :  19
111.689541458
0.091289567994

jsonTime
0.0326103840489
2.04856314207
0.0151693699881
0.518272661953
1.57013292809
4.78275395802
0.0496547929943
0.0149166620104
0.0145233001094
0.0168596639996
0.901058758958
0.117936320021
0.0148916249163
0.0159021080472
0.0193383389851
0.134284054977
0.0150495589478
0.0147194999736
0.0146546119358

layerTime
0.0123472169507
17.339839597
0.0120265459409
6.53374949703
16.5093438569
48.963346541
0.149992724997
0.0121154859662
0.0119694909081
0.0154101710068
8.03410663805
1.71536987007
0.0119560830062
0.0121771319536
0.0210506439907
1.63273704296
0.0122583300108
0.012163092033
0.0120030390099

checksumTime
0.0119135120185
0.0121641979786
0.0117600760423
0.0122483649757
0.0122675769962
0.0132608789718
0.0117719760165
0.0118270999519
0.011682403041
0.0159367839806
0.0130557599477
0.0118860889925
0.0126588610001
0.011785948067
0.0117486190284
0.0120111580472
0.0117174320621
0.0118636069819
0.0306893610395




layer number :  19
110.539413115
0.0886361269513

jsonTime
0.0331050300738
2.04927388299
0.0168360909447
0.600507454015
1.45979759295
4.57504904293
0.0518905339995
0.0154941040091
0.0152328020195
0.0165808870224
0.736347004073
0.119569958071
0.0148009250406
0.0145246369066
0.0195452739717
0.123461256968
0.0127639509737
0.0152663269546
0.014476228971

layerTime
0.0123949080007
17.030664448
0.0122647440294
6.61757888505
16.761771203
48.430956301
0.152353540063
0.0120060649933
0.0120654619532
0.0150928499643
7.80344569997
1.70260695904
0.0120075040031
0.0120599890361
0.0212302900618
1.64657196694
0.0122217850294
0.0120601060335
0.0119422340067

checksumTime
0.0120227539446
0.0125904260203
0.0119224169757
0.011851837975
0.0119425710291
0.012817898998
0.012519229902
0.0116575880675
0.0118813329609
0.0116292840103
0.0120400439482
0.0118247489445
0.0117165379925
0.0118061660323
0.011828385992
0.000290396041237
0.0117510620039
0.0118857900379
0.0402770390501




layer number :  19
115.839182834
0.0886835940182

jsonTime
0.0331948400708
2.04839752498
0.01489020593
0.527773903916
1.59526507102
5.10259774502
0.0547869049478
0.0157244949369
0.014666410978
0.0163422019687
0.919923090958
0.125276205945
0.0158810790163
0.0155592219671
0.0255167980213
0.165190331987
0.0149129229831
0.0147242039675
0.016481920029

layerTime
0.0127458740026
18.655425365
0.0121379439952
6.58982857899
17.1357350009
51.010611456
0.181268404005
0.0122622729978
0.0120824559126
0.0153672599699
8.002054943
1.48102462408
0.0122547480278
0.0122548600193
0.0327111459337
1.52846230904
0.0120533789741
0.012008865946
0.0120855879504

checksumTime
0.0119345349958
0.0121993990615
0.0116935800761
0.0120174150215
0.0122565360507
0.0120750670321
0.0131613929989
0.0117685201112
0.0118027380668
0.0117192630423
0.0119628340472
0.0120761779835
0.0119481519796
0.0119472040096
0.0121192400111
0.0118252279935
0.0119445250602
0.0133791110711
0.0425047440222




