layer number :  10
65.583089849
0.062510909047

jsonTime
1.60041374201
0.0149295569863
0.0147742610425
2.03908772999
0.0162144439528
0.015275873011
0.0293738689506
1.46724064497
0.0540812211111
0.0310347250197

layerTime
15.5330935559
0.0120845200727
0.0112350499257
25.788944807
0.0121840250213
0.0121502360562
0.012191951042
18.349319646
0.340539290919
0.0126290499466

checksumTime
0.0122078619897
0.0115663299803
0.0125954829855
0.0121112720808
0.0118364059599
0.0118746199878
0.0118330069818
0.0120547219412
0.0120073540602
0.0354313179851




layer number :  10
65.3908524871
0.0611382339848

jsonTime
1.47986528696
0.0220838129753
0.0147510330426
2.35573554703
0.0302829350112
0.0156411690405
0.0157400250901
1.68324404
0.0683202700457
0.0169204679551

layerTime
16.2655483631
0.0121783670038
0.0123253780184
25.11724096
0.0134895989904
0.0122440719279
0.0116579669993
17.671537603
0.34704444895
0.0123447671067

checksumTime
0.0122387169395
0.0117714300286
0.0120434329147
0.0121291410178
0.0119845899753
0.0118962019915
0.0112940059043
0.0118930999888
0.0129166400293
0.0325884399936




layer number :  10
66.783288367
0.0621103480225

jsonTime
1.66840368905
0.0166533510201
0.0156188330147
2.45540811901
0.017063559033
0.032416364993
0.0164551199414
1.57911908999
0.033403423964
0.0158449729206

layerTime
15.9440310369
0.012213894981
0.0122493150411
25.522479682
0.0122153379489
0.0136449360289
0.0122218530159
19.0175566099
0.158155928017
0.0122399540851

checksumTime
0.0123065650696
0.0119803509442
0.0119525699411
0.012138072052
0.0119233690202
0.0120144189568
0.0120013600681
0.0123274560319
0.0119730230654
0.0344659439288




layer number :  10
63.995691495
0.0625242720125

jsonTime
1.56995357701
0.0155012320029
0.0152599361027
2.36607161898
0.0154265320161
0.0136690189829
0.0149835899938
1.43994055805
0.0404402300483
0.0158420919906

layerTime
15.5458345431
0.011812885059
0.0122424679575
23.792735194
0.0121114009526
0.0111744750757
0.0121647770284
18.5786834679
0.279345760006
0.0122424729634

checksumTime
0.0124085498974
0.0119266839465
0.0118510050233
0.01228342799
0.0114047250245
0.0110907909693
0.0121334099676
0.0120385530172
0.0119725429686
0.0398669830756




layer number :  10
63.687041751
0.0661775650224

jsonTime
1.55929492298
0.0150819889968
0.014678537962
2.35981043894
0.0158550319029
0.0312847730238
0.0162533998955
1.50388343201
0.0323356990702
0.0147658800706

layerTime
15.3389926121
0.012121454929
0.0118837130722
23.632386024
0.0121603840962
0.0134506319882
0.0122762980172
18.692504214
0.158689385979
0.0120013660053

checksumTime
0.012235325994
0.0117947650142
0.0117955040187
0.0123721620766
0.0118961499538
0.0119523940375
0.0121493570041
0.0127688259818
0.0119515379192
0.0415809359401




layer number :  10
62.633552845
0.0632888469845

jsonTime
1.505070074
0.0153595439624
0.0149792860029
1.92039549898
0.0150031410158
0.0145085520344
0.0151593820192
1.59371751
0.0645955610089
0.0155550499912

layerTime
15.680899751
0.0122573690023
0.012038114015
23.75668034
0.0120686650043
0.0120308609912
0.0120820989832
17.432507226
0.298049915931
0.0121722680051

checksumTime
0.0123088309774
0.0117720760172
0.0117038439494
0.0118508499581
0.0118032799801
0.0117265740409
0.0117653359193
0.012254142086
0.011937348987
0.0373488439946




layer number :  10
66.7070354411
0.0638485170202

jsonTime
1.593116962
0.0153037949931
0.0156988390954
2.488547827
0.0168707349803
0.0323269249639
0.0167510000756
1.59929407004
0.0330220030155
0.0149548540358

layerTime
16.07548616
0.0120393360266
0.0121742639458
25.503752198
0.0123008759692
0.0135655660415
0.0122419779655
18.81244265
0.162492509
0.0120609069709

checksumTime
0.0123491740087
0.0119600029429
0.0118801230565
0.0121275370475
0.0120733520016
0.0120698469691
0.0119120839518
0.0119615930598
0.0118001468945
0.0701584410854




layer number :  10
64.079114715
0.0614028380951

jsonTime
1.57971087191
0.0165926769841
0.016082733986
2.40810014203
0.0150064059999
0.014864768018
0.0158047899604
1.538772117
0.0331357370596
0.0158553579822

layerTime
14.7401276691
0.0124460780062
0.0123565159738
24.881341327
0.0119799750391
0.0124494009651
0.0120298920665
18.325446618
0.190394224948
0.0122019490227

checksumTime
0.0121891079471
0.0120531170396
0.0119790950557
0.0118362499634
0.012087126961
0.0119227350224
0.0115703489864
0.0119358649245
0.0119570350507
0.0347209519241




layer number :  10
63.869630159
0.0617298920406

jsonTime
1.56851945003
0.016789034009
0.0147608700208
2.324214919
0.0162473119562
0.0157328729983
0.0162435119273
1.56317700294
0.0332463970408
0.0147358480608

layerTime
15.520472598
0.0121361520141
0.0122269109124
23.262946628
0.0122797429794
0.0122387760784
0.0122887140606
19.0376804901
0.171924546012
0.0120221039979

checksumTime
0.013871597941
0.0121818199987
0.0119711300358
0.012214604998
0.0119641210185
0.0119600449689
0.0119961010059
0.0122323229443
0.0117482489441
0.0373795819469




layer number :  10
64.086517715
0.0618582610041

jsonTime
1.41020456597
0.0152943660505
0.0150262499228
2.09518427309
0.0219533529598
0.0149565149331
0.0151168119628
1.38973306608
0.0335396159207
0.0160846809158

layerTime
15.2985974951
0.0119924239116
0.0120710299816
23.838670542
0.0121140310075
0.0122642599745
0.012061788002
19.4741938449
0.158740037004
0.0120637330692

checksumTime
0.0123645539861
0.0121127570746
0.0121468720026
0.012407207978
0.0118000650546
0.0117696160451
0.011764127994
0.0119642050704
0.0117490370758
0.0359325120226




