layer number :  18
167.338304414
0.0866355010075

jsonTime
2.34652434394
0.0142781019676
0.016078933957
3.31351445406
0.771033170051
6.28670937999
0.0474745110841
0.060625136015
0.354670800967
0.0325963220093
0.0167622780427
0.0156105180504
0.355905876961
0.015118181007
0.0172534080921
0.0153335620416
0.0145588499727
0.0216570189223

layerTime
26.036568854
0.0120862149633
0.0121143010911
47.1944277609
9.61406044697
61.3010181519
0.262115297955
0.622488226974
4.24873825803
0.0125632090494
0.012936229934
0.0122183819767
3.87197107903
0.0121586669702
0.0122816079529
0.0120084489463
0.0120464990614
0.012424243032

checksumTime
0.0115696840221
0.0121000290383
0.0117622419493
0.0150319810491
0.0120581870433
0.0133866620017
0.0119320889935
0.0160929870326
0.0124087369768
0.0119628389366
0.0124064460397
0.0120114269666
0.0118892260361
0.0117869869573
0.0119536030106
0.0118097939994
0.0118141589919
0.0391242289916




layer number :  18
162.716644601
0.0883157959906

jsonTime
2.420070539
0.0143576739356
0.0153985898942
3.13296767802
0.787420595065
5.63705931604
0.0562250550138
0.0699756459799
0.360885475995
0.0150527409278
0.0148512520827
0.0231268840143
0.333391411928
0.014789581066
0.0248233070597
0.0160197699443
0.0138654860202
0.0148125530686

layerTime
24.1050453171
0.0120774300303
0.0121251480887
47.7285486009
10.1654704909
58.492686811
0.321314133005
0.639125611982
4.32117189199
0.0120255011134
0.0149602579186
0.012449848
3.51827477606
0.0119943249738
0.0123673849739
0.0133131240727
0.0120533449808
0.0120173420291

checksumTime
0.0114270190243
0.0117368940264
0.0118322169874
0.0119155410212
0.0118767030071
0.0120709519833
0.0119177990127
0.0119858749676
0.0119287540438
0.0117507769028
0.0150050200755
0.01212824299
0.0119286519475
0.0119370089378
0.0119043770246
0.0118383739609
0.0117593769683
0.0304346389603




layer number :  18
168.612846275
0.0866216541035

jsonTime
2.48340427096
0.016378760105
0.0330798649229
3.89452517394
0.787344993092
6.139673481
0.0637678860221
0.0615861500846
0.383469004999
0.0150410359493
0.0149525540182
0.0146915019723
0.307777263923
0.0300114479614
0.0205750330351
0.0172191829188
0.0157295869431
0.0156527040526

layerTime
25.266852212
0.012334045954
0.013451519073
46.603368209
9.68452150293
62.754233892
0.574872724013
0.606679323944
4.05251358706
0.0120911980048
0.0130653480301
0.0119326279964
4.28502296505
0.0124293830013
0.0124081179965
0.011498838081
0.0146735419985
0.0121944550192

checksumTime
0.0123835059348
0.0121281510219
0.0120922320057
0.0128224450164
0.0120026060613
0.0119797759689
0.0120182739338
0.0119748070138
0.0119155599969
0.0117529639974
0.0124195279786
0.0116432900541
0.0121510160388
0.0120155320037
0.0119147819933
0.0117151839659
0.0141108690295
0.0397262499901




layer number :  18
161.737078583
0.0869117790135

jsonTime
2.40595686098
0.0151014500298
0.0224752119975
3.23887529504
0.772495632991
5.463861653
0.0459208410466
0.0640968749067
0.36000964907
0.0162147439551
0.014877823065
0.0152477739612
0.297079956974
0.0168926039478
0.0246449949918
0.0153267780552
0.0150028730277
0.0147818850819

layerTime
23.28453073
0.0121837579645
0.0121336389566
46.525266299
8.95421195205
61.3774849911
0.596171712037
0.615993793006
3.58479669795
0.0120572710875
0.0118877278874
0.0113187129609
3.52447548602
0.0117896259762
0.0118556410307
0.0120752929943
0.0120769860223
0.0120494359871

checksumTime
0.0122648350662
0.011727781035
0.0116531739477
0.0119736529887
0.0122729399009
0.0121610849164
0.0120352189988
0.0120026050135
0.0135811070213
0.01173151494
0.0116155880969
0.0117685610894
0.0128749629948
0.0115562960273
0.011434520944
0.0117649059976
0.011851538904
0.0341537579661




layer number :  18
169.827420212
0.086721273954

jsonTime
2.187191976
0.0155907321023
0.0162269050488
3.58487299294
0.997536620009
6.09967229504
0.0590442300308
0.0635814280249
0.378777167993
0.0156574359862
0.0145766889909
0.0150668839924
0.292399261962
0.0169071640121
0.0173953130143
0.0152124690358
0.0218335509999
0.0160239120014

layerTime
24.480449021
0.0122695839964
0.0128706829855
50.078957818
9.632161594
62.681404633
0.310290446039
0.637950273929
4.02029104205
0.0121008340502
0.0119470959762
0.0120533080772
3.68612448301
0.0118018490029
0.0123168089194
0.0120679999236
0.0122938150307
0.0121731309919

checksumTime
0.0124353310093
0.0119345089188
0.0118459740188
0.0121560300468
0.011928583961
0.0121517030057
0.011931543937
0.0120155940531
0.0129220599774
0.0117220049724
0.0116617319873
0.0114655919606
0.0171633750433
0.0117484889925
0.0117565470282
0.011826853035
0.0119336709613
0.0444141119951




layer number :  18
164.205218989
0.0887163339648

jsonTime
2.17582441797
0.0152642809553
0.0162664799718
3.26396890602
0.964189715916
5.34930788295
0.0563977679703
0.0649424039293
0.36926484399
0.0149945080047
0.0147861989681
0.014610290993
0.30107234302
0.0149350949796
0.0178006120259
0.0153708229773
0.0229631010443
0.0154221710982

layerTime
26.618934863
0.0119938279968
0.0120294940425
45.195484414
10.2950108
59.8742927801
0.383326521958
0.636801801971
4.23745077197
0.0121147989994
0.0120302040596
0.012074860977
3.79563383292
0.0120343869785
0.0122777449433
0.0120723310392
0.0122138579609
0.0120760808932

checksumTime
0.0121745869983
0.0119643260259
0.0120068569668
0.0121473920299
0.0124923620606
0.0124436690239
0.0120076930616
0.0119611980626
0.0119248750852
0.0117012129631
0.0116895629326
0.0117483810754
0.0120875000721
0.0117497480242
0.0117439540336
0.011890286929
0.0117902039783
0.0363410300342




layer number :  18
163.944937612
0.0868398209568

jsonTime
2.42437511904
0.0152696419973
0.0151741859736
3.44583727908
0.970816443907
5.11252439907
0.0593678909354
0.0839605040383
0.361414296087
0.0151748730568
0.0156431749929
0.0258437120356
0.33632517606
0.0221809010254
0.026820915984
0.0154185839929
0.0147503470071
0.0146579919383

layerTime
25.024801014
0.0120943139773
0.0121089420281
47.8731938429
9.69678206404
58.946197244
0.347229356063
0.656217143987
4.06624262
0.0138040879974
0.0120804080507
0.0123993350426
3.890020311
0.0121005419642
0.0114311359357
0.0120538909687
0.0120441860054
0.0120699850377

checksumTime
0.012512678979
0.0117264270084
0.0117445669603
0.0118194620591
0.0130722939502
0.0122109570075
0.012027391931
0.0120555569883
0.011860791943
0.0126984439557
0.0118183149025
0.0119299929356
0.0121280460153
0.0137574620312
0.0115964360302
0.0117478000466
0.0118067209842
0.0423295730725




layer number :  18
159.17612568
0.176436896902

jsonTime
2.19334829703
0.014357861015
0.0225374540314
3.40149008995
1.01854406204
5.36222919507
0.0556725499919
0.0492933409987
0.324843005976
0.0162236819742
0.0299040370155
0.0156071060337
0.332209974062
0.0155120650306
0.0171803949634
0.0152143399464
0.014602297917
0.0146871749312

layerTime
24.7598329129
0.0122208440444
0.0122952039819
45.7215549441
9.70067810896
57.574478698
0.271365514025
0.330100696068
3.69772947195
0.0126059780596
0.012336950982
0.0122753650649
3.65345961798
0.0123385660117
0.0120215539355
0.0122560920427
0.0121287330985
0.0122334760381

checksumTime
0.0124008719577
0.0118159470148
0.0125496409601
0.012193350005
0.0116770169698
0.0119633809663
0.0119837359525
0.0118431550218
0.0121312700212
0.0119894919917
0.0119578029262
0.0122262899531
0.0120722849388
0.0115667430218
0.0118163070874
0.0117965330137
0.0117136869812
0.039968734025




layer number :  18
146.739104747
0.0868068659911

jsonTime
2.17266596598
0.0153398899129
0.015805097064
3.31042280199
0.773788164021
5.90290499991
0.0498741850024
0.0520005139988
0.368047724012
0.0325169179123
0.0163549180143
0.0157341519371
0.334312755032
0.0161810140125
0.0228423620574
0.0176503040129
0.0165375790093
0.0313347670017

layerTime
22.28342758
0.0121632490773
0.0124570259359
41.88832942
8.55912675103
52.500552241
0.291401728988
0.445017930935
3.36425393599
0.0126545840176
0.0122870679479
0.0122145350324
3.77068055095
0.0124876559712
0.0130490110023
0.012302935007
0.0123593100579
0.0123587599955

checksumTime
0.0125666940585
0.0120805879124
0.011853353004
0.0133531950414
0.0134841880063
0.0119043760933
0.0120866399957
0.0129567290423
0.012014484033
0.0120217730291
0.0119048710912
0.0119880529819
0.0121912210016
0.0119392119814
0.0118825499667
0.0120186309796
0.0119749089936
0.041816051933




layer number :  18
143.251914217
0.0872714730212

jsonTime
2.45901577699
0.0149265970103
0.0158756800229
3.727446181
0.885328651988
5.127704627
0.0765435410431
0.0638831360266
0.335432489053
0.0243878759211
0.0151121350937
0.0160848549567
0.314791432
0.0149532359792
0.0214032299118
0.0170135120861
0.0155746410601
0.0315036850516

layerTime
21.768344702
0.0119583170163
0.0120799200376
41.6903734499
7.74241722201
50.374382059
0.599266743986
0.653229790041
3.26175829791
0.012361777015
0.0120440589963
0.012071989011
3.41181082011
0.0120323379524
0.012544799014
0.0123403070029
0.0125078359852
0.0124195379904

checksumTime
0.0119700370124
0.0117364400066
0.0117393169785
0.0120143590029
0.011830114061
0.0115802449873
0.0120020669419
0.0116913389647
0.0117629080778
0.0117641499965
0.0136513879988
0.0168304379331
0.0118173459778
0.011955136084
0.0119689559797
0.0119484429015
0.0119702219963
0.144818666973




