layer number :  10
9.27566778997
0.0633928099414

jsonTime
0.0319180310471
0.115725536016
0.0159425850725
0.0156389599433
0.353845102014
0.0149086009478
0.0311369419796
0.0157917010365
0.614770077984
0.0150029830402

layerTime
0.0125955430558
1.07335876592
0.0123250948964
0.012252680026
3.30230978399
0.0122013720684
0.343244388001
0.0122915869579
3.04038719705
0.0120100519853

checksumTime
0.0119624909712
0.0120897670276
0.0119653070578
0.0119391110493
0.0119022419676
0.0118843889795
0.0119917769916
0.0120238270611
0.0120042689377
0.0360632409574




layer number :  10
9.51025206794
0.0637404209701

jsonTime
0.0154539040523
0.134340149933
0.015039502061
0.0146443760023
0.258056495921
0.0221734860679
0.0314861189108
0.0146298659965
0.616781578981
0.0160256589297

layerTime
0.0123809309443
1.41518410703
0.0119876980316
0.0120393459219
3.53770689911
0.0121759999311
0.201068015071
0.0120941450587
2.91176234395
0.0120470930124

checksumTime
0.012018242036
0.011440059985
0.0118395009777
0.0117373850662
0.0121782768983
0.0117571511073
0.0117779459106
0.0186652840348
0.0122156570433
0.045117732021




layer number :  10
9.798739466
0.0629558389774

jsonTime
0.0152899230598
0.138100635028
0.0218791409861
0.0149098050315
0.265639391961
0.0149776630569
0.0307525430107
0.0146986150648
0.568425547099
0.0159559870372

layerTime
0.0118955849903
1.43998049304
0.0120979619678
0.0120445890352
3.49603321799
0.0120468488894
0.199184437981
0.0124080539681
3.26850960299
0.0122639150359

checksumTime
0.0113648939878
0.0118082549889
0.0117128429702
0.0117806890048
0.0118272230029
0.0117818560684
0.0117378019495
0.0118583049625
0.0122867239406
0.0418583999854




layer number :  10
9.29276829795
0.0622813910013

jsonTime
0.0337961110054
0.113839786034
0.0162415120285
0.0156407380709
0.359130264027
0.0228862749645
0.0309322070098
0.015675732051
0.639210621943
0.0146844789851

layerTime
0.012014226988
1.06801124604
0.0122751869494
0.0124045039993
3.31878876593
0.0122261240613
0.353496921947
0.0122039659182
2.99625038204
0.0117087480612

checksumTime
0.0117553139571
0.0120546149556
0.0119632399874
0.0120000799652
0.0117855310673
0.0117310689529
0.0119779190281
0.0119269820862
0.0134776249761
0.0397466089344




layer number :  10
9.51791344804
0.0628620709758

jsonTime
0.0153508980293
0.123096089927
0.0152183600003
0.0145333700348
0.253761169035
0.0147553300485
0.0385596860433
0.0147637800546
0.611280106008
0.0219768839888

layerTime
0.0122811719775
1.42603246507
0.0119995489949
0.0122444519075
3.53375254897
0.0119967398932
0.194239116972
0.0120152919553
2.94472984294
0.0124934710329

checksumTime
0.0119781070389
0.0120736130048
0.011781492969
0.0117540200008
0.0116815690417
0.0117275890661
0.0117254449287
0.0117294670781
0.0123987799743
0.0423922650516




layer number :  10
9.82860136998
0.0610894419951

jsonTime
0.0153610480484
0.118807320949
0.0140942389844
0.0147053459659
0.253581225988
0.0217438580003
0.0307750679785
0.0146120070713
0.568686329061
0.0219888050342

layerTime
0.0122422180139
1.46964016405
0.0119983999757
0.0119869459886
3.53323340102
0.0120874230051
0.195779424976
0.012062036898
3.2709070479
0.0121532640187

checksumTime
0.0120255519869
0.0115659639705
0.0119931030786
0.011809499003
0.0121275950223
0.0117309939815
0.0118068900192
0.0116807790473
0.0119781260146
0.0336963000009




layer number :  10
9.585505859
0.0622562569333

jsonTime
0.0153954910347
0.112040053005
0.01507820806
0.0146305860253
0.301524683018
0.0216807770776
0.0310378680006
0.0158889689483
0.645962166018
0.0221539709019

layerTime
0.0121557390084
1.28808466403
0.0119862629799
0.0120371869998
3.45316012995
0.0120769329369
0.196448593051
0.0124828440603
3.16227712599
0.0121563629946

checksumTime
0.0119004609296
0.0119774059858
0.0117150580045
0.0117697189562
0.0118590929778
0.0115979670081
0.0120345529867
0.0120398619911
0.0121506990399
0.0374203471001




layer number :  10
9.80874662497
0.0623066830449

jsonTime
0.0154708781047
0.11431414797
0.0147946589859
0.0147108839592
0.253811816918
0.0217545089545
0.0308663240867
0.0145192201016
0.65608741797
0.0211613669526

layerTime
0.0122529119253
1.43638465903
0.0120557990158
0.0121585130692
3.55444966804
0.0121412710287
0.195632698014
0.0120967969997
3.177915434
0.011873853975

checksumTime
0.0119947750354
0.0117755190004
0.0117422390031
0.0116182150086
0.0117480499903
0.0116138979793
0.0117671738844
0.0117281139828
0.0118440160295
0.0355386600131




layer number :  10
9.62348374096
0.0635388490045

jsonTime
0.0151146210264
0.111602635006
0.0147860480938
0.0147757930681
0.26384233695
0.0218073040014
0.0309752080357
0.0148360830499
0.423382244073
0.015651369933

layerTime
0.0115282799816
1.43431806692
0.0120232409099
0.0120447629597
3.26573722099
0.0121030900627
0.224874221953
0.0121231219964
3.47517435695
0.0125128900399

checksumTime
0.0120004500495
0.0117677609669
0.0118407940026
0.0117820360465
0.0117063199868
0.0118216469418
0.0117788109928
0.0117732159561
0.0134226060472
0.0421355359722




layer number :  10
9.77684148494
0.0615381939569

jsonTime
0.0158674789127
0.118433307041
0.0148232210195
0.0145898170304
0.25304603402
0.0217508400092
0.031553038978
0.0153743900592
0.639887708006
0.0150123060448

layerTime
0.0122858349932
1.43623821798
0.0120947619434
0.0122042479925
3.54057982704
0.0120595929911
0.198147824034
0.0121824250091
3.17363033304
0.0120099290507

checksumTime
0.0119137300644
0.0118830179563
0.0119622210041
0.0118784049992
0.011843925924
0.0117714090738
0.0123882149346
0.0120260838885
0.0122565049678
0.0349472909002




