layer number :  19
145.724692482
0.0882186000235

jsonTime
0.0154477290343
3.14277015999
0.0216700889869
0.0153400890995
0.0143362700474
0.021676241071
0.0156801469857
3.26428385591
0.023745288956
0.0165243790252
0.0169952010037
8.76344043692
1.00512993406
0.0155542709399
0.0150494610425
1.67376713105
0.0423088748939
0.0158917349763
0.0300383620197

layerTime
0.0122103759786
29.3722260491
0.0421686039772
0.0121510999743
0.0120922479546
0.0120940449415
0.0124073890038
32.6336418621
0.012155584991
0.0122089589713
0.0121905819979
46.4640799441
5.57240150601
0.0120627670549
0.0119457530091
12.804420023
0.206186914002
0.0122583460761
0.0123472349951

checksumTime
0.0121959620155
0.0123449499952
0.0117832579417
0.0116449899506
0.0118996499805
0.0117162769893
0.0114921031054
0.0120149729773
0.0130454989849
0.0119269420393
0.0119412960485
0.012439833954
0.0120547519764
0.0121901909588
0.0117341269506
0.0122769860318
0.0119699030183
0.0119662089273
0.0381654470693




layer number :  19
149.347479296
0.0874135360355

jsonTime
0.0153948089574
2.95600464707
0.0216217410052
0.0159881099826
0.0146807980491
0.0148853840074
0.0147325700382
2.73212986509
0.0165790449828
0.0146894580685
0.0240180159453
8.05767344695
1.17863504309
0.0153248560382
0.0221646080026
1.454180083
0.0297250540461
0.0149114849046
0.032521330053

layerTime
0.0122618840542
31.205478859
0.0419367400464
0.0123668130254
0.0122377059888
0.0121115120128
0.0120435259305
32.4766823429
0.0121441860683
0.0120932139689
0.0158786460524
49.1304237021
5.15498739097
0.01213984692
0.0120999449864
14.0762473299
0.112552555976
0.0120170690352
0.0123855540296

checksumTime
0.0119189169491
0.0122384949354
0.0117514180019
0.0117940139025
0.0117381759919
0.0118367190007
0.0117198639782
0.0142191949999
0.0117828209186
0.0118349790573
0.0133791619446
0.0122267459519
0.0119040539721
0.0117828270886
0.0127259719884
0.0120305150049
0.0116774310591
0.0127442639787
0.0359896259615




layer number :  19
147.485355821
0.0894960830919

jsonTime
0.0153550889809
3.11382698698
0.0314745659707
0.0169268921018
0.0157636679942
0.0156189929694
0.0161113010254
2.95517764601
0.0159394650254
0.0252307680203
0.0152164000319
7.28520322707
0.928640016937
0.0157974039903
0.0152145259781
1.69158924499
0.0412026800914
0.0157950600842
0.0156860019779

layerTime
0.0120283860015
30.03288957
0.0815266000573
0.0123177039204
0.0126457039732
0.0122567380313
0.0122477900004
34.06254036
0.0120937689207
0.0121836180333
0.0123433619738
47.7468456869
5.11954470107
0.0120952179423
0.0120487430831
13.464392051
0.223614468938
0.0122081700247
0.0123379050056

checksumTime
0.0119201920461
0.0124814939918
0.0119997449219
0.0119011560455
0.0120162770618
0.0122775139753
0.0118931719335
0.0131524159806
0.0159986530198
0.0117648799205
0.012077581021
0.0131187790539
0.012803761987
0.0117876930162
0.0117195689818
0.0120921019698
0.011965587968
0.0119582299376
0.038202336058




layer number :  19
147.506195111
0.0869442119729

jsonTime
0.0158241619356
3.12945638294
0.0232313560555
0.0153419489507
0.0149087300524
0.0151833610144
0.0145888570696
2.71111710998
0.015522878035
0.0161820159992
0.0171311208978
7.93621823809
1.00686894404
0.0170305320062
0.0326666440815
1.87504765904
0.0297394390218
0.0155272510601
0.0216667290078

layerTime
0.0122752950992
29.117681432
0.040579064982
0.0123837989522
0.0120284929872
0.0120105170645
0.0120157540077
34.283209656
0.0141887268983
0.0122677730396
0.0125330670271
47.7895861409
5.22582701
0.0123157120543
0.0128437199164
13.518658099
0.100551537005
0.012504986953
0.0129274120554

checksumTime
0.011910059955
0.0120648179436
0.0117868260713
0.0118429920403
0.0117569689173
0.0116334179183
0.0116564669879
0.011962938006
0.0131286060205
0.0119965870399
0.0118987429887
0.0129823510069
0.0120541939978
0.0119587779045
0.01226923801
0.0164375000168
0.0117714109365
0.0118847449776
0.0382413199404




layer number :  19
146.528361148
0.0874584621051

jsonTime
0.0157199309906
3.063007836
0.0287639399758
0.0152659560554
0.0145522700623
0.0144205819815
0.0144941689214
2.83880108304
0.0154737479752
0.0148688500049
0.0152003800031
8.03958792996
0.836816090974
0.0218327719485
0.0151331500383
1.49958908698
0.0410313260509
0.0160138449864
0.0156096020946

layerTime
0.0122240600176
29.418569135
0.0428163340548
0.0121537760133
0.0120340039721
0.0120478109457
0.0119756860659
32.115153961
0.011985769961
0.0130442059599
0.0120260140393
48.41041208
5.10930781101
0.0122254319722
0.0118096759543
14.17857744
0.220958362916
0.012213664013
0.0141772499774

checksumTime
0.011912196991
0.0120358070126
0.0118022459792
0.0117381599266
0.0117542670341
0.0116968380753
0.0119528289651
0.0118486919673
0.0116565420758
0.0121252120007
0.0116798899835
0.0128000730183
0.0116815230576
0.0118331690319
0.0115249600494
0.0120722330175
0.0120112959994
0.0118960359832
0.0362912080018




layer number :  19
149.926970254
0.0896663879976

jsonTime
0.0320196109824
3.01002690906
0.021713885013
0.0155917770462
0.0146108190529
0.031782936072
0.0157375149429
3.17087809194
0.021032640012
0.0280314129777
0.0162852690555
8.17948824202
0.765393754002
0.0152368010022
0.014903030009
1.42792869406
0.0285905529745
0.0158885070123
0.0157471710118

layerTime
0.0123509210534
31.50057381
0.040357743972
0.0115650219377
0.0123213509796
0.0143140329747
0.0122577160364
32.70746454
0.0146182000171
0.0125580040039
0.012229679036
49.346601372
5.13174409501
0.0120683599962
0.0120157469064
13.754308602
0.0990980060305
0.012267613085
0.0122446059249

checksumTime
0.0120067999233
0.0124241979793
0.0117643070407
0.0117530389689
0.0119617719902
0.0119968740037
0.0119429740589
0.0120463949861
0.0119317419594
0.0119091799716
0.0119083009195
0.0120806930354
0.0119050219655
0.0116874800297
0.0129929770483
0.0119020040147
0.0119503309252
0.0119480129797
0.0384328340879




layer number :  19
148.685220645
0.0888083740138

jsonTime
0.0152791480068
3.02699091204
0.0311439960497
0.0171973820543
0.0151771330275
0.0156648890115
0.0313422579784
2.92691950698
0.017682646052
0.0157436300069
0.0350197770167
8.19935792091
1.20521874307
0.0229502150323
0.0153043010505
1.44909801392
0.0345176620176
0.0154446220258
0.0157881369814

layerTime
0.0123040210456
31.977401183
0.0813111469615
0.0123697079252
0.0122492630035
0.0122462069849
0.0121403880185
32.448998522
0.01240022399
0.0123805979965
0.013110061991
47.9535792101
5.10248249792
0.0123209479498
0.0119628210086
13.3892297271
0.102189145982
0.0121501049725
0.0118659579894

checksumTime
0.0120049029356
0.0283966739662
0.0119511600351
0.0119697890477
0.0119519729633
0.0119506909978
0.0117149780272
0.0119973919354
0.0120365329785
0.0119635009905
0.0121810140554
0.0122010789346
0.012927667005
0.0117326970212
0.0118661409942
0.0116923749447
0.012934732018
0.0164560050471
0.0392647879198




layer number :  19
143.679936225
0.0884606230538

jsonTime
0.0313113640295
2.99932045303
0.0299434439512
0.0172448860249
0.0165199029725
0.0316419879673
0.0157010400435
2.98836166796
0.0228730130475
0.0188109050505
0.0159535040148
7.74017182505
0.987779246992
0.01754652604
0.0164354210719
1.80952626199
0.0289257790428
0.0151989350561
0.0218244750286

layerTime
0.0115396030014
28.815636675
0.0821477059508
0.0124745839275
0.0122896420071
0.0141496120486
0.0122545749182
31.465107647
0.012186244945
0.0140896979719
0.0120919619221
47.9388183829
5.38646080904
0.0123236399377
0.0122556829592
12.557918112
0.101348211989
0.0120364979375
0.0117644009879

checksumTime
0.0117114719469
0.0124108310556
0.0118872930761
0.011933749076
0.0120058889734
0.0119609939866
0.0119489410426
0.0120161729865
0.0117918900214
0.0118666900089
0.0117116300389
0.0115006570704
0.0120532999281
0.011987010017
0.0119326909771
0.0131565809716
0.0127567820018
0.0118054549675
0.0424584400607




layer number :  19
147.501278632
0.0882686759578

jsonTime
0.0325005609775
3.1811365271
0.0217368330341
0.0154530219734
0.0147170349956
0.0217566819629
0.0145801749313
2.71799507004
0.0161174640525
0.0240422779461
0.0152336320607
7.55106854509
1.00750446401
0.0158984679729
0.0150861099828
1.40412900597
0.0574357530568
0.016088017961
0.015752086998

layerTime
0.012364152004
31.192878517
0.0424597549718
0.0121266860515
0.0120228240266
0.0115354169393
0.0120794050163
33.215015764
0.0122223009821
0.0124274080154
0.01217132702
47.482496972
4.566267021
0.0121036670171
0.0120547200786
14.116690546
0.223340390949
0.0123128280975
0.0122769029113

checksumTime
0.0117768159835
0.0121904349653
0.011746261036
0.0117680059047
0.0115448350552
0.0113872440998
0.0112751260167
0.0130501019303
0.0167836539913
0.011911256006
0.0120067169191
0.016209602938
0.0128882400459
0.0117645739811
0.0117616889765
0.0120236539515
0.0120643950067
0.0121570529882
0.0349478110438




layer number :  19
148.152027351
0.0863664249191

jsonTime
0.015405282029
3.04428588203
0.0214013940422
0.0169613449834
0.0157708780607
0.0309653140139
0.0156537259463
3.23276590602
0.0229893199867
0.0170759339817
0.0175765519962
7.492610596
1.18862749403
0.0180314789759
0.0151014329167
1.69717640697
0.0308505980065
0.0156595859444
0.0154647959862

layerTime
0.0122584479395
30.583368724
0.0406054609921
0.0122945420444
0.012291349005
0.0141635499895
0.0122436920647
32.1981825239
0.0122299640207
0.0120800930308
0.0121486700373
49.3021419069
5.07250918297
0.0121358130127
0.0119911860675
13.3354186059
0.192106351024
0.0122024869779
0.0121741819894

checksumTime
0.012037403998
0.0121115730144
0.0118452250026
0.0119226349052
0.0119696659967
0.0120955919847
0.0119565560017
0.0119727459969
0.0118858290371
0.0139966189163
0.0117950800341
0.012158758007
0.0163751810323
0.0118303530617
0.0117150290171
0.0119114880217
0.0119752190076
0.0118585210294
0.0366756280418




