layer number :  35
156.222922289
0.13196886098

jsonTime
0.015220921021
2.83390056994
0.0294406550238
0.0172378580319
0.0157207390293
0.0162559689488
0.03438959294
0.0163909459952
0.0164029080188
0.0156685760012
0.0312678120099
5.80729323602
0.0226277631009
0.0223991819657
0.044637846062
0.0325600500219
0.016614831984
0.0175787910121
0.0163026920054
0.0156702150125
0.0159359449754
0.0300536280265
0.0159645719687
0.0156228019623
0.0178499609465
0.0155804599635
1.31531933101
0.0318912829971
0.0295226720627
1.2516011101
0.0533049069345
0.807477563969
0.0161668390501
0.15123975405
0.0189287270186

layerTime
0.0123128909618
31.38374075
0.0812079589814
0.0122437350219
0.012321457034
0.0122008330654
0.0125458430266
0.0122825381113
0.0122192869894
0.0123993540183
0.0122792660259
76.251511501
0.013035301934
0.0926411950495
0.663731044042
0.0124071650207
0.012243118952
0.0122792979237
0.012012438965
0.0118509939639
0.0122256850591
0.0123416290153
0.0122720160289
0.0122432190692
0.0119048450142
0.0122610089602
10.7937517799
0.0134290069109
0.121403836994
13.0763300209
0.366399807972
8.25440317299
0.0121886850102
1.42465267191
0.0140454970533

checksumTime
0.0119149860693
0.0131986530032
0.012024757918
0.0119255899917
0.0120186549611
0.0119272649754
0.0119809149764
0.0119363919366
0.0119347620057
0.012014822918
0.0119401119882
0.0117099109339
0.012166718021
0.0120340369176
0.0121145999292
0.0120512680151
0.0148029540433
0.0119096410926
0.0117492990103
0.0116526610218
0.0121589679038
0.0120155049954
0.0119395590154
0.0120024259668
0.011966241058
0.0119368070737
0.0120064300718
0.0120750640053
0.0119690279244
0.0129027460935
0.0121641530422
0.0120476300362
0.0119577299338
0.0118331540143
0.0370068469783




layer number :  35
157.884948034
0.13006284798

jsonTime
0.0329383789795
3.14745670697
0.0216953309719
0.0153511220124
0.0148592720507
0.0219549110625
0.0147445630282
0.0147098359885
0.0156598860631
0.0146933740471
0.0313911649864
5.87062561396
0.0301725841127
0.0269915389363
0.0641912530409
0.0163746989565
0.0151293269591
0.0221376609989
0.0146421209211
0.014597447007
0.0150954339188
0.0152537319809
0.0217206670204
0.0156047469936
0.0192470879992
0.0157121840166
1.36712360894
0.0162678640336
0.0293048849562
1.26228807191
0.0588648599805
0.774877588032
0.0158249470405
0.137214782066
0.0152291948907

layerTime
0.0125843259739
32.434952809
0.0403826000402
0.0122090349905
0.0120331849903
0.0122187399538
0.0120586209232
0.0122699980857
0.0120650109602
0.0120549140265
0.0123662620317
76.54868881
0.0138628279092
0.171105109039
0.798730692011
0.017070002039
0.0124732799595
0.0121602889849
0.0121260320302
0.0120770339854
0.0121019650251
0.0120984720998
0.0121158648981
0.0120742410654
0.012327963952
0.0122037329711
10.8916420301
0.0122888570186
0.121080675977
12.6949093801
0.362134411
8.25334484596
0.0122205190128
1.48298928095
0.0114178101066

checksumTime
0.0119427690515
0.0123448040104
0.0117684799479
0.0117850740207
0.0117359749274
0.0117933510337
0.011740365997
0.0120122549124
0.0117421780014
0.0120340469293
0.0119726130506
0.0119947149651
0.0120354980463
0.013029291993
0.0120258670067
0.0134721359937
0.0117648170562
0.0118222930469
0.0118573940126
0.011924489052
0.0118141879793
0.0120658819797
0.0118218930438
0.0119825609727
0.0119358190568
0.0119566019857
0.0124760279432
0.0119980230229
0.0120534440503
0.012721813051
0.0118692269316
0.0121826760005
0.0119599639438
0.0120480480837
0.036107597989




layer number :  35
155.622283381
0.13358476304

jsonTime
0.0331399809802
2.94659672596
0.0309030249482
0.0171785989078
0.0154819779564
0.0314166740282
0.0157888649264
0.0155822919914
0.0155584409367
0.0154325900367
0.0316750539932
5.830581986
0.022574908915
0.0229427888989
0.0586497560143
0.0159233590821
0.0156592410058
0.0315307530109
0.0165131019894
0.0157227580203
0.0163749379572
0.0156920719892
0.0315511689987
0.0165567470249
0.0181715689832
0.0164971100166
1.33888503897
0.0153180480702
0.0220302320085
0.970631816075
0.0916291539324
0.803730012034
0.0161238670116
0.139005085919
0.0143128329655

layerTime
0.0124719029991
31.71234074
0.0828755910043
0.0122063130839
0.012135635945
0.0137991809752
0.0122975390404
0.0120670110919
0.0121473390609
0.0122892549261
0.011868837988
76.365241538
0.0122040330898
0.108554057078
0.993348901044
0.0122180039762
0.0122038070112
0.0123367279302
0.0122961510206
0.0122735589975
0.0122627459932
0.0122694480233
0.0122945089824
0.0123393030372
0.0119465700118
0.0122797199292
10.678869703
0.0121216009138
0.0573264869163
12.3038704409
0.856530569959
7.536271694
0.0132823359454
1.31045151909
0.0120122380322

checksumTime
0.011923282058
0.0126772320364
0.0117675510701
0.0118725840002
0.0118904210394
0.0119916510303
0.0118261759635
0.0118805440143
0.0119068849599
0.0120901300106
0.0117464560317
0.0119681960205
0.0151498100022
0.0117964629317
0.0120772279333
0.0122077319538
0.0119737640489
0.0119240210624
0.0119855889352
0.0119644789957
0.0119756490458
0.012001872994
0.0120374379912
0.0120174649637
0.0117581150262
0.012012595078
0.0130860880017
0.0118526980514
0.0118101530243
0.0120900560869
0.0120952830184
0.0122448300244
0.0122473230585
0.0117339439457
0.0397572730435




layer number :  35
156.936609835
0.133019450004

jsonTime
0.032981441007
3.10238542
0.0217303909594
0.015520601999
0.0145753549878
0.0225838290062
0.0146347450791
0.0148941930383
0.0156742039835
0.015639713034
0.0312900700374
5.88531318808
0.0248040219303
0.0222365049412
0.0563307289267
0.0158128660405
0.0158734100405
0.0316649740562
0.0155985240126
0.0163016080623
0.0154456410091
0.031267725979
0.0165728389984
0.0155565650202
0.0196687940042
0.0156279359944
1.396451963
0.031711386051
0.0294700119412
1.25788921793
0.0535246010404
0.804481298081
0.0149185609771
0.107012124965
0.0153592700372

layerTime
0.0124202729203
31.434200337
0.0403775420273
0.0121408810373
0.0122067780467
0.0121307189111
0.0119541869499
0.0123630559538
0.0121955140494
0.012172683957
0.0122622799827
76.7656848029
0.0122442280408
0.0900984890759
0.916304646991
0.0122618839378
0.0122147250222
0.0123174500186
0.0122192420531
0.0122065899195
0.0121984679718
0.0122641540365
0.01241144503
0.0121852189768
0.0123584159883
0.0121954160277
10.354533772
0.0131860040128
0.121366425068
12.975338301
0.486862262012
8.637428249
0.0120657340158
1.01721396402
0.0120638059452

checksumTime
0.0119522099849
0.0125415090006
0.0117335279938
0.0117135009496
0.0117800510488
0.0117043619975
0.0117322179722
0.011887538014
0.0119359099772
0.0118898430374
0.0119373849593
0.0166287900647
0.0122287550475
0.011860336992
0.0118127010064
0.0119022870203
0.0119271349395
0.01190656994
0.011957363924
0.0119283400709
0.0118486189749
0.011861986015
0.0119290119037
0.013811078039
0.0120656680083
0.0119872100186
0.0119321859675
0.0120082159992
0.0119292309973
0.0128981339512
0.0121361409547
0.0120258269599
0.0119854230434
0.012310017948
0.0348616900155




layer number :  35
156.077850181
0.131819435046

jsonTime
0.015235794941
3.11033786193
0.021528417943
0.0227362579899
0.0152788180858
0.0146198460134
0.0150046959752
0.0215644910932
0.0151439640904
0.0147759729298
0.0156298860675
5.88751616899
0.0187697899528
0.0283919109497
0.0666969519807
0.0152084910078
0.0220473030349
0.0158073389903
0.0148953780299
0.0146467910381
0.0147056869464
0.0230518339667
0.0147870050278
0.0148150930181
0.0158772579161
0.0148768720683
1.36735127994
0.0234620410483
0.0227609190624
1.00230660301
0.0622283769771
0.796205815044
0.0148469749838
0.110285336035
0.0220986269414

layerTime
0.0122489400674
32.4428360261
0.0418909980217
0.0124218789861
0.0120267039165
0.0119922829326
0.0120226569707
0.0120141669177
0.0120755559765
0.0120746670291
0.0123431519605
75.3394175661
0.0130995060317
0.192107502022
0.927028354025
0.0120502409991
0.0121249699732
0.0122024150332
0.0119656990282
0.0119964829646
0.0119691010332
0.0121505190618
0.0119924539467
0.0120661540423
0.012193387025
0.0120767679764
10.220994089
0.0125105229672
0.0580596700311
12.926508327
0.511297897086
8.60688625695
0.01205350901
1.02571962401
0.0123757880647

checksumTime
0.0119100779993
0.0122155100107
0.011856083991
0.011781668989
0.0117778250715
0.0119577640435
0.0117591479793
0.0119138190057
0.0117342720041
0.012124264962
0.0118706689682
0.0121166700264
0.0120598339709
0.0121326789958
0.0120895169675
0.0117871940602
0.0159533029655
0.0117940059863
0.011786075891
0.0117707561003
0.0138263179688
0.0117755139945
0.0117609279696
0.011695883004
0.0121492689941
0.0119627770036
0.0128834230127
0.0128469099291
0.0118440999649
0.0119927469641
0.012056123931
0.0119350700406
0.011963663972
0.0117804770125
0.0365308199544




layer number :  35
148.726783916
0.129608873976

jsonTime
0.0156684230315
3.12840222707
0.02169572399
0.0154182870174
0.0147023940226
0.0147862239974
0.0146857250948
0.0146614869591
0.0219603830483
0.0158557250397
0.0167031650199
5.87859678001
0.0170650220243
0.0223788591102
0.0544768050313
0.0166989739519
0.0157964359969
0.0157483459916
0.0318271189462
0.0163104549283
0.0155389290303
0.0156345230062
0.0155671390239
0.0313299179543
0.0183515480021
0.015618955018
1.36233273195
0.0162314749323
0.029413912911
1.27084845805
0.0528470070567
0.626203289954
0.0228396509774
0.0996033539996
0.0162204559892

layerTime
0.0125466169557
32.369021926
0.0405842380133
0.0120760299033
0.0120274169603
0.012053713901
0.0119876739336
0.0119503220776
0.0120640590321
0.0121396369068
0.0118322890485
70.4107460311
0.0121360190678
0.0969643249409
0.605764153996
0.0122195180738
0.0122446509777
0.0122518310091
0.0137592930114
0.0124403070658
0.0122710000724
0.0122779249214
0.0122814350761
0.0125306260306
0.0123282090062
0.0122399509419
10.0170544661
0.0123082540231
0.120531118009
12.760540548
0.388003606
7.02968471602
0.0121650890214
1.03029968904
0.0120839340379

checksumTime
0.0120194680057
0.0124482910614
0.0117807689821
0.0117165660486
0.0117769470671
0.0117447139928
0.0118351270212
0.0116223809309
0.0121971899644
0.0120268570026
0.0120863239281
0.0158612699015
0.0118057779036
0.0115080559626
0.0121644500177
0.0119906909531
0.0119663240621
0.0119689080166
0.0120100430213
0.0119814919308
0.0119667319814
0.0119924159953
0.0120052519487
0.01199636003
0.0119319839869
0.0121356190648
0.0122052669758
0.0120794840623
0.0119190650294
0.0123116729083
0.0116903689923
0.0120367420604
0.0127967369044
0.0128483909648
0.0385233029956




layer number :  35
149.529909133
0.134222873021

jsonTime
0.0154896639287
2.79638347903
0.0268326279474
0.017512024031
0.0153699389193
0.0152892440092
0.0152343619848
0.0282554629957
0.0153640960343
0.015446010977
0.0153683859389
5.80722698802
0.0339509559562
0.0223147619981
0.0634585940279
0.0159098859876
0.0316287779715
0.0165142549668
0.0161642900202
0.0156123649795
0.0155453399057
0.0314166110475
0.0177102319431
0.0157854750287
0.0183823859552
0.0157653900096
1.358898932
0.0222552979831
0.0229988320498
1.16769693198
0.0917150559835
0.79471224593
0.0152060509427
0.114214497968
0.0222614720697

layerTime
0.0122017000103
29.894806086
0.0678055339959
0.0124688959913
0.012158359983
0.012053385959
0.0121795880841
0.012256714981
0.0121845859103
0.0121887529967
0.0122323830146
71.5647742481
0.0121951899491
0.0915857049404
0.952113977051
0.0122781409882
0.0144705550047
0.012280688039
0.012268616003
0.0119275380857
0.0122794060735
0.0124008390121
0.0122836349765
0.0122396389488
0.0124513760675
0.0122609910322
9.90699856693
0.0123441610485
0.0582241779193
13.195602135
0.855273087043
7.78309294803
0.0120355769759
1.5429062451
0.0119664110243

checksumTime
0.0120702839922
0.0121893010801
0.0119379570242
0.0120077900356
0.0117931760615
0.0119098799769
0.0117948480183
0.0119850679766
0.0119785930729
0.0117824720219
0.0119554370176
0.0160110309953
0.0118254000554
0.0130271880189
0.0119808629388
0.0119593710406
0.0120699499967
0.0119684030069
0.012128110975
0.0116762910038
0.0120194199262
0.0165460460121
0.0120397020364
0.0118896330241
0.0121117789531
0.0119109930238
0.0120167400455
0.0118685789639
0.011825461057
0.0120406659553
0.0120372989913
0.0120271610795
0.0119091930101
0.0120332218939
0.0361796439392




layer number :  35
151.683678772
0.131700714934

jsonTime
0.0324756969931
2.90381444409
0.0220256199827
0.0159202320501
0.021745622973
0.0146855469793
0.0151768829674
0.0145929580322
0.0145612210035
0.0149212479591
0.0218088610563
5.75947889406
0.0224576130277
0.0235367650166
0.0585774789797
0.0149045229191
0.0154172540642
0.0227788869524
0.0192809400614
0.0150184329832
0.0148218680406
0.0215965150855
0.0147326979786
0.0146888319869
0.016137241968
0.0156455190154
1.36089910101
0.0320115450304
0.0292385549983
1.25976571999
0.0563299859641
0.63805378892
0.0591251939768
0.112150972011
0.0162991608959

layerTime
0.0123988600681
30.0577394019
0.0470714290859
0.0122047900222
0.0118262530304
0.0121033400064
0.0120093500009
0.0119612299604
0.0120234610513
0.0119615329895
0.0121815229068
75.8773217719
0.0146172889508
0.0926012200071
0.712355380994
0.0128697809996
0.0121146169258
0.0120617599459
0.0137069319608
0.0120377150597
0.0121205169708
0.0120772669325
0.0121015749173
0.0120826710481
0.0122547760839
0.0122119809967
9.58376849501
0.0131942150183
0.121443868033
12.258914421
0.442182673025
7.88088607707
0.0121711960528
1.01407099993
0.0123904690845

checksumTime
0.0120110439602
0.0125933929812
0.0120044079376
0.0117433639243
0.0114763000747
0.0120884419885
0.0116834780201
0.0118371809367
0.0118489490123
0.0117775780382
0.011828652001
0.012084822054
0.012947884039
0.0154601029353
0.0120765630854
0.0110313090263
0.0117040880723
0.0115359229967
0.0116515250411
0.0117733438965
0.0117697200039
0.0118098100647
0.011805279064
0.0119838799583
0.0118079289095
0.0119472510414
0.0118542029522
0.0121977259405
0.0119694049936
0.0119956270792
0.0129040320171
0.0129573929589
0.0118459910154
0.0118972500786
0.041591363959




layer number :  35
149.824100144
0.130051626009

jsonTime
0.0327655049041
2.99273548601
0.0276725139702
0.0174417289672
0.0156836430542
0.0316033960553
0.0158255959395
0.0155728569953
0.0157124740072
0.0157527410192
0.031428680988
5.80175588501
0.0325537369354
0.0348788650008
0.0619283809792
0.0148046959657
0.0162706259871
0.0228373289574
0.0148259410635
0.0147733238991
0.0147981729824
0.0145454420708
0.0219232719392
0.0143657260342
0.0183420259273
0.0156068890356
1.37679947994
0.0142523179529
0.02279606706
1.26724023302
0.0896526490105
0.792876455002
0.0601782529848
0.0980860380223
0.017313029035

layerTime
0.0123553749872
30.5124435481
0.0643267390551
0.0123223119881
0.0123344160384
0.0139490489382
0.0122387830634
0.0122420210391
0.0122178440215
0.0121915369527
0.0123451669933
72.205653285
0.0155249839881
0.170846574008
0.834278024035
0.0120785140898
0.0120888770325
0.0121209960198
0.0120637379587
0.0120011820691
0.0120054030558
0.0120911999838
0.0121544910362
0.0120775279356
0.0123786809854
0.0122168419184
10.4525051221
0.0120371830417
0.0895592259476
11.72208261
0.852076898096
7.94468585006
0.0121225239709
1.02234989102
0.0124197970144

checksumTime
0.0119213470025
0.0125847039744
0.0119669180131
0.0120210299501
0.0119764999254
0.0119740550872
0.0119495139224
0.0119100590236
0.0119163489435
0.0119491129881
0.0119675280293
0.0123758120462
0.0119026349857
0.0156025890028
0.0118877349887
0.0162836769596
0.0118086820003
0.0117791149532
0.0122699150816
0.0117317369441
0.0117347489577
0.0118956610095
0.0116013219813
0.0117833000841
0.0120027720695
0.0119580500759
0.0112726649968
0.0127464749385
0.0119536559796
0.012164899963
0.0120300808921
0.0119070720393
0.0118987140013
0.0128369448939
0.0337414370151




layer number :  35
149.411403199
0.13247205806

jsonTime
0.032486933982
2.95180099306
0.0216286779614
0.0154088899726
0.0146416230127
0.0218841859605
0.014704498928
0.0145955299959
0.0150349399773
0.0150499589508
0.0312131040264
5.820361958
0.032333487994
0.027761211968
0.0552022729535
0.0167691910174
0.0153943049954
0.0219683139585
0.0147208198905
0.0147331199842
0.0165910869837
0.0149662269978
0.021544395946
0.0167773730354
0.0183524320601
0.0159228530247
1.36341389501
0.0157205850119
0.0293748229742
1.25257668807
0.0904791499488
0.771847359021
0.0150042399764
0.120086192968
0.0155091140186

layerTime
0.012496637064
29.694185318
0.040940721985
0.0121341629419
0.0120183570543
0.0123144090176
0.0120566920377
0.0119547359645
0.0120622799732
0.0121529849712
0.0124620549614
72.037848579
0.0154500139179
0.180916841025
0.829002275015
0.01217605907
0.0121153770015
0.0120611169841
0.012017169036
0.0119918399723
0.0132002809551
0.0119514410617
0.0120664050337
0.012284499011
0.0124524179846
0.0121802620124
9.511298478
0.0119384810096
0.119334049057
12.5491596459
0.793258669088
8.27106593398
0.0120667810552
1.55077396194
0.0120219959645

checksumTime
0.0119510379154
0.0123946440872
0.0117891810369
0.0117466560332
0.0116722929524
0.0117867160589
0.0117165719857
0.0121502050897
0.0117397620343
0.0120590650477
0.0120319949929
0.0120497010648
0.0120995190227
0.0119807720184
0.0152573779924
0.0118323139613
0.0117175040068
0.0118210141081
0.0116838010726
0.0117640340468
0.0116888759658
0.0116567160003
0.0163971550064
0.0119603628991
0.0121581349522
0.0118770550471
0.0121748839738
0.0124620989664
0.0117745149182
0.011300252052
0.0118189719506
0.0116668930277
0.0127254599938
0.01184998604
0.0365658630617




