layer number :  9
0.809659303399
0.0401599816047


0.00830010615755
0.0183861348778
0.0996564741945
0.0100973762649
0.0221341162687
0.00861404486932
0.00828934732514
0.0124827355612
0.008490164609


0.00431059669548
0.00656710848367
0.476568042184
0.00454226237101
0.00610908186839
0.00456375911987
0.00438344587262
0.00468295195606
0.00439618442518


0.00385384063702
0.00732051030111
0.00404650132017
0.0038297783661
0.00408273997406
0.00402172654867
0.00369632061726
0.00392285943963
0.0175387738661
