layer number :  15
235.233043247
0.0720248963684


0.0135202068292
1.65658850553
0.00786963532057
0.0070502339319
14.8865383675
0.0964164250376
0.231754021021
0.00998920753287
0.00579959631431
0.00471845102341
0.00960336831242
0.00572210759856
0.00442823953926
0.00413964234758
0.00682926271111


0.00747843532979
16.2109711323
0.00284938983775
0.00286132628874
198.065784802
0.802240923668
2.10657108913
0.00218653011446
0.00314818019979
0.00201075493048
0.00341983015338
0.00230192769474
0.00202129466925
0.00192040678424
0.00239984931735


0.00713117451718
0.00289822284443
0.0026471496094
0.00256176347223
0.0163371134937
0.00328361980307
0.00661187056298
0.00197009784945
0.00296179146971
0.00173399907847
0.00194669871901
0.00191081544229
0.00176618318073
0.00173861331617
0.00880348403007
