layer number :  19
154.742895344
0.0603563778568


0.0119651151278
2.96426064952
0.050519163992
0.0143658140053
0.926265697344
0.013219959025
0.00456215736146
0.00454450348237
0.00567015687314
10.5572798465
0.00945504281359
0.00447676346327
0.00458394968882
0.00480150132595
0.0134763648967
0.00498248252552
0.00462747532098
0.00453570818839
0.00445971083051


0.00471912848297
25.1169062814
0.0177034418642
0.00535612766786
7.32573512503
0.0040450184606
0.00209240363135
0.00194591190666
0.00208558095619
111.99830007
0.00251913932152
0.00220045536601
0.00215839470426
0.00211722869426
0.0079536405392
0.00227662164252
0.00217509972087
0.0020815411505
0.00213531971288


0.00394883398743
0.00226099261393
0.0020886111306
0.00220121315215
0.00214238251404
0.00201546847044
0.0019278061809
0.00181105379791
0.00174351249977
0.0182071321954
0.00205472270803
0.00193386346412
0.00186286012952
0.0019009426857
0.00514292383256
0.00203637018179
0.00189950014465
0.00179797329474
0.00982861430383
