layer number :  17
21.0346019696
0.0668023121543


0.0153282756607
0.0183920946438
0.161938829076
0.00548906864909
0.00875545553087
0.121301715495
0.00662888175187
0.00624148147956
0.0115600771969
1.38438359438
0.00467020366341
0.0682938851727
0.00995247904212
0.307102219628
0.00618174443177
0.00698506184078
0.00536073550272


0.00557753199246
0.00643053418026
1.35167572391
0.0022539057148
0.00286915199831
0.659329648906
0.00335812265985
0.00321902633489
0.00405836493398
13.8286010002
0.00213359870637
0.255127846846
0.00315260580586
2.68065741022
0.00260296138003
0.00284099710795
0.00243377014218


0.00392084553217
0.00407354871277
0.00249934010208
0.00185397597185
0.00181038596202
0.00317948625889
0.00297370448243
0.0028702825075
0.00297360331751
0.00333763115729
0.0018587851276
0.00401118129958
0.00239826831966
0.0107184467294
0.00227660646973
0.00223804304066
0.0106009630254
