layer number :  18
56.4111060544
0.058437028341


0.00788838932446
2.98508453063
0.221862215859
0.0143780778938
0.00884924456477
0.341517596156
0.0101646881861
0.00979017656453
0.238057986678
0.00848539084353
0.00855066266376
0.947749277384
0.0157599403368
0.00688518389749
0.0062602777034
0.00890619362083
0.007684035964
0.0146633320643


0.00439698501335
33.1590007511
0.0546939681517
0.00786979515882
0.0041798837871
4.01029521452
0.00381838879548
0.0037519192944
2.10957983653
0.00282692249554
0.00362614084346
12.1060166655
0.00538454503597
0.00332041049842
0.00318321795203
0.00391407733938
0.00345365152073
0.00417978762804


0.0081875671943
0.0112960483724
0.00707326363772
0.00338693060136
0.00368770134325
0.00284543668386
0.00261304682742
0.00268881197553
0.00216899226264
0.00202740887956
0.00238433709213
0.00330575113185
0.00421408839368
0.00294006297675
0.0028575413938
0.00291928470445
0.00271274382249
0.0141481506871
