layer number :  37
144.810856972
0.101703997934


2.98516998052
0.0485344181458
0.00535341519086
0.00886733084916
0.00593078276142
5.80343860931
0.0707066216661
0.00946767511778
0.237746023767
0.0305541544222
0.00707504452051
0.00926717297019
0.00685519961795
0.00684239051771
0.00897934497334
0.011361427838
0.00552285125013
0.00532685309493
0.00534697117594
0.49699291843
0.00622695758162
0.00834029350274
0.0044812799897
0.00561616003203
0.00569231629682
0.00445021681177
0.00551797403023
2.65159751719
0.00614225728592
0.0834054050114
0.0133057119868
3.40302300348
0.123297327547
0.00865364947823
0.00570259433395
0.00727615431727
0.00554481362148


23.6032962886
0.0157177131623
0.00216992967762
0.00349851243664
0.0026568066484
50.7158348866
0.281031763996
0.00522256056624
1.77290063914
0.0152097589647
0.00304927797212
0.0047071945155
0.00295582592177
0.00279596894203
0.00301313571011
0.0031454085838
0.00276180026898
0.00267184805125
0.00266422831919
3.83789587886
0.00269070923483
0.00294984551147
0.00212303021302
0.00235378198947
0.00230603587503
0.0020034131206
0.00217668230956
24.7756027806
0.00255606032442
0.212322791146
0.00303482846357
22.7733574398
0.546110226656
0.00374140054919
0.00299157567012
0.00308074903054
0.00275002617855


0.00220094450439
0.00192647415679
0.00187510166628
0.00197684931724
0.00191624284101
0.0183346890068
0.00938420052019
0.00469248575003
0.00550179396911
0.004430901298
0.00253651617095
0.00243657152168
0.00248957929822
0.00240175751969
0.00249056401663
0.00383475550916
0.00236545604033
0.00371222019506
0.00379665700408
0.0022240182152
0.00192885713962
0.00203188799787
0.00180482227976
0.00179414482166
0.00183645453459
0.00171461418116
0.00172567635309
0.00213324701569
0.00202582772666
0.00253374471018
0.0023256498777
0.00567107247964
0.00392352351143
0.0025721169853
0.00246495831137
0.00248292849089
0.0117706133363
