layer number :  27
125.547853311
0.0729530988261


0.0148725369169
2.90202453189
0.0526049129354
0.00623127111855
0.00524384264524
0.20797560787
0.00729985733049
2.92906919549
0.00572320931436
0.00480151657636
0.0194159376746
0.00449538681035
0.00585329978882
0.00571857738153
3.7871493682
0.00504534718736
0.00979206412253
0.00456889905035
0.0055858020593
0.00616298045497
1.90631448295
0.00776070340846
1.73929566599
0.00787618996886
0.00478638584415
0.00678207387682
0.00580006015177


0.00898729827411
24.0341125917
0.0142718112717
0.00215725166102
0.00206467916723
1.02466351613
0.00281174232563
29.6964867592
0.00222617185985
0.00214923700939
0.0182280035224
0.00211490089229
0.00255162664689
0.00253281164138
30.6816028415
0.00217943382449
0.00323772135501
0.00212301465217
0.00231274279455
0.00226295168977
11.0888480099
0.00274871091824
15.0067808119
0.00288321399906
0.00209774864683
0.00222014969525
0.00206882320345


0.00824045917641
0.00218337428911
0.00216519304862
0.00184292400566
0.00185018684715
0.00216403770416
0.00196570301584
0.00218117733797
0.00196913808274
0.00179660879075
0.00211874663364
0.00182962499093
0.00188221999754
0.0019045668887
0.00219406474692
0.00198669289239
0.00200236449018
0.00185109810748
0.00173349468969
0.00181890519646
0.00221258184562
0.00189657497686
0.00221763784066
0.00188119868593
0.00179209463143
0.00187534598323
0.00923621999877
