layer number :  22
92.8303389694
0.0753899649718


0.0221079796708
3.09506580846
0.0916012896535
0.00989342306275
0.00690794348097
0.00551878882106
2.01105428615
0.0163543309318
0.00823139496302
0.00668655114714
0.0175622217745
0.00705264089629
0.00879840871009
0.00719912811959
0.0061246897094
0.0145325815538
0.0092477251698
2.33242989782
0.254887857668
0.00794117381641
0.00449996492049
0.00413459884779


0.00634449049054
33.048132147
0.0263515730621
0.003851284467
0.0032623509954
0.00281945096018
21.5677416459
0.00342893848816
0.00334302700746
0.00334121003592
0.00576380554897
0.00318745616823
0.00345677513784
0.0031208677295
0.00305920563794
0.0040974971295
0.00353377867335
28.068570094
2.06051774125
0.00234462801988
0.00208471125613
0.00204111686132


0.00392616167665
0.00998761485487
0.00233502740351
0.00263040353699
0.00255493249278
0.00246262383492
0.00634645740501
0.00298183038831
0.00288438936696
0.00288393880085
0.00302151512976
0.00294222911665
0.00280724454206
0.00284390159262
0.00274841464125
0.00300247552029
0.00285158981569
0.00286414582903
0.00214059425828
0.00192577706184
0.00190373510122
0.00888264668174
