layer number :  12
96.2580169771
0.0458418100141


2.08814206561
0.00636376382318
0.00687703734729
1.49557286109
0.00763672900696
5.56626671083
0.0104616606841
0.00871534560187
0.513089571148
0.0101302751185
0.00460306795624
0.00705711570724


15.8176470655
0.00262464648889
0.00232869716516
16.8525554917
0.00288850546349
49.6463902135
0.00444612784001
0.00362294636822
4.23873074054
0.00342341551247
0.00215888904252
0.00245603329192


0.00266922133354
0.00195815600455
0.00185109539113
0.00473239967445
0.00198361238775
0.00249221016808
0.00226400202761
0.00222939598219
0.00216422881931
0.00220476987306
0.00194984915045
0.00923806196079
