layer number :  11
214.491549066
0.0458622165955


1.62894729292
0.00566601749354
0.269072424931
1.63537374302
4.54964944367
0.00969666196033
0.0342154114818
0.0115846306629
13.1780410288
0.0177466755267
0.0126781800063


15.7077122126
0.00252817117143
2.84084319595
19.0086339772
52.9528610362
0.00491427800928
0.0191469634883
0.00516564802576
100.954268198
0.0151556436128
0.00564724792882


0.0025085232143
0.00226503913291
0.00390594596198
0.00285044700528
0.00813361796705
0.00505367200822
0.00337996318315
0.00329272767218
0.0195068021227
0.00337859553596
0.0163860227137
