layer number :  21
79.1100659982
0.0645814052317


0.0127571920166
3.02422106569
0.0514542666497
0.00907147148004
0.00800337316468
0.304938692328
0.00634758120092
0.00434964965098
0.00423378602136
0.00688343902584
3.47890916793
0.19136477611
1.90159863331
0.0213788041146
0.0053307726436
0.00968878324298
0.00505889715472
0.00696830664917
0.00592765801897
0.00960685731842
0.00758960416231


0.00698179379105
24.123832352
0.0126007476356
0.00306346519695
0.00324842221259
3.19664897281
0.00242176500615
0.00204370799475
0.00192525641372
0.0024952593958
30.5050093397
0.00347002987595
12.0000953449
0.00359809720733
0.00233211702046
0.00289628045478
0.00228899833746
0.0022504501588
0.00226928119082
0.00282890132318
0.00271014178482


0.00378259733164
0.00215681203796
0.00197981402744
0.00189017015509
0.00243027845863
0.00219417266392
0.00193673581816
0.00179827772081
0.00173444863564
0.00180721783545
0.0021337348735
0.00232782816359
0.00239500380121
0.00224138936028
0.00204888277221
0.00206420019579
0.00197841851817
0.00191712282443
0.0018837871418
0.00206076920343
0.00998605970138
