layer number :  28
168.364016055
0.0722195235547


0.0229005020034
3.09164190692
0.0446438494837
0.0128503696372
1.06249377116
0.00928928074426
0.00597846562353
0.754962602514
0.00747387933856
0.00481034415619
0.00574851979036
5.05288221008
0.00896031277565
0.004567100162
0.0130718251457
2.77511700297
0.00868667014098
0.0113856608514
0.00458809640258
0.00562545482536
0.00425357367688
0.00426308508031
0.123600139981
1.46241221845
1.45698003603
0.00537111548086
0.0112770587051
0.00463420936527


0.006563893985
28.3613393018
0.0235097824673
0.00479507019433
8.059527831
0.00411905763515
0.00241609984854
7.57281698818
0.0029748356125
0.00207967738
0.00236018300833
49.5316303423
0.00246882551194
0.00215074051327
0.00400017062202
31.3435174436
0.00242102817477
0.00377643151053
0.00207857461646
0.00230474001728
0.00197492601971
0.00193522851138
0.00239628898756
12.6145746694
12.0370501043
0.00211723082854
0.00346930484132
0.00211100198794


0.00398248515557
0.00239705220641
0.00229660437132
0.00222440832294
0.00214751514917
0.00188883766532
0.00197616099225
0.00269324200538
0.00205104623455
0.00183170347009
0.00180303115242
0.00223065722579
0.00205485150218
0.00190886269168
0.00198248168453
0.00210833219656
0.00191243978528
0.00208943511825
0.00194758386351
0.00176033711371
0.00171556005565
0.0016469337279
0.00203499752873
0.00249399163295
0.00211562681943
0.00189902835215
0.00194361212198
0.00946789619047
