layer number :  18
153.465486103
0.0733524941839


0.00810911347313
2.99584724164
0.115383880989
0.00728810050836
1.06037519581
0.00648603316708
0.00456650927663
0.669612556308
0.00687436146351
0.00508026247068
0.0115081654706
5.11510497367
0.00999839712556
0.00467728171498
0.00860995962285
2.7785128447
0.0155641903402
0.0117118939136


0.00437701997968
30.6437861506
0.0332386011724
0.00295136744777
8.4336175964
0.00259976360636
0.00222406866184
7.90329923485
0.00294671223188
0.00228790267526
0.0039603075323
54.7419398517
0.0026831649011
0.00212880297719
0.00301464654816
34.4099326835
0.00673202398078
0.00499435130041


0.00372164320045
0.00862742999257
0.00268376048189
0.00254466283756
0.00231282882547
0.0020269814413
0.00181740134333
0.00264699167261
0.00236177184464
0.00212554734511
0.00224178947974
0.0021566033441
0.00193250058995
0.0018155053646
0.00200381145502
0.00322281871922
0.0028936676293
0.014962779164
