layer number :  15
72.043836176
0.056440164987


2.02382837546
0.0125360498981
3.19410871346
0.0151596032083
0.194849850222
0.465837276036
0.0102088891436
0.00741923433572
0.00538244812439
0.0099659722764
0.00630311912392
0.0061213716399
0.00896168410934
0.00501608899018
0.00904486153741


22.7370427819
0.00401074862263
33.7162129029
0.00562120783919
1.81591503582
7.63540946677
0.00346294266637
0.00280525162816
0.00250721295985
0.0029440758517
0.00240156101063
0.00247920467518
0.00402796652634
0.00242304367324
0.00286213797517


0.0041482214195
0.0034562832443
0.0140906553328
0.00341760029551
0.0051014404744
0.00250594973719
0.0022635034984
0.00215300106599
0.00211141440862
0.00217524019536
0.00201600801665
0.00206742885833
0.00221589882858
0.00213018137341
0.0103297020153
