layer number :  24
95.356668019
0.0669612347614


2.85025277466
0.0435098546635
0.00813742921067
0.00716796688115
0.00455479153122
0.00460678195425
0.974638848644
0.00655780255329
0.00783910427708
0.00505678538078
0.0165712644424
0.00777796795592
0.00799382400389
0.00801392516586
0.00475776319702
0.00466140949478
0.0681373408297
0.00938347761986
0.00992787951448
0.00584972160868
0.00571174213352
4.44315933781
1.17580879255
0.32099271197


23.4597376913
0.022045251991
0.00324682126908
0.00318779303537
0.00211148437423
0.0020569365782
7.5522342838
0.00247589879048
0.00275372818578
0.0021989819749
0.0144216590173
0.00261274833853
0.00249275829022
0.00236761531172
0.0020426500123
0.00204898467443
0.134052524498
0.00323117869751
0.00331223049822
0.00269704222834
0.00307409263527
39.2767196108
10.9362363808
3.82616714396


0.0022626768332
0.00207959600569
0.00193285864467
0.00192601842961
0.00187459029257
0.00189066247549
0.00245413269537
0.00196014624089
0.00188916176557
0.00180098340692
0.001834887856
0.00184737184706
0.00183454869936
0.00189704781709
0.0017346861617
0.0017738523117
0.0050925972173
0.00263120730718
0.00270776213923
0.00243966005898
0.00274765274177
0.00223843986168
0.00668232259341
0.0149691481686
