layer number :  21
103.819480158
0.0721665810329


2.03710452882
0.00926082922767
0.603304076707
0.0879268575616
0.0153563501081
0.00664265329639
0.00613686050444
0.0105403093233
3.83373881252
0.0662428508125
0.277898748172
0.00668041784472
0.00627716595773
0.867519319911
0.00690244448682
0.00694995295877
0.00624382965422
0.0148419949692
0.0888919886202
0.016456953017
0.0112530033803


22.874350534
0.00388448231388
8.13626485628
0.108378269826
0.00496809316489
0.00325641621991
0.00313766669327
0.00397987454198
53.7151081406
0.0214428468219
2.75820743265
0.00327511853538
0.00314673649458
7.39355279963
0.00339686121636
0.00320129399188
0.00313159284027
0.00570339131324
0.269643316472
0.00526734266896
0.00479496813689


0.00544686716361
0.00270301328662
0.00340482212293
0.00303009955678
0.00310477536793
0.00299445341807
0.00287848505347
0.00298670877237
0.00219493890957
0.00324678836235
0.0032874592968
0.00318140381326
0.00284546547725
0.00398525781929
0.00299127753048
0.00286369483607
0.00277677403453
0.00282702521266
0.00415046187118
0.00393127863451
0.0177245854866
