layer number :  24
82.631286033
0.0704365237616


0.0115541163444
2.04969711392
0.00556267266317
0.00784479741317
3.51471222665
0.00841794116423
0.00698527003018
0.00841757752157
0.00568347657099
0.00711447233334
0.0068382541261
0.00828967650885
0.422117925365
0.00797669554595
0.0055108339681
0.17076102683
0.0137103167362
0.0064924286368
0.0126446281792
0.533226660298
0.00620350602549
0.00439156064143
0.00678486419686
0.0041959718413


0.00478082472303
22.2826600696
0.00259555069109
0.00320809105566
43.8413759875
0.00297614218046
0.00341830212468
0.00371798795337
0.00282417978936
0.00322207121644
0.00274836733782
0.00346152717248
4.12261266335
0.00282786014335
0.00250537600368
1.29321798085
0.00422938750125
0.00333104841411
0.00428777797303
4.19295598927
0.00238563430806
0.00207087498469
0.00253718028155
0.00207879584438


0.00379981810693
0.0050160769218
0.00227456951203
0.00223751284648
0.00691906273519
0.00259036190497
0.00257863519558
0.00256052252371
0.00253986947549
0.00674032745883
0.00248758036954
0.00258421397302
0.00215002413218
0.00200540234801
0.00182372847727
0.00320500896002
0.00290624820627
0.0031192205303
0.00318543768177
0.00238363844498
0.00190414868606
0.00180208636448
0.0018392779942
0.00903846245879
