layer number :  23
40.1510993435
0.0668101744261


0.0153507486296
3.09382858302
0.0435730563089
0.00937179099612
0.0051906464699
0.290840471435
0.172022944471
0.0135208503343
0.263164656858
0.0048138947847
0.368633547138
0.0121874351753
0.00575453446557
0.00591524674868
0.00543675358252
0.00988790396756
0.0124127751915
0.00511919078417
0.00515364684786
0.00776091617687
0.00668618218819
0.00514219297717
0.0103386181484


0.00538295771306
27.8681478064
0.0210726036457
0.00318591296673
0.00216111684373
3.63391683138
0.00368643140731
0.00510360781724
2.16558314561
0.00217763885545
2.86952795038
0.00358395379347
0.00254629280729
0.00251265925666
0.0023986105031
0.00294888632683
0.00312094266216
0.00254860966622
0.00246342139629
0.00272023980506
0.00263160269242
0.00245365558658
0.00298918628444


0.00388780531163
0.0025145803035
0.00203269735599
0.00190401476963
0.0018613539869
0.00350722449366
0.00317529480283
0.00327111249013
0.00221321603749
0.00197722103136
0.00276064434244
0.00241577353639
0.00223828817252
0.00214416805344
0.00209896557499
0.00230788967262
0.00220395550908
0.00228474417236
0.00210956092148
0.00218732767583
0.00218689379593
0.00214261581035
0.0101271008995
