layer number :  19
103.568681956
0.0687910774257


0.0152249043264
2.01781698099
0.0141684705159
0.570727378751
1.53994822168
4.75128208562
0.0993396355382
0.00740078568924
0.0126765353295
0.0134480388369
0.926212648124
0.159675863106
0.00874008533234
0.00455126403055
0.0233190418221
0.165133593604
0.00639719131868
0.00851954465421
0.00697700791838


0.00554365932476
16.3512401508
0.00271610411195
5.96048469461
15.7555706764
44.7213618998
0.160912909312
0.00376826400558
0.00475024466868
0.00981574501686
7.58031822338
1.28829893866
0.00289193548572
0.00215333502274
0.0203924611754
1.24060653154
0.00237039348576
0.00298967231841
0.00266218166022


0.00388004654087
0.00796920697516
0.00219286760936
0.00218603185688
0.00222469051369
0.00416968246766
0.00446924567223
0.00335157030107
0.00329918647185
0.00317052352087
0.00268555005702
0.00210168783087
0.00208404466199
0.0018165409953
0.0019605505125
0.00219202363708
0.00188222958241
0.00205801823176
0.00921790239712
