layer number :  10
67.945581366
0.0411283346359


1.61989339484
0.0139922913707
0.00728240566483
2.32685842734
0.00954031866665
0.0144597480151
0.00693651983359
1.51643788132
0.0768388676613
0.0168036359828


16.5656891223
0.00551653952183
0.00354877471303
26.1838707191
0.00428370883068
0.00587199496416
0.00327639149812
19.1786923189
0.222719590568
0.00550341602259


0.00634345897318
0.00325800028319
0.00299875729252
0.00944947940298
0.00300461698013
0.00534051955523
0.00288746878505
0.00615386812326
0.0033103034754
0.0152670710037
