layer number :  18
173.742233362
0.0564614232629


2.42893418666
0.00794173132939
0.0115648893019
3.72120097567
0.938543906009
6.32563590864
0.110394933028
0.191960507849
0.386766287848
0.0604093465566
0.00931781996042
0.00607568964673
0.369183465024
0.00873718818185
0.00942186533939
0.00947952914672
0.00576655489082
0.00545513133208


26.1191509944
0.00379337564421
0.00457735487726
48.8601331624
10.0250747863
64.5548444049
0.55919854797
0.600768301325
4.13822536865
0.00331489365393
0.0038207390268
0.00305377397065
4.01866755883
0.00331697263755
0.00728171054895
0.00309641864927
0.00278236150431
0.00281149715495


0.00355380517431
0.00336291784576
0.0032551229621
0.00357802041496
0.00400346086826
0.0184083164592
0.0088795920213
0.00366203886612
0.00521387912643
0.00284754430565
0.00273810237801
0.00276744967171
0.00281682230222
0.00257441052236
0.00342717130358
0.00257054782317
0.00251910478498
0.0124406330675
