layer number :  10
8.27868173705
0.0439146984368


0.0116422390177
0.167721582693
0.00481475652972
0.00454339171605
0.302796047181
0.004910320354
0.0771530173563
0.00478355928014
0.526553658497
0.00591522474618


0.00489782371248
1.27368631361
0.00215804743736
0.0020412132532
2.98137516532
0.00215295096859
0.177282038106
0.0020510556642
2.64315674916
0.00257245963439


0.00378498194429
0.00232056885337
0.00188288519469
0.00177529919893
0.00216557217452
0.00189262570348
0.00222224920678
0.00194493886859
0.00460755227445
0.00928001121307
