layer number :  19
144.738586192
0.0628434431739


0.0115211420537
2.8379971813
0.103053815818
0.0109077302817
0.00962384832868
0.00653997940632
0.00925412083356
3.04372355039
0.00742190183761
0.0051986988013
0.00834003533237
7.78997518301
1.03875908345
0.0130086926899
0.0091975183847
1.63389491084
0.0858910331735
0.00594298883031
0.00997533982931


0.00479470216669
29.6932465287
0.044567757713
0.00451387853051
0.0042390616533
0.00323102630985
0.0042718333037
31.6893810671
0.00300693306296
0.0024291567194
0.00342706986703
50.0983029781
5.1461882365
0.00426516053267
0.00372991485832
13.0386293419
0.112023424823
0.00284460695305
0.0034826688158


0.00363061953491
0.00875307914489
0.00311092163126
0.00301989583143
0.00295703179048
0.00278837885708
0.00296724316043
0.00840263681796
0.0022435983022
0.00213988129205
0.00216773377421
0.0147673791119
0.00533060997258
0.00280822343969
0.00253643576677
0.00311419080632
0.00283975619823
0.00249757803977
0.0134389875069
