layer number :  35
121.860905964
0.0919380808249


0.00825309357606
3.05891524278
0.0505791195513
0.00947173669315
0.00612416296886
0.00744770145198
0.00535351282451
0.00528408536532
0.00511123461183
0.00514265879368
0.00664043465319
5.6902565589
0.0088532808392
0.0668525581714
0.0936993199091
0.00793224817608
0.015731122694
0.0119447901767
0.0102405496873
0.00740348388596
0.00749271801518
0.00720494640215
0.0149508001826
0.0115169379084
0.0127840995944
0.00744513546427
1.32640858615
0.0061886133238
0.0649344689445
1.14130000762
0.0953472586891
0.775076947641
0.00509274432746
0.152057700829
0.00482190951395


0.00424365637203
24.4501600355
0.0124925389731
0.00367117296749
0.00260589881024
0.00339491067765
0.00246100779623
0.00244810447718
0.00243001283767
0.00254132466701
0.00261977648673
57.1775241643
0.00284951180219
0.0748633563828
0.791297420898
0.00401895664011
0.00712970248424
0.00472434171631
0.00479112631486
0.00380311576494
0.00383167977755
0.00370036496315
0.00461981185557
0.00423909211531
0.00418481451925
0.0038807746411
8.26292320236
0.00251828700615
0.0241111944973
9.88017771948
0.493226583
6.4803369105
0.00262692578447
1.15913906864
0.00216418469791


0.00388927916841
0.00211873534135
0.00196382349047
0.00201043273167
0.00190302085442
0.0023136670546
0.00218705499234
0.00212623404029
0.00765110269034
0.00218838422249
0.00243528066979
0.00577538949437
0.00200427998788
0.00705301051494
0.00363700196613
0.0035725691899
0.00450199543654
0.00355648552068
0.00334585015662
0.00338292932914
0.0033659558588
0.00332495880623
0.00345234095584
0.00347553853256
0.00347034807783
0.00335506718451
0.00234384877452
0.00194799857369
0.00198034953792
0.00264460834054
0.00353994321388
0.00224481348414
0.00226372406663
0.00213539969021
0.00906845911716
