layer number :  9
0.837856814032

checkTime
0.0082689828705
0.00715966499411
0.00568943284452
0.00792349595577
0.00617504119873
0.00784511794336
0.00656744395383
0.00557289109565
0.0125025759917

layerTime
0.0
0.0
0.554778165184
0.0569486350287
0.0
0.0
0.0
0.0369651399087
0.0578352850862




layer number :  9
0.792870141799

checkTime
0.00818043481559
0.00709241116419
0.00592530891299
0.00787469488569
0.00611433410086
0.00808177702129
0.00617495598271
0.00554233090952
0.0127461189404

layerTime
0.0
0.0
0.578085084911
0.028336715186
0.0
0.0
0.0
0.0264391379897
0.0300729919691




layer number :  9
0.808549558977

checkTime
0.00816953810863
0.00688428501599
0.00588095490821
0.00785338087007
0.00603417307138
0.00780463009141
0.00624647992663
0.00559840002097
0.0124813010916

layerTime
0.0
0.0
0.59100369201
0.0273247330915
0.0
0.0
0.0
0.0330340319779
0.0278272938449




layer number :  9
0.820129198954

checkTime
0.00844894489273
0.00737032108009
0.00559441791847
0.00772545207292
0.00613869400695
0.0080650949385
0.00691562891006
0.00584496604279
0.0128598199226

layerTime
0.0
0.0
0.554779384984
0.0295949100982
0.0
0.0
0.0
0.0589814570267
0.0430819620378




layer number :  9
0.827021599049

checkTime
0.00754698319361
0.00658852583729
0.00568864610977
0.00790184200741
0.00606167712249
0.00837159785442
0.00684207701124
0.0055156480521
0.0128216559533

layerTime
0.0
0.0
0.55291912402
0.0372096728534
0.0
0.0
0.0
0.0575802330859
0.0525078859646




layer number :  9
0.83193892194

checkTime
0.008058458101
0.00681940303184
0.00559566100128
0.00781760714017
0.0061194410082
0.00785176083446
0.00668326206505
0.00565079785883
0.0122328370344

layerTime
0.0
0.0
0.554407597054
0.0274859578349
0.0
0.0
0.0
0.0573622290976
0.0632437439635




layer number :  9
0.809455801034

checkTime
0.00818917900324
0.00681834691204
0.00561422109604
0.00785142090172
0.00598869309761
0.00785073800944
0.00641904794611
0.00539979501627
0.0122279459611

layerTime
0.0
0.0
0.554696626961
0.0276805269532
0.0
0.0
0.0
0.057528447127
0.0405801688321




layer number :  9
0.81701410911

checkTime
0.00852418900467
0.00712325214408
0.00588443805464
0.00827890401706
0.00628363294527
0.00857060099952
0.00673262495548
0.00605429313146
0.0128591079265

layerTime
0.0
0.0
0.557198269991
0.0287821779493
0.0
0.0
0.0
0.0579948869999
0.0376354199834




layer number :  9
0.864693513839

checkTime
0.00810275715776
0.00699315289967
0.00583004113287
0.0078283501789
0.00616210885346
0.00815356103703
0.00654625706375
0.00581368803978
0.0130908028223

layerTime
0.0
0.0
0.573269882938
0.0406688998919
0.0
0.0
0.0
0.0739476010203
0.0453611030243




