layer number :  15
178.527839349

checkTime
0.0261326080654
0.0137244639918
0.0137666678056
0.144796926994
0.0139728861395
0.0145999600645
0.0131960760336
0.0138274400961
0.0152260418981
0.0154126919806
0.0144046891946
0.0178649718873
0.0141399831045
0.0156570179388
0.0364574228879

layerTime
0.0
13.119989149
0.0
0.0392589841504
161.318200569
0.849167944863
2.59478659602
0.0378261338919
0.0
0.0380548089743
0.0
0.0
0.0
0.0
0.0417362581939




layer number :  15
180.027000354

checkTime
0.0260847280733
0.0137116750702
0.0148232330102
0.144590256037
0.0140737059992
0.0143371671438
0.013789460063
0.013544205809
0.0147018081043
0.0156046848278
0.0151654630899
0.0176001819782
0.0141131831333
0.0155500438996
0.0190600720234

layerTime
0.0
13.77520076
0.0
0.0383608229458
162.25502403
0.920871604001
2.42617124389
0.0387520990334
0.0
0.0562665010802
0.0
0.0
0.0
0.0
0.040306703886




layer number :  15
181.187550056

checkTime
0.0262488431763
0.0136212077923
0.0143482692074
0.14704448008
0.0131724379025
0.0133024819661
0.0140130100772
0.0136517309584
0.015168390004
0.025736062089
7.87840690464e-05
9.87709499896e-05
0.0464151769411
0.0154552040622
0.0191939780489

layerTime
0.0
13.686017188
0.0
0.0391918618698
164.172671051
0.624289126135
2.05888708797
0.0385429309681
0.0
0.0254815518856
0.0
0.0
0.0
0.0
0.0586252009962




layer number :  15
186.092158545

checkTime
0.0260923560709
0.0135856908746
0.0149587839842
0.147421166999
0.0127780069597
0.0137013569474
0.0264742479194
8.99820588529e-05
0.0360333640128
0.0155634961557
0.0153242680244
0.0175886689685
0.014083186863
0.0157023370266
0.0182391321287

layerTime
0.0
13.273804944
0.0
0.0375528449658
168.817575593
0.912307612132
2.43136630603
0.0291020281147
0.0
0.0546082567889
0.0
0.0
0.0
0.0
0.0400830099825




layer number :  15
186.988375393

checkTime
0.0261723240837
0.0171748439316
0.0171318941284
0.147581062047
0.0142415571027
0.0149049379397
0.0137674470898
0.0135262310505
0.0136441849172
0.0154386179056
0.0142269069329
0.0173746689688
0.0142196170054
0.0153993221465
0.0187201399822

layerTime
0.0
14.7815958429
0.0
0.0410168960225
168.162901766
1.11906482
2.26711851498
0.0372559018433
0.0
0.0395189481787
0.0
0.0
0.0
0.0
0.0589828169905




layer number :  15
190.305854855

checkTime
0.0259947141167
0.0136455630418
0.0143579780124
0.145365290111
0.0143813099712
0.0155965459999
0.0140233749989
0.0136046258267
0.0146250291727
0.0153063319158
0.0145150290336
0.0176666988991
0.0141395770479
0.0155849829316
0.0183384171687

layerTime
0.0
15.408475653
0.0
0.05877516279
170.851036748
1.09938502312
2.28081978904
0.038874326041
0.0
0.0538537329994
0.0
0.0
0.0
0.0
0.0404501499142




layer number :  15
190.191207875

checkTime
0.0246204640716
0.0138506870717
0.0144203780219
0.145766868955
0.0119225180242
0.0133158690296
0.013814748032
0.0126413060352
0.0146167930216
0.0154963389505
0.0152412878815
0.0176564049907
0.0141932130791
0.0151700850111
0.0189670219552

layerTime
0.0
14.20375345
0.0
0.0394236368593
171.907662065
0.778537184
2.65740108606
0.0386090648826
0.0
0.0565743041225
0.0
0.0
0.0
0.0
0.0400838661008




layer number :  15
194.367110352

checkTime
0.0264706958551
0.0136763330083
0.0147775828373
0.145308566978
0.0127229890786
0.0152565399185
0.0131427750457
0.013757287059
0.0146978290286
0.0147099371534
0.0153943679761
0.0178192290477
0.0142128299922
0.0147402759176
0.0189985500183

layerTime
0.0
14.5617158392
0.0
0.0387889961712
175.910672647
1.01020741696
2.23870024993
0.0380538790487
0.0
0.0390648008324
0.0
0.0
0.0
0.0
0.0372502040118




layer number :  15
201.03083675

checkTime
0.0261929829139
0.0143336670008
0.0149960999843
0.145454606041
9.72920097411e-05
0.0145229238551
0.0136999920942
0.0135634460021
0.0141927478835
0.0159069050569
0.0139472049195
0.0175770029891
0.0141225680709
0.0151037320029
0.0192941129208

layerTime
0.0
16.191531654
0.0
0.038068263093
180.875922674
0.713102646172
2.61597368494
0.037896654103
0.0
0.0396061560605
0.0
0.0
0.0
0.0
0.0579068579245




