layer number :  19
143.568757281

checkTime
0.0360385328531
0.0140056090895
0.0132349680644
0.0211218770128
0.0135905970819
0.0137675469741
0.014564150013
0.0128820987884
0.118333692895
0.0129191409796
0.0137089008931
0.0162732410245
0.0135630590376
0.0156508688815
0.0149672541302
0.0177183179185
0.0141145798843
0.0152956051752
0.0191468098201

layerTime
0.0
25.2420407881
0.145540118916
0.0385513608344
7.26042833598
0.0378029760905
0.0
0.0379358490463
0.0406213521492
110.096820739
0.0402180741075
0.0
0.0
0.0398049480282
0.0
0.0
0.0
0.0
0.0599511261098




layer number :  19
144.290226914

checkTime
0.0361389489844
0.0140490720514
0.01400333317
0.0198388928548
0.0131432770286
0.0136970211752
0.0147267628927
0.01338527794
0.117943720892
0.013884147862
0.0137807070278
0.0161688220687
0.0147184839007
0.0156974950805
0.0153488449287
0.0174888230395
0.0141385470051
0.0147566189989
0.019090567017

layerTime
0.0
25.612589801
0.122920210939
0.0546114169993
7.33227307093
0.0377346680034
0.0
0.0374933979474
0.0401799441315
110.39010417
0.0402752850205
0.0
0.0
0.0386371249333
0.0
0.0
0.0
0.0
0.0393628349993




layer number :  19
142.098853743

checkTime
0.0360703999177
0.0140492490027
0.0139100369997
0.0213251640089
0.0133892300073
0.0135826768819
0.0141950182151
0.0136247649789
0.0586540489458
0.0138214810286
0.0136647580657
0.0161689629313
0.0142505620606
0.01555990614
0.015371985035
0.0176763709169
0.0142020729836
0.0155752219725
0.0184036490973

layerTime
0.0
25.274158044
0.124492004979
0.0385268640239
7.08320350805
0.0359507319517
0.0
0.0360412539449
0.0378868069965
108.86273093
0.0557220869232
0.0
0.0
0.0400335148443
0.0
0.0
0.0
0.0
0.0398134628776




layer number :  19
141.849910671

checkTime
0.0356213790365
0.013978848001
0.0133247720078
0.0209785490297
0.0138756269589
0.0136736449786
0.0140688039828
0.0142220691778
0.116905065021
0.013499381952
0.0137572831009
0.016158665996
0.0141334540676
0.0155419118237
0.0146910550538
0.0176753210835
0.0142151599284
0.0144854739774
0.0191297871061

layerTime
0.0
25.4307926681
0.121446404839
0.0585599089973
7.99375897297
0.037568571046
0.0
0.0375754570123
0.0586902739014
107.446560094
0.0402849910315
0.0
0.0
0.0399415399879
0.0
0.0
0.0
0.0
0.0561910849065




layer number :  19
144.111078059

checkTime
0.0364873351064
0.0146795788314
0.0139721641317
0.0213946858421
0.0129652989563
0.0137069220655
0.0144816818647
0.0135681030806
0.11802985915
0.0137147009373
0.0136136040092
0.0162551330868
0.0146996579133
0.0154454258736
0.01534198015
0.0174562078901
0.0140419129748
0.0155106179882
0.0181371159852

layerTime
0.0
25.7713258411
0.123065822059
0.0382199869491
7.57445979817
0.0383440779988
0.0
0.0373768920545
0.0395846928004
109.825831011
0.0558755539823
0.0
0.0
0.0392043951433
0.0
0.0
0.0
0.0
0.0400680562016




layer number :  19
139.607649287

checkTime
0.0361643908545
0.0138096841983
0.0140333881136
0.021233222913
0.013825213071
0.0137430739123
0.0142451140564
0.0140321508516
0.118511773879
0.0128518398851
0.0137308901176
0.0157305907924
0.0135427149944
0.0156029020436
0.0152473028284
0.0175820139702
0.0141576011665
0.0155603429303
0.0189304200467

layerTime
0.0
25.309827782
0.122737517813
0.0589097840711
8.28454280901
0.0374627630226
0.0
0.0379321880173
0.0597295691259
105.031424323
0.0408032920677
0.0
0.0
0.0391840331722
0.0
0.0
0.0
0.0
0.0571318578441




layer number :  19
142.03609265

checkTime
0.0362723029684
0.0139586499427
0.0139469830319
0.0212581551168
0.013752829982
0.0136685390025
0.0143498419784
0.0141016799025
0.118086329894
0.013494154904
0.0137192481197
0.0162563058548
0.0145643581636
0.0154406409711
0.0142671351787
0.0178227908909
0.0143516131211
0.0156601849012
0.0179368350655

layerTime
0.0
25.7468918832
0.123703860911
0.0390665249433
7.78685290692
0.0376231961418
0.0
0.0375934960321
0.0389177300967
107.561959837
0.0560154849663
0.0
0.0
0.0395346598234
0.0
0.0
0.0
0.0
0.0408613949548




layer number :  19
139.567403325

checkTime
0.0361489180941
0.0140701960772
9.880005382e-05
0.0206521751825
0.0129924709909
0.0137073039077
0.0137530099601
0.0136893999297
0.11854216503
0.0138675919734
0.0136949610896
0.0163540309295
0.0145818770397
0.0154087569099
0.0144166089594
0.0176180701237
0.0141975008883
0.0153713671025
0.0183004499413

layerTime
0.0
24.8661092948
0.118393708952
0.0756811238825
8.37885301095
0.0367669290863
0.0
0.0384891440626
0.0599504050333
105.332473448
0.040197002003
0.0
0.0
0.0395112959668
0.0
0.0
0.0
0.0
0.0574042741209




layer number :  19
143.612679959

checkTime
0.0362504930235
0.0141710180324
0.0138841939624
0.0170752429403
0.0123814789113
0.0121669140644
0.0149759028573
0.0139496219344
0.118091705954
0.0144696771167
0.0137155859265
0.0164825250395
0.0156725631095
0.0161406958941
0.0154071799479
0.0176954690833
0.0145011870191
0.0159926349297
0.0188199901022

layerTime
0.0
25.3472140408
0.123430425068
0.0370297550689
7.35766168311
0.0324704269879
0.0
0.0371445240453
0.0387316280976
109.972533274
0.0568105599377
0.0
0.0
0.040645600995
0.0
0.0
0.0
0.0
0.0417397399433




