layer number :  17
23.348502357

checkTime
0.0134677898604
0.0132684840355
0.0143794000614
0.013399848016
0.0142069840804
0.0154041310307
0.0141082471237
0.0158582818694
0.0356611211319
0.0137372270692
0.0146979468409
0.0137004740536
0.0215504460502
0.0133552940097
0.0137425709981
0.0133404959925
0.019347155001

layerTime
0.0
0.0
1.5338904981
0.0374884619378
0.0427296638954
1.0390800219
0.0
0.0
0.0
15.6902248659
0.0
0.630875471048
0.0
3.86158492998
0.0383437578566
0.0383317940868
0.0591348409653




layer number :  17
23.4735916341

checkTime
0.0153178100009
0.014484327985
0.013608823996
0.013439130038
0.0140660731122
0.015640278114
0.0143046178855
0.0158370751888
0.0358610218391
0.01353525999
0.0145984399132
0.0136246120092
0.0216562978458
0.0139026150573
0.0138007090427
0.0124154388905
0.0196266660932

layerTime
0.0
0.0
1.43897619797
0.0377437148709
0.0431897479575
1.03365722788
0.0
0.0
0.0
15.6024358731
0.0
0.621202903101
0.0
4.18343402399
0.0377405330073
0.0395150440745
0.0568324660417




layer number :  17
23.2614602169

checkTime
0.015437057009
0.0140221710317
0.012915445026
0.013829956064
0.0145192898344
0.0155477731023
0.0143450668547
0.0160821110476
0.0360875730403
0.0136295619886
0.0148187819868
0.0134719640482
0.0184478289448
0.0140131418593
0.0132604569662
0.0136963059194
0.0183880049735

layerTime
0.0
0.0
1.44966398994
0.0376806028653
0.0420717061497
1.03680038499
0.0
0.0
0.0
16.158443759
0.0
0.620263786986
0.0
3.40592935914
0.0384988791775
0.0391552450601
0.0593506221194




layer number :  17
22.8182989259

checkTime
0.0154341601301
0.0137454690412
0.0130019572098
0.0134675700683
0.0135966029484
0.0154444081709
0.0142353798728
0.0162667371333
0.0352059758734
0.0135257951915
0.0145680268761
0.0137280467898
0.0212331791408
0.0132975161541
0.0138522940688
0.0121331119444
0.019341169158

layerTime
0.0
0.0
1.20352363284
0.0358937138226
0.0387876429595
0.992462835973
0.0
0.0
0.0
15.639573877
0.0
0.618287427118
0.0
3.7794623829
0.0375763238408
0.0395504869521
0.0585262288805




layer number :  17
23.309161589

checkTime
0.015329538146
0.0133118629456
0.0138945491053
0.0143366190605
0.0143522778526
0.0154854590073
0.014342145063
0.0158585319296
0.0352813999634
0.0135670350865
0.0148489319254
0.013651288813
0.0218400820158
0.0137778338976
0.0133758541197
0.0128044509329
0.0189484171569

layerTime
0.0
0.0
1.7197249399
0.0373391059693
0.0436904199887
1.03053143015
0.0
0.0
0.0
15.498700263
0.0
0.62090004608
0.0
3.84593414515
0.0379239700269
0.0395692759193
0.0565234918613




layer number :  17
23.4278211172

checkTime
0.0157687200699
0.0155562360305
0.0125203910284
0.0127085261047
0.0139208559413
0.0154650509357
0.014137746999
0.0157718220726
0.0358824909199
0.0135784188751
0.0148194590583
0.0136629010085
0.0213748060632
0.0139573779888
0.0138651479501
0.0136409930419
0.0190224261023

layerTime
0.0
0.0
1.69405839685
0.0363722220063
0.0387796140276
0.867645852035
0.0
0.0
0.0
15.8345586581
0.0
0.620985951042
0.0
3.81854178198
0.0376178720035
0.0389704538975
0.0574218500406




layer number :  17
23.2947772299

checkTime
0.0158081040718
0.0144355259836
0.012575837085
0.0130172010977
0.0137192090042
0.015475114109
0.0141879238654
0.014031607192
0.0362247019075
0.0136900190264
0.0138583390508
0.0133692747913
0.0219623940066
0.0139101010282
0.0135813320521
0.0135746030137
0.0193068690132

layerTime
0.0
0.0
1.63282541698
0.0361164228525
0.0388022291008
0.84769061883
0.0
0.0
0.0
15.813530524
0.0
0.621695898008
0.0
3.78905289806
0.0374194399919
0.0407511380035
0.0572272229474




layer number :  17
23.252876336

checkTime
0.0158019019291
0.0150754270144
0.0134456569795
0.0124217229895
0.0125244930387
0.0155268697999
0.0131351721939
0.0157795019913
0.0357598799746
0.0134849799797
0.013974406058
0.013642122969
0.021991473157
0.013722374104
0.013201011112
0.0129601650406
0.0188924849499

layerTime
0.0
0.0
1.60987927509
0.034536401974
0.0372092500329
0.864463618025
0.0
0.0
0.0
15.7474233329
0.0
0.626724499976
0.0
3.80692288582
0.0382663789205
0.0398276369087
0.057579463115




layer number :  17
23.805498298

checkTime
0.0153499650769
0.0139582857955
0.0135351768695
0.0133568919264
0.0136209039483
0.0154561200179
0.0142523220275
0.0161939340178
0.0360594489612
0.0135254061315
0.0137368899304
0.0136714249384
0.021938911872
0.0137562910095
0.013911959948
0.0135389859788
0.0192402871326

layerTime
0.0
0.0
1.20026373514
0.0349823310971
0.0385498611722
0.945697838906
0.0
0.0
0.0
16.4075772599
0.0
0.620278546121
0.0
4.04580577998
0.0381742031313
0.0377355599776
0.0579697838984




