layer number :  18
41.1045892921

checkTime
0.0154668290634
0.0057393561583
0.00601692288183
0.00320017198101
0.00414573494345
0.0027117379941
0.00411292910576
0.00951095693745
0.00571292894892
0.00832784711383
0.0156076499261
0.00553018692881
0.00575738982297
0.00582379708067
0.0104803158902
0.00667889905162
0.00797724188305
0.0125423790887

layerTime
0.0
25.1437708118
0.136149151018
0.0412722800393
0.0300018701237
3.23167868285
0.0
0.0
1.92638753308
0.0
0.0
10.278486735
0.0265658982098
0.029734044103
0.0
0.0
0.0
0.0278696629684




layer number :  18
42.0108443

checkTime
0.0155750878621
0.0028317598626
0.00259913899936
0.00278219091706
0.0042225769721
0.00266678398475
0.00398320402019
0.00419784709811
0.00468335580081
0.0074878311716
0.0132002800237
0.0057281430345
0.00561086693779
0.00568970898166
0.0104176711757
0.00645913882181
0.00789961218834
0.0124003309757

layerTime
0.0
25.0777155051
0.0838987161405
0.0268894489855
0.0122240111232
3.76489267196
0.0
0.0
2.374376402
0.0
0.0
10.363456931
0.0267701148987
0.0663718630094
0.0
0.0
0.0
0.0410183668137




layer number :  18
42.262960389

checkTime
0.0149850631133
0.0025883289054
0.00253673805855
0.0026358361356
0.00426879804581
0.00256156618707
0.00378744094633
0.00422805105336
0.0054744919762
0.00865855300799
0.0155967930332
0.00569106312469
0.00591553584673
0.00592096708715
0.0106569170021
0.00666195689701
0.00819691293873
0.0127256461419

layerTime
0.0
25.5075503159
0.0609465520829
0.0113791178446
0.0144832169171
3.6706204419
0.0
0.0
2.05586967594
0.0
0.0
10.6335481938
0.0270974030718
0.0560185390059
0.0
0.0
0.0
0.0480724929366




layer number :  18
42.7594224659

checkTime
0.0148654829245
0.00283649889752
0.0026069120504
0.00262252590619
0.00403004908003
0.00256541906856
0.00392492488027
0.00428643915802
0.00261565600522
0.00415705400519
0.00741391116753
0.00592807796784
0.00580132100731
0.0056459128391
0.0104424951132
0.00636159093119
0.00800146604888
0.0125231749844

layerTime
0.0
26.834770662
0.0612081871368
0.0122190709226
0.0133296800777
3.27133661089
0.0
0.0
2.19254385983
0.0
0.0
10.0743134199
0.0326989281457
0.055838471977
0.0
0.0
0.0
0.0505219129845




layer number :  18
42.547548539

checkTime
0.0178389451467
0.00514422496781
0.00503467302769
0.00493497005664
0.00765813491307
0.00491949799471
0.00704911584035
0.00734967901371
0.00254196883179
0.00386190018617
0.0076361768879
0.00583460717462
0.00590792507865
0.00557639705949
0.0106934159994
0.00627564289607
0.00802386715077
0.0126941008493

layerTime
0.0
25.2884382058
0.0923099610955
0.0213676218409
0.038542157039
3.5755780912
0.0
0.0
2.38242625911
0.0
0.0
10.842477829
0.0264042608906
0.0563645549119
0.0
0.0
0.0
0.0399835871067




layer number :  18
41.2217469879

checkTime
0.0155341720674
0.00278129405342
0.0028046311345
0.0027802339755
0.0042089689523
0.00265990290791
0.00361468293704
0.0047074360773
0.00566392601468
0.00843508099206
0.0152787498664
0.00558504415676
0.00583235709928
0.00561736011878
0.010609437013
0.00613273703493
0.00797329680063
0.0124396460596

layerTime
0.0
24.8381440819
0.0613975669257
0.0130696909036
0.013339277124
3.29869333608
0.0
0.0
2.04553075903
0.0
0.0
10.662953743
0.0265535758808
0.0561253388878
0.0
0.0
0.0
0.0288924630731




layer number :  18
40.7313607221

checkTime
0.018597221002
0.00577589706518
0.00575032294728
0.00575901591219
0.00442385883071
0.00246929912828
0.00408415682614
0.00444509414956
0.00282469484955
0.00402974616736
0.00758800888434
0.00574052613229
0.00568210892379
0.00556064397097
0.010655621998
0.00607676408254
0.00808845297433
0.0127279700246

layerTime
0.0
25.619498865
0.158032055013
0.038670900045
0.0238181501627
3.18895642203
0.0
0.0
1.56266506203
0.0
0.0
9.82835454494
0.0335461450741
0.055863304995
0.0
0.0
0.0
0.0470969430171




layer number :  18
41.782497532

checkTime
0.0153420141432
0.00275214086287
0.00267613492906
0.00268080690876
0.0042844931595
0.0029126398731
0.0044008390978
0.00464131799527
0.00486316997558
0.00741314981133
0.0144121570047
0.00580763304606
0.00617504515685
0.00567088113166
0.0108932019211
0.00641765096225
0.00840235501528
0.0129186380655

layerTime
0.0
24.84845898
0.0608805511147
0.0127196151298
0.0123461489566
3.47889518901
0.0
0.0
2.30381344305
0.0
0.0
10.762150408
0.027020761976
0.0571033058222
0.0
0.0
0.0
0.0416755939368




layer number :  18
40.559279352

checkTime
0.0149201140739
0.00280734710395
0.00259982305579
0.00260899285786
0.00423362897709
0.00264825415798
0.0039008569438
0.00436596106738
0.00565852900036
0.00862181815319
0.0162382018752
0.00585567089729
0.00599577603862
0.00557737401687
0.0105063759256
0.00610325508751
0.0081836450845
0.0130038729403

layerTime
0.0
24.64671751
0.0695226518437
0.0117845421191
0.0125287130941
3.13733434887
0.0
0.0
1.98136555287
0.0
0.0
10.3758354611
0.0329052170273
0.0551525820047
0.0
0.0
0.0
0.0416716290638




