layer number :  37
161.381197007

checkTime
0.00277478503995
0.00278919818811
0.00269040418789
0.0040365178138
0.0294189502019
0.00565698393621
0.00561538594775
0.0086963349022
0.00587093713693
0.00549176498316
0.0102367340587
0.0065659719985
0.00814564689063
0.00653336197138
0.00560559006408
0.010549511062
0.00652389787138
0.00828771316446
0.00993374898098
0.00355577399023
0.00280763418414
0.00473198201507
0.00286256498657
0.00488673499785
0.00325385597534
0.00414199498482
0.0135984169319
0.00273685296997
0.0036665929947
0.00266992300749
0.0276495909784
0.00324300699867
0.00595721486025
0.010814829031
0.0061580198817
0.00789140304551
0.0127378359903

layerTime
26.532540906
0.0821986289229
0.0124301877804
0.0
0.0
61.276459954
0.515563145047
0.0
2.26437234599
0.0589497420006
0.0
0.0
0.0
0.0
0.0253854279872
0.0
0.0
0.0
0.0
3.98686481384
0.0
0.0
0.0
0.0
0.0
0.0
0.0
30.826877913
0.0
0.236109293066
0.0122765549459
34.0060220112
0.993553444045
0.0
0.0
0.0
0.132334937109




layer number :  37
160.645461916

checkTime
0.00253610801883
0.00264939595945
0.00265798601322
0.0039771720767
0.0296516399831
0.00271591614
0.00264763692394
0.00428365590051
0.0258631608449
0.00563612091355
0.0102057659533
0.00619585812092
0.00811751908623
0.00652618193999
0.00495697394945
0.0110076570418
0.00669191800989
0.00832479516976
0.0101437589619
0.00343103008345
0.0027640319895
0.00455441698432
0.00278295809403
0.00475165992975
0.00305638997816
0.00404366408475
0.0132873819675
0.00279614515603
0.00367644079961
0.00267817894928
0.0287114630919
0.00337632093579
0.00571964215487
0.0108257909305
0.00630769599229
0.00785381207243
0.0125712808222

layerTime
29.5829442248
0.0610485260841
0.0400768190157
0.0
0.0
60.1410031249
0.244816116989
0.0
1.98654628615
0.058378172107
0.0
0.0
0.0
0.0
0.0245510009117
0.0
0.0
0.0
0.0
5.10745820287
0.0
0.0
0.0
0.0
0.0
0.0
0.0
30.8875248579
0.0
0.266551107168
0.0129201449454
30.9444611149
0.852562014014
0.0
0.0
0.0
0.028455598047




layer number :  37
163.970033675

checkTime
0.00284934719093
0.0027375400532
0.00256661977619
0.00401316117495
0.0289506909903
0.00580861000344
0.00565026397817
0.00871851108968
0.00283308210783
0.00251782895066
0.00455816998146
0.0027891700156
0.00396049395204
0.00319931609556
0.00264444597997
0.00476278993301
0.00284086493775
0.00391678302549
0.00477263214998
0.00363066396676
0.00294651510194
0.00478474190459
0.00319590908475
0.00465646293014
0.00283076916821
0.00410215882584
0.0134617201984
0.00281891413033
0.00371064897627
0.00287747499533
0.0279318040702
0.0284900679253
0.00566073390655
0.0106839369982
0.00640511303209
0.00797248003073
0.0125489889178

layerTime
30.6924704008
0.061051895842
0.0289618531242
0.0
0.0
61.7365608849
0.524112980114
0.0
1.7963837788
0.0658292330336
0.0
0.0
0.0
0.0
0.0126801920123
0.0
0.0
0.0
0.0
4.86067540385
0.0
0.0
0.0
0.0
0.0
0.0
0.0
30.8501369208
0.0
0.256567100063
0.0199107199442
31.5319673989
1.10439540306
0.0
0.0
0.0
0.0283118481748




layer number :  37
162.95905207

checkTime
0.0026560688857
0.00258624507114
0.00265863491222
0.00426352815703
0.0293244537897
0.00265829707496
0.00255217496306
0.00430997391231
0.00587728410028
0.00560372299515
0.0103157619014
0.00600522803143
0.00833799201064
0.00357550987974
0.00243750889786
0.00456725317053
0.00281340884976
0.00390194403008
0.00480942102149
0.00348848593421
0.00282359705307
0.00459839496762
0.00325065711513
0.00473604188301
0.0028224021662
0.00419741077349
0.0136034120806
0.00268473103642
0.00373231782578
0.00281239603646
0.0274191449862
0.00686912680976
0.00542610883713
0.00983064901084
0.00616252003238
0.00743462704122
0.0120137289632

layerTime
29.329978737
0.0608387349639
0.0128134060651
0.0
0.0
61.6340669591
0.218264136929
0.0
2.01297465805
0.0687467800453
0.0
0.0
0.0
0.0
0.0129989890847
0.0
0.0
0.0
0.0
3.73215613002
0.0
0.0
0.0
0.0
0.0
0.0
0.0
31.3569152621
0.0
0.252443292178
0.0127043458633
32.7671594361
1.10162251419
0.0
0.0
0.0
0.0321630549151




layer number :  37
161.766637428

checkTime
0.0025352591183
0.00256206095219
0.00252818409353
0.00404726783745
0.0286548731383
0.00270123407245
0.00251643289812
0.00430098292418
0.00558510608971
0.00564330699854
0.0103840089869
0.00606860895641
0.00798518396914
0.00632270891219
0.00546302786097
0.0105562650133
0.00640538008884
0.00833445205353
0.00986764184199
0.00352385104634
0.00290814694017
0.00458882702515
0.00284184305929
0.00469249393791
0.0030681269709
0.004108825
0.0134384171106
0.00571221206337
0.00774318305776
0.00280217896216
0.0369840119965
0.0065796400886
0.00500566302799
0.0119304677937
0.0065829930827
0.00798608409241
0.0129178189673

layerTime
26.0189978001
0.0609634970315
0.0125194839202
0.0
0.0
63.6387983649
0.234513930045
0.0
2.03893425502
0.0583053540904
0.0
0.0
0.0
0.0
0.0244940831326
0.0
0.0
0.0
0.0
4.07914474909
0.0
0.0
0.0
0.0
0.0
0.0
0.0
32.7771871958
0.0
0.263336797943
0.0162223360967
31.0035259819
1.11724974401
0.0
0.0
0.0
0.0287604019977




layer number :  37
162.243407029

checkTime
0.00259356806055
0.00259159691632
0.00265366304666
0.00403577298857
0.0285222679377
0.00518999807537
0.0055343688
0.00877098110504
0.00285048410296
0.00265184696764
0.00480631692335
0.00295274099335
0.00409032800235
0.0033083150629
0.00263094389811
0.00462811812758
0.00289436290041
0.00392959406599
0.00465479586273
0.00366192590445
0.00304342014715
0.00486648501828
0.00305763585493
0.00504612410441
0.00296525703743
0.00425089080818
0.0124721841421
0.00283753406256
0.00363557203673
0.0027166469954
0.0282021721359
0.00723550491966
0.00569358002394
0.0110193379223
0.0068032250274
0.0080867621582
0.0127416700125

layerTime
29.442658741
0.0609039010014
0.0245334149804
0.0
0.0
61.989308787
0.574110717047
0.0
1.89014196396
0.0187821839936
0.0
0.0
0.0
0.0
0.0252487920225
0.0
0.0
0.0
0.0
4.77981317812
0.0
0.0
0.0
0.0
0.0
0.0
0.0
29.8193519379
0.0
0.249616048997
0.013434496941
31.858604101
1.13808953296
0.0
0.0
0.0
0.0286099498626




layer number :  37
169.130277192

checkTime
0.00278614205308
0.00259034405462
0.00260761706159
0.00403088890016
0.0285595851019
0.00276061194018
0.0028372250963
0.00422859285027
0.0057585821487
0.00559864006937
0.0103306539822
0.00587807316333
0.00799247785471
0.0064965209458
0.00536256004125
0.0102331540547
0.00593710085377
0.00829442520626
0.00961715495214
0.00348141696304
0.00284409197047
0.0046436721459
0.00333866290748
0.00491163507104
0.00286574894562
0.00433098105714
0.0130248630885
0.00302102486603
0.00427366397344
0.00262766517699
0.0277149449103
0.00703861890361
0.00573919783346
0.0108791789971
0.00620587100275
0.00803731800988
0.0125157430302

layerTime
29.2788736359
0.0646566480864
0.012480028905
0.0
0.0
65.9269240419
0.22485912405
0.0
1.96864234703
0.0590494947974
0.0
0.0
0.0
0.0
0.0250551500358
0.0
0.0
0.0
0.0
4.90019818791
0.0
0.0
0.0
0.0
0.0
0.0
0.0
31.9746579099
0.0
0.276128472993
0.0131470449269
32.8724401782
1.12820675108
0.0
0.0
0.0
0.0277616491076




layer number :  37
164.138335542

checkTime
0.00270224898122
0.00263385218568
0.00262240506709
0.00392619892955
0.0287919349503
0.00293100019917
0.00259354989976
0.00430371495895
0.00588009390049
0.00647162110545
0.0105167739093
0.00645125797018
0.00853518093936
0.0064957481809
0.00542744109407
0.0105692769866
0.00623423187062
0.00836664508097
0.00990339997225
0.00373371387832
0.00322741502896
0.00473685911857
0.00297013996169
0.00491498992778
0.0029783421196
0.0042479718104
0.0134086771868
0.00278946803883
0.00360210193321
0.00273361895233
0.0351596937981
0.00655423291028
0.00575700495392
0.0110532881226
0.00622390396893
0.00773896393366
0.0124310581014

layerTime
29.3278927931
0.0610622619279
0.0124775918666
0.0
0.0
62.00147516
0.234522385988
0.0
2.00508411205
0.0797193860635
0.0
0.0
0.0
0.0
0.0253171669319
0.0
0.0
0.0
0.0
5.11023189803
0.0
0.0
0.0
0.0
0.0
0.0
0.0
30.0113626139
0.0
0.248901181156
0.037930089049
33.4397113421
1.12762939511
0.0
0.0
0.0
0.0281334968749




layer number :  37
165.398400994

checkTime
0.00250784796663
0.00264567905106
0.00249008391984
0.0039242899511
0.0291166200768
0.00585913285613
0.00552647607401
0.00890874210745
0.00560750300065
0.0055356558878
0.0104098210577
0.00658114603721
0.00840259087272
0.00650168396533
0.00558887305669
0.0103962530848
0.00644222996198
0.00849842699245
0.00982104591094
0.00352757307701
0.00298596802168
0.00468760891818
0.00279696006328
0.00477669597603
0.00320223090239
0.00411784905009
0.0136628430337
0.00259908684529
0.00376472715288
0.002695415169
0.0352968729567
0.00691423006356
0.00563203706406
0.0106179818977
0.00650674104691
0.00782152195461
0.0127941139508

layerTime
27.9893640119
0.0608245260082
0.0117955030873
0.0
0.0
65.704993858
0.527820629999
0.0
1.55356164393
0.058218077058
0.0
0.0
0.0
0.0
0.0248142930213
0.0
0.0
0.0
0.0
4.04198483005
0.0
0.0
0.0
0.0
0.0
0.0
0.0
32.3767450231
0.0
0.266041170806
0.0126759780105
31.1743364329
1.10266512795
0.0
0.0
0.0
0.0572909270413




