layer number :  6
27.9507312551

checkTime
0.0387245840393
0.0137304419186
0.0134242710192
0.0139327568468
0.012368628988
0.0208203040529

layerTime
0.0
24.737807092
0.141636996064
0.0379120029975
0.0374702850822
2.790031343




layer number :  6
27.4988210809

checkTime
0.0385788788553
0.0138761401176
0.0138755170628
0.0137208730448
0.0136504669208
0.0201504649594

layerTime
0.0
24.3270948611
0.122418254847
0.0547280309256
0.0395504920743
2.74728729506




layer number :  6
27.9008148508

checkTime
0.0388181661256
0.0138419049326
0.0129218990915
0.0139877090696
0.01359946304
0.020934456028

layerTime
0.0
24.716727885
0.123998159077
0.0383807388134
0.0561743329745
2.7595004309




layer number :  6
27.9838282182

checkTime
0.0386153478175
0.0138696609065
0.0127732038964
0.0134503419977
0.0137230979744
0.0222371690907

layerTime
0.0
24.7717447262
0.123714745976
0.0381402322091
0.0398639538325
2.80359310703




layer number :  6
29.059251169

checkTime
0.0385763500817
0.0135050709359
0.0135694132186
0.0134952138178
0.0124365049414
0.0205059610307

layerTime
0.0
25.975828985
0.0824371399358
0.0369653189555
0.0375877390616
2.72124563903




layer number :  6
27.9711057981

checkTime
0.0386146209203
0.013688334031
0.0129610011354
0.0133577950764
0.0132583789527
0.0206316069234

layerTime
0.0
24.9741687879
0.0873549829703
0.0370371048339
0.037634273991
2.62912654807




layer number :  6
28.4720890021

checkTime
0.0382769210264
0.0137276228052
0.0138889930677
0.0128494158853
0.0139483490493
0.020916827023

layerTime
0.0
25.4270418282
0.122678545071
0.0559588649776
0.0381999290548
2.61978792795




layer number :  6
28.626555243

checkTime
0.0384654679801
0.0137369260192
0.0131335412152
0.0131994178519
0.0131328490097
0.0201293819118

layerTime
0.0
25.3359345628
0.0763178989291
0.0359631159808
0.0455438641366
2.92694548005




layer number :  6
27.7366732829

checkTime
0.0388282949571
0.013993659988
0.0135125829838
0.0139850811101
0.0130498651415
0.0209079738706

layerTime
0.0
24.523587195
0.12477505696
0.0382937130053
0.0385591739323
2.80410749302




