layer number :  27
152.347189497

checkTime
0.0366293110419
0.0140081259888
0.0134858419187
0.0140889729373
0.0142686320469
0.0126772869844
0.0424204810988
0.0136446680408
0.0131744979881
0.0128658949398
0.0153742639814
0.0142367149238
0.0161092320923
0.0606426729355
0.0131576831918
0.0173508857843
0.0142747762147
0.0158189749345
0.0146113890223
0.0575429899618
0.0136724370532
0.0574944219552
0.0126804879401
0.0138543290086
0.014334717067
0.0128893260844
0.0190354338847

layerTime
0.0
29.6366971931
0.12258332991
0.0569143961184
0.0379102940205
1.26983357989
0.0
37.9158899849
0.0421589200851
0.0378173550125
0.0798251901288
0.0
0.0
0.0
42.3302945609
0.0
0.0
0.0
0.0
0.0377324440051
14.5241751389
0.0382129501086
25.3815683241
0.0382780139334
0.0
0.039714010898
0.0385981840082




layer number :  27
151.32922706

checkTime
0.036179326009
0.0135964138899
0.0130781428888
0.0135567109101
0.0135770188645
0.0137656789739
0.0422898880206
0.0132378230337
0.0139134731144
0.0133468059357
0.0154252299108
0.0142673652153
0.0160338529386
0.0607453018893
0.0137107959017
0.0173535530921
0.0142998748925
0.0157491602004
0.0144899180159
0.0575889251195
0.013203515904
0.0575609451625
0.0139586739242
0.0137287441175
0.0145761820022
0.0132804759778
0.0191136589274

layerTime
0.0
30.2010415031
0.075542380102
0.0362219980452
0.0351004251279
1.29491126002
0.0
39.0491797151
0.0383657119237
0.0376541079022
0.0590501390398
0.0
0.0
0.0
42.1144241251
0.0
0.0
0.0
0.0
0.037700537825
13.1810336059
0.0587623890024
24.274846467
0.0535014329944
0.0
0.0387798219454
0.0384860441554




layer number :  27
149.192630525

checkTime
0.0366272670217
0.0139532589819
0.0139796209987
0.0134158660658
0.0131838608067
0.0135220789816
0.0418078228831
0.0139405338559
0.0132271589246
0.013873440912
0.0154899479821
0.0134337649215
0.0155937829986
0.0594363010023
0.0136123858392
0.0176749271341
0.0142281309236
0.0157571609598
0.0143418579828
0.0578182141762
0.013936616946
0.0561434819829
0.0135809779167
0.0135885810014
0.0136555489153
0.013675153954
0.0179877569899

layerTime
0.0
30.3242994249
0.140363484155
0.0381051588338
0.0373661410995
1.30229438818
0.0
39.0016635791
0.0557544690091
0.0374360051937
0.0591770960018
0.0
0.0
0.0
40.5060346902
0.0
0.0
0.0
0.0
0.0383815770037
13.5963028108
0.0382673142012
23.179600935
0.0388701721095
0.0
0.0399992500897
0.0574581311084




layer number :  27
148.930878263

checkTime
0.0368639389053
0.0135107771493
0.0121209200006
0.013699001167
0.0134844270069
0.0124968199525
0.0421588402241
0.0136859181803
0.0129430480301
0.0140073851217
0.0153703598771
0.0143570760265
0.0149748940021
0.0607950189151
0.0136475639883
0.0174297138583
0.0139367191587
0.0168865218293
0.0154808270745
0.0574288710486
0.0137495901436
0.0490962758195
0.013742940966
0.0135588450357
0.0141094448045
0.0131406830624
0.0192525358871

layerTime
0.0
30.096260848
0.0725200239103
0.0420037459116
0.0347746298648
1.18986766599
0.0
38.6677055678
0.0382128888741
0.0383117969614
0.0803636549972
0.0
0.0
0.0
41.3444657312
0.0
0.0
0.0
0.0
0.0373263219371
13.1473733049
0.0372485080734
23.2763755522
0.036875345977
0.0
0.0391225931235
0.0399939920753




layer number :  27
142.903716986

checkTime
0.0367998511065
0.0135101650376
0.0135431680828
0.0136652358342
0.0135778728873
0.013575169025
0.0421844511293
0.0138950690161
0.0136731991079
0.0132873300463
0.015248159878
0.014221945079
0.0164013949689
0.0597569078673
0.0136206741445
0.0178386929911
0.0142366220243
0.0157496698666
0.0145961740054
0.057555481093
0.0131663419306
0.0566198171582
0.0301799119916
0.01357521303
0.0145102699753
0.0131226850208
0.019043909153

layerTime
0.0
29.0364659259
0.0753776209895
0.0360364480875
0.0358237901237
1.17595021194
0.0
35.9957973789
0.0380263929255
0.0362920588814
0.0586897181347
0.0
0.0
0.0
38.639111378
0.0
0.0
0.0
0.0
0.036389647983
12.9342295381
0.0586548428982
23.9035779049
0.0383683929686
0.0
0.0393572449684
0.0397170938086




layer number :  27
145.728364378

checkTime
0.0368080150802
0.0135351838544
0.0136094049085
0.0135477860458
0.0135419520084
0.0136313608382
0.0415266121272
0.0132806741167
0.0128469578922
0.0138880140148
0.0152700210456
0.0142049461138
0.0157924487721
0.0607045330107
0.0135575348977
0.0173469551373
0.0143729629926
0.0158683049958
0.0138064720668
0.0564194920007
0.0136342712212
0.0573066270445
0.013666681014
0.0136597559322
0.0137579680886
0.0136019829661
0.0190682590473

layerTime
0.0
28.9409118381
0.0749214121606
0.0426981849596
0.0360801541246
1.19327961397
0.0
37.0381540209
0.0377406820189
0.037612675922
0.0803680550307
0.0
0.0
0.0
41.1344228161
0.0
0.0
0.0
0.0
0.0383827849291
13.0301225479
0.037706153933
23.1707017899
0.0378320170566
0.0
0.0386969998945
0.0396665609442




layer number :  27
144.106623851

checkTime
0.0363490500022
0.0136391769629
0.0126573331654
0.0127657349221
0.0135890450329
0.0137536311522
0.0419357419014
0.0130099449307
0.0131325779948
0.0139280031435
0.0159144019708
0.0142563690897
0.0158985040616
0.0605584529694
0.0135365140159
0.0176319470629
0.0132296499796
0.0156942768954
0.0147266429849
0.0575713349972
0.0131475680973
0.0577770029195
0.0137658319436
0.0134565439075
0.0144736000802
0.0129956440069
0.019087978173

layerTime
0.0
27.3422045922
0.0754755488597
0.0358590569813
0.0436575389467
1.24400933296
0.0
38.7208419431
0.0382479340769
0.0383489448577
0.0591548138764
0.0
0.0
0.0
39.4905301169
0.0
0.0
0.0
0.0
0.05443018605
13.14029711
0.0380168510601
22.951483693
0.0550585060846
0.0
0.038539100904
0.0385907439049




layer number :  27
141.550867284

checkTime
0.0366001948714
0.0136008828413
0.0133378989995
0.0136887729168
0.0137967958581
0.0137943320442
0.0410533540417
0.0133233480155
0.0124595537782
0.0139484067913
0.0152634391561
0.0141806718893
0.0158054870553
0.0606894970406
0.013582625892
0.0173451891169
0.0142134008929
0.0157827991061
0.0146987999324
0.05748114991
0.0139545439743
0.0574507920537
0.0138466889039
0.0135583200026
0.0144033788238
0.0135817190167
0.0175601728261

layerTime
0.0
28.4427173091
0.0835998479743
0.036140866112
0.036089850124
1.13625857001
0.0
36.3272552239
0.0561076952145
0.0366660552099
0.0567904170603
0.0
0.0
0.0
38.956814691
0.0
0.0
0.0
0.0
0.0375230479985
13.357027319
0.0382696110755
22.115084176
0.0371063412167
0.0
0.0407453321386
0.0593358310871




layer number :  27
140.018268009

checkTime
0.0364747070707
0.0137017159723
0.0131087410264
0.033265955979
0.0143926970195
0.0196306579746
0.041018852964
0.0129896800499
0.0133580178954
0.0140290320851
0.0152759049088
0.0142992530018
0.0158242210746
0.0603342559189
0.0131556279957
0.017411340028
0.0141567511018
0.0149824749678
0.0146500838455
0.0559778648894
0.0140519719571
0.0574699330609
0.013837571023
0.0136059999932
0.0138429759536
0.0136972160544
0.0181621660013

layerTime
0.0
28.3201320099
0.122465959052
0.0378391479608
0.0377472860273
1.26584689505
0.0
35.781840181
0.0382857630029
0.0377032749821
0.0801765860524
0.0
0.0
0.0
37.991728578
0.0
0.0
0.0
0.0
0.0372765671927
13.3127746321
0.0370090499055
22.0556855989
0.0381186760496
0.0
0.0388339560013
0.042138888035




