layer number :  22
81.13591338

checkTime
0.0390781450551
0.0136810319964
0.0129084300715
0.0136680630967
0.0159373120405
0.035012987908
0.0135624199174
0.0134213939309
0.0132383508608
0.0134540349245
0.0135810249485
0.000207907054573
0.0133390959818
0.0161885449197
0.0140795418993
0.0148099921644
0.0351324628573
0.0129845789634
0.0130011588335
0.012880125083
0.0140676980373
0.0170480988454

layerTime
0.0
30.8305289899
0.122588630067
0.0378435258754
0.0
0.0
21.426897516
0.0367343521211
0.0366405900568
0.0359683881979
0.0536659050267
0.0281978610437
0.0593559588306
0.0388575491961
0.0
0.0
0.0
25.473100648
2.37514794618
0.0421407090034
0.0
0.0535381971858




layer number :  22
78.3636600571

checkTime
0.0386829290073
0.0139281719457
0.0139148018789
0.0136992090847
0.0158081259578
0.0347615350038
0.0139061750378
0.0139211970381
0.013554806821
0.0130415458698
0.0131567928474
0.0136694090907
0.0137442569248
0.01484205015
0.0142117198557
0.0158264550846
0.0366728249937
0.0138464570045
0.0131181450561
0.0136749548838
0.0154669550247
0.017632923089

layerTime
0.0
29.025236479
0.124421000015
0.0387103511021
0.0
0.0
20.7517378798
0.037854027003
0.0566644161008
0.0380445441697
0.0375144621357
0.0377426980995
0.0377210378647
0.0371218200307
0.0
0.0
0.0
25.347852644
2.18330258597
0.06148914597
0.0
0.0399825938512




layer number :  22
81.2995194609

checkTime
0.0389389980119
0.013795665931
0.0360301740002
0.0136015920434
0.0159003539011
0.0353637980297
0.0139215278905
0.0131621090695
0.0130687339697
0.0139869640116
0.0131383980624
0.0136359841563
0.0136771360412
0.0154319049325
0.0141320379917
0.0161792021245
0.0337763328571
0.012901723152
0.0131504200399
0.012086478062
0.0135170589201
0.0158559039701

layerTime
0.0
30.184088632
0.0994939340744
0.0386273888871
0.0
0.0
21.5270771091
0.0380331859924
0.0380480049644
0.0375087379944
0.0553585479502
0.0375315039419
0.0377914689016
0.0383403650485
0.0
0.0
0.0
26.236769666
2.31882745493
0.0403367709368
0.0
0.05245689




layer number :  22
82.9739499709

checkTime
0.0369659860153
0.0137988599017
0.0137437558733
0.0136063271202
0.0158776738681
0.0360068320297
0.0139918730129
0.0300617648754
0.0140534020029
0.013441018993
0.0129578730557
0.0139781669714
0.0138423549943
0.0151239959523
0.0140552599914
0.0163775270339
0.036441602977
0.0137623690534
0.013934162911
0.0136934439652
0.0151758410502
0.0190389228519

layerTime
0.0
32.074974813
0.14419056219
0.0376367860008
0.0
0.0
21.880792568
0.0381001140922
0.0367246230599
0.0371676380746
0.0372557409573
0.037439933978
0.037721328903
0.0381185191218
0.0
0.0
0.0
25.840151008
2.12840614701
0.0619219921064
0.0
0.0401417801622




layer number :  22
82.8422170309

checkTime
0.038867713185
0.0137772569433
0.0136522580869
0.0136844858062
0.0148765100166
0.0358863780275
0.013075025985
0.0138673970941
0.0138129959814
0.0133313070983
0.0130232011434
0.013524472015
0.0130264691543
0.0152272440027
0.0136154049542
0.0157522880472
0.0366524599958
0.0132607589476
0.0129703141283
0.0138584170491
0.0154129518196
0.0189010300674

layerTime
0.0
30.9636774568
0.124476558063
0.0380066060461
0.0
0.0
21.6796241261
0.0377795579843
0.038023657864
0.0371360480785
0.0372111548204
0.0553545509465
0.037931694882
0.0396844740026
0.0
0.0
0.0
26.922531608
2.22251754696
0.0444039609283
0.0
0.0395873689558




layer number :  22
83.1836602618

checkTime
0.0383341470733
0.0132546620443
0.0137738410849
0.0136595880613
0.0159345839638
0.0351176750846
0.0136563519482
0.0124036029447
0.0131363368127
0.014004949946
0.013931005029
0.0137068459298
0.0137574779801
0.0153511408716
0.0141456229612
0.0165689201094
0.0358528720681
0.0139374991413
0.0140357969794
0.0135713058989
0.0154422710184
0.0180392151233

layerTime
0.0
31.6454566009
0.129292660858
0.0373234299477
0.0
0.0
20.598468174
0.0372734470293
0.0382984681055
0.0370811200701
0.0379354730248
0.0557457380928
0.0385302910581
0.0395654330496
0.0
0.0
0.0
27.5052307318
2.37727362895
0.0438072420657
0.0
0.0410980128217




layer number :  22
81.535869316

checkTime
0.0387185879517
0.0136136838701
0.0139716342092
0.0135544762015
0.0157426749356
0.035619762959
0.0137297098991
0.0137862069532
0.0129041788168
0.0129668791778
0.0138034259435
0.0138815669343
0.0136534550693
0.0153756050859
0.0132140868809
0.0161533420905
0.032656946918
0.0138352250215
0.0138929840177
0.0135491029359
0.015554806916
0.0185343390331

layerTime
0.0
31.0411169841
0.123048905982
0.0377044437919
0.0
0.0
21.617906125
0.0379039691761
0.038144299062
0.0371497629676
0.0373695159797
0.0558860010933
0.0369483928662
0.0387796419673
0.0
0.0
0.0
25.460004749
2.36900299205
0.0443410370499
0.0
0.0379778090864




layer number :  22
83.037065665

checkTime
0.0377177889459
0.0138227110729
0.0129020491149
0.0138142649084
0.0157321500592
0.035954042105
0.0134262121283
0.013899628073
0.0131400430109
0.0141587411053
0.0399645529687
0.012951703975
0.0139744260814
0.0154747089837
0.0133574591018
0.0163704669103
0.0367098739371
0.0139747140929
0.0138295330107
0.0137002691627
0.0153856847901
0.0179944192059

layerTime
0.0
32.27546049
0.121939681005
0.0380225288682
0.0
0.0
20.8263972809
0.0384896099567
0.037311314838
0.0370342319366
0.00796031206846
0.0562062968966
0.037627085112
0.0401139948517
0.0
0.0
0.0
26.616669781
2.26685451996
0.0448633879423
0.0
0.0394760027993




layer number :  22
81.1044076681

checkTime
0.0384371781256
0.0137971660588
0.0139161259867
9.19038429856e-05
8.34700185806e-05
0.0659636140335
0.0139688460622
0.0132339999545
0.0132631179877
0.0139373168349
0.0137734171003
0.0139117648359
0.0137935979292
0.0154053391889
0.0141613378655
0.016305383062
0.0368548668921
0.0129291419871
0.0138775659725
0.0134418511298
0.0153847970068
0.0191221879795

layerTime
0.0
31.6074754819
0.1224735789
0.0338243851438
0.0
0.0
20.8394581929
0.0377560199704
0.0381989812013
0.0371084630024
0.0372651319485
0.0558932761196
0.0375975950155
0.0396775170229
0.0
0.0
0.0
25.3289419841
2.27427209495
0.0454548590351
0.0
0.0390538468491




