layer number :  12
119.064830169

checkTime
0.00559395109303
0.00654880399816
0.0420962048229
0.00260664802045
0.0515704178251
0.00554924504831
0.00567283295095
0.0196668400895
0.00773638184182
0.00624908413738
0.00805698893964
0.0126557501499

layerTime
20.564877148
0.0
0.0493088250514
22.589266913
0.012520911172
68.636625723
0.0253071649931
0.0
6.91304364405
0.0
0.0
0.0394215767737




layer number :  12
112.198350292

checkTime
0.00272855511867
0.00349501194432
0.0100974210072
0.0027911530342
0.0523748069536
0.00264584296383
0.00267104199156
0.00901385000907
0.00771636888385
0.00630531203933
0.00792491296306
0.0126193140168

layerTime
19.2099637808
0.0
0.0124435028993
20.5762372231
0.0131495939568
65.845797257
0.0124938350637
0.0
6.25478208507
0.0
0.0
0.0916025550105




layer number :  12
116.069037655

checkTime
0.00243986304849
0.00322747998871
0.00989735894836
0.00267327018082
0.0540548090357
0.00585034606047
0.00544879585505
0.0195362521335
0.00753428111784
0.00650835689157
0.0076706991531
0.0126902330667

layerTime
20.1960286009
0.0
0.0124730351381
23.0268588369
0.0122286889236
65.5334364199
0.05391938705
0.0
6.98383366084
0.0
0.0
0.0577557028737




layer number :  12
113.290305188

checkTime
0.00275077414699
0.00345730688423
0.0102187620942
0.00269176298752
0.0512108849362
0.00277532893233
0.00256331497803
0.00903825089335
0.00757172890007
0.00634933495894
0.00820535304956
0.0129757770337

layerTime
19.0794192629
0.0
0.0270783670712
21.4996844339
0.0122800860554
65.864507362
0.0124680411536
0.0
6.55556896911
0.0
0.0
0.0583327629138




layer number :  12
111.341080206

checkTime
0.00251608900726
0.0031640608795
0.00989847304299
0.00261950702406
0.051673329901
0.00475846999325
0.00469934893772
0.0194853190333
0.00784556102008
0.00641707191244
0.00795367313549
0.0124217169359

layerTime
19.1342970112
0.0
0.0287905780133
19.581031916
0.0130910330918
65.481546744
0.0210931201
0.0
6.81881687697
0.0
0.0
0.030646299012




layer number :  12
110.365689689

checkTime
0.0027037509717
0.00347041292116
0.0101536870934
0.00276722293347
0.0521186939441
0.0057596641127
0.00278188497759
0.00908802403137
0.00774365314282
0.0063566879835
0.00814711186104
0.0123153920285

layerTime
19.9098557641
0.0
0.0122913240921
19.965152856
0.012105145026
63.309873926
0.0736332489178
0.0
6.83965161396
0.0
0.0
0.063273838954




layer number :  12
117.595525728

checkTime
0.00264817313291
0.00344909797423
0.0101058150176
0.00272086611949
0.0516793578863
0.00258575193584
0.00265489704907
0.00933471997268
0.00780082889833
0.00633361795917
0.00778220500797
0.0122281389777

layerTime
18.4209310529
0.0
0.0296831019223
22.98660762
0.0126456429716
69.3491776751
0.0127845590468
0.0
6.55617381702
0.0
0.0
0.0462016630918




layer number :  12
111.737642661

checkTime
0.00552516803145
0.00674348999746
0.0210381110664
0.00261368392967
0.0528262441512
0.00515260710381
0.00568389007822
0.0196093160193
0.00773701700382
0.00622438383289
0.00796192511916
0.0125676388852

layerTime
18.494994367
0.0
0.0263493529055
20.8560615501
0.0124682548922
65.6597564418
0.0242538258899
0.0
6.39457454206
0.0
0.0
0.0603947010823




layer number :  12
114.049095369

checkTime
0.00561279198155
0.00667295907624
0.0210883079562
0.00266507896595
0.0517893137876
0.0052352771163
0.00578934513032
0.0187615579925
0.00774002680555
0.00621752021834
0.00781636382453
0.0123904070351

layerTime
19.3319420989
0.0
0.0250412900932
20.4773344239
0.0243100691587
66.8352180701
0.0486898398958
0.0
7.05263789999
0.0
0.0
0.0453079270665




