layer number :  11
167.285064323

checkTime
0.00514045311138
0.00864982581697
0.0185616509989
0.0220007861499
0.00281954091042
0.00345578906126
0.00269590690732
0.0286558298394
0.00563131202944
0.00547151104547
0.0122617301531

layerTime
15.8084345621
0.0
3.17393339099
16.761613443
45.9856983339
0.0
0.0410346121062
0.0261326560285
85.179428308
0.0820128179621
0.0602983208373




layer number :  11
168.672334041

checkTime
0.00268215918913
0.00449802190997
0.00850707897916
0.0223474560771
0.00254470389336
0.00434220093302
0.00260081794113
0.0282996110618
0.00557129480876
0.00555400899611
0.0126870630775

layerTime
15.35706489
0.0
2.45858111908
17.7297934468
47.2083305751
0.0
0.0406915571075
0.0119510139339
85.5728756641
0.0383868990466
0.0539625480305




layer number :  11
169.944886466

checkTime
0.00564557313919
0.00947619392537
0.00956687191501
0.0219903499819
0.00260394788347
0.00424884003587
0.00274467794225
0.028471428901
0.00573299592361
0.00577992293984
0.0123647609726

layerTime
15.8998674629
0.0
3.100189541
18.0431980591
45.7996740451
0.0
0.040915629128
0.0126061020419
86.7403768371
0.0563656410668
0.0352956959978




layer number :  11
161.829184861

checkTime
0.00257182889618
0.00461416994222
0.00871488288976
0.0219914598856
0.0024273369927
0.00439487397671
0.00259950198233
0.02825166611
0.00573007808998
0.00547474785708
0.0122822569683

layerTime
14.239480909
0.0
2.28675882914
17.1829948612
45.039487883
0.0
0.0410752091557
0.0329368328676
82.7306009089
0.0565317911096
0.0316924850922




layer number :  11
162.33185699

checkTime
0.00229694391601
0.00473374198191
0.00874586892314
0.0224433750845
0.00244940491393
0.00422286102548
0.00257626082748
0.0281890360638
0.00567491305992
0.00656216894276
0.0126872879919

layerTime
13.4380494959
0.0
2.53534148913
17.458488517
48.252051621
0.0
0.0407735051122
0.0117433040868
80.313242316
0.08181495592
0.0479779241141




layer number :  11
156.932936873

checkTime
0.0025152489543
0.00434358697385
0.0158117609099
0.0224716309458
0.00255535496399
0.00435999990441
0.00270499219187
0.0300695779733
0.00573126901872
0.00580034800805
0.0128840410616

layerTime
14.9943553801
0.0
2.38489921112
17.5744995142
44.5938662731
0.0
0.0408073489089
0.0118921168614
77.0279584201
0.0829155619722
0.0444032328669




layer number :  11
162.940654818

checkTime
0.00264227390289
0.00449714809656
0.0188066118862
0.0225471160375
0.00257905689068
0.0043935130816
0.00261106411926
0.0290617749561
0.00554922502488
0.0057053968776
0.0125037140679

layerTime
15.7764596019
0.0
2.76958208205
19.0223965649
43.078962089
0.0
0.0704535059631
0.0119845080189
81.9117033179
0.0561746291351
0.0793624878861




layer number :  11
163.719113205

checkTime
0.00269147218205
0.00445136893541
0.0169824890327
0.0225277889986
0.00569599797018
0.00943271908909
0.00577870197594
0.0611188418698
0.00569828390144
0.00599983404391
0.0127370029222

layerTime
17.1129497848
0.0
2.36461917497
17.116342403
48.1430457339
0.0
0.0797512510326
0.0931566520594
78.4845528591
0.0384498040657
0.0316392621025




layer number :  11
156.587017717

checkTime
0.00552387605421
0.0100836539641
0.0166134140454
0.0224424940534
0.00268917297944
0.00350899295881
0.00268875597976
0.0290780530777
0.00576506392099
0.0060780888889
0.0124974190257

layerTime
15.922286018
0.0
3.18663014797
15.879682566
43.5110871599
0.0
0.0408875620924
0.0121421569493
77.7275687591
0.0386596489698
0.0498818880878




