layer number :  21
90.739873321

checkTime
0.0326065421104
0.0139719219878
0.0135971868876
0.0137139079161
0.0136258900166
0.0131071251817
0.0174855219666
0.0142034809105
0.015875169076
0.0787671429571
0.0139177371748
0.0497696299572
0.0136790191755
0.0145358629525
0.0131916878745
0.0131411789916
0.0138445659541
0.013849870069
0.0137679269537
0.0155547431204
0.0189956119284

layerTime
0.0
26.8098107439
0.114657987142
0.0363985730801
0.0448931299616
3.57550093299
0.0
0.0
0.0
0.0
40.5674775869
0.0
18.8023898338
0.0
0.0374448450748
0.0375651039649
0.0375683160964
0.037648285972
0.0552834619302
0.0
0.0410430231132




layer number :  21
91.135590785

checkTime
0.0372076861095
0.0133520909585
0.013382128207
0.0122366549913
0.0143139420543
0.0136438431218
0.0175089379773
0.0142517948989
0.0147286599968
0.063029800076
0.0123056350276
0.0479037170298
0.0297649279237
0.0136982579716
0.0128534249961
0.0140186380595
0.0139895509928
0.0124742100015
0.0138254300691
0.0157235190272
0.0184723448474

layerTime
0.0
28.4043191909
0.0748786879703
0.0374220979866
0.0347773169633
3.71085813781
0.0
0.0
0.0
0.0
40.805506805
0.0
17.2758823191
0.0
0.0379385589622
0.0378119810484
0.0374041078612
0.038351632189
0.0397359558847
0.0
0.0563600850292




layer number :  21
93.0657530751

checkTime
0.0385643569753
0.0134929060005
0.0132093580905
0.0125550329685
0.0138736560475
0.0131243721116
0.0177607918158
0.0143065620214
0.0153256501071
0.0623406318482
0.0126472450793
0.0488571990281
0.0135762919672
0.0134379840456
0.0139029668644
0.0129955071025
0.0129410370719
0.0139125699643
0.0137049290352
0.0154230939224
0.0192934891675

layerTime
0.0
29.0260911579
0.0743224809412
0.0367983530741
0.0361581589095
3.53778373101
0.0
0.0
0.0
0.0
40.64064984
0.0
18.9217848091
0.0
0.0375348189846
0.0531814149581
0.037495726021
0.0375243299641
0.0386988238897
0.0
0.059608716052




layer number :  21
90.4658342758

checkTime
0.0386898939032
0.0135946969967
0.0129735560622
0.0120809460059
0.0146760309581
0.0132215970661
0.0176727389917
0.0142218868714
0.0162979569286
0.0620839141775
0.0137101798318
0.0494962241501
0.0139244380407
0.0144223249517
0.0139069280121
0.0133527379949
0.0139127601869
0.0138556370512
0.0136168031022
0.015626416076
0.0181271219626

layerTime
0.0
29.488737989
0.122612403007
0.0391546341125
0.0317077138461
3.39914508513
0.0
0.0
0.0
0.0
38.604024312
0.0
17.982372225
0.0
0.0374265669379
0.0537583860569
0.0372889528517
0.0373482359573
0.0386365638115
0.0
0.0605738628656




layer number :  21
89.79693817

checkTime
0.0383261130191
0.0127665810287
0.0195582439192
0.0130571241025
0.0137865610886
0.01359692798
0.0174981208984
0.0141154529992
0.0165536999702
0.0626860421617
0.0138193641324
0.0491681538988
0.0137604789343
0.0136439572088
0.0129730990157
0.0139350369573
0.013319761958
0.0130237820558
0.0137070859782
0.0150416621473
0.0190808158368

layerTime
0.0
28.760046985
0.0712031980511
0.0423164879903
0.0366685139015
3.68818930211
0.0
0.0
0.0
0.0
38.6061761698
0.0
17.788115812
0.0
0.0376592099201
0.0537134839687
0.0372388339601
0.0376484380104
0.0398894799873
0.0
0.0593958050013




layer number :  21
88.0955939828

checkTime
0.0383700369857
0.0138101968914
0.0136792489793
0.0128055510577
0.0145919350907
0.0133749470115
0.0175394800026
0.01417076285
0.0164546149317
0.0624731332064
0.0137615881395
0.0488567738794
0.0136005268432
0.0143838031217
0.0139144079294
0.0133121109102
0.0139540629461
0.0137536299881
0.0135489788372
0.0155581149738
0.0180272869766

layerTime
0.0
27.6848163821
0.121751863044
0.0386800309643
0.0364099259023
3.48983349511
0.0
0.0
0.0
0.0
38.5156766719
0.0
17.4086257401
0.0
0.03760452196
0.0524501530454
0.037955920212
0.0381460469216
0.0396132811438
0.0
0.0587319601327




layer number :  21
87.848040571

checkTime
0.0374422050081
0.0124441918451
0.0122982321773
0.0124035498593
0.0156008831691
0.0135850419756
0.01766877505
0.0142134719063
0.0164317120798
0.0624614679255
0.0137430739123
0.0484360200353
0.0136950288434
0.0144687241409
0.0139028779231
0.0139509062283
0.0137949739583
0.0129491419066
0.0136146459263
0.0155479800887
0.0185725369956

layerTime
0.0
28.6648862232
0.118234100984
0.0334883290343
0.0339358139317
3.17063572491
0.0
0.0
0.0
0.0
37.3696432181
0.0
17.6547788081
0.0
0.0382487699389
0.0538213029504
0.0372453359887
0.03815557505
0.0391752740834
0.0
0.0603009669576




layer number :  21
88.746956049

checkTime
0.0384605359286
0.013812833
0.0140368940774
0.0135446169879
0.0137319848873
0.0132090360858
0.0173164990265
0.0145108539145
0.0160855050199
0.0620538929943
0.0126353688538
0.0496178620961
0.013726123143
0.0136261649895
0.0137120189611
0.0129881380126
0.0133121900726
0.0138874179684
0.0136338570155
0.0145786490757
0.0191527148709

layerTime
0.0
28.804734597
0.1008267859
0.0370274570305
0.0367368240841
3.50430853292
0.0
0.0
0.0
0.0
37.7107058521
0.0
17.7587169029
0.0
0.0375307919458
0.0537811568938
0.0375392050482
0.0364625588991
0.0396887441166
0.0
0.03913810011




layer number :  21
87.7958322631

checkTime
0.0369253009558
0.0139370399993
0.0132759578992
0.0141896288842
0.015981757082
0.0122416580562
0.0146484600846
0.0128209688701
0.0161685980856
0.0612232571002
0.0136264411267
0.0496170739643
0.0134885490406
0.0139179639518
0.0132290709298
0.0123911539558
0.0132321221754
0.0134045879822
0.0137111400254
0.0155636148993
0.0188347261865

layerTime
0.0
27.165892099
0.122129514115
0.0387997750659
0.0372692300007
3.89709669189
0.0
0.0
0.0
0.0
37.8528717358
0.0
17.894667943
0.0
0.0348858390935
0.0509079599287
0.0364917609841
0.0380180049688
0.0395479069557
0.0
0.059317503823




