layer number :  28
176.082486067

checkTime
0.0368951770943
0.0139683769085
0.0136632430367
0.0212176970672
0.013100001961
0.0138361779973
0.0188025780953
0.0153978071176
0.0145349528175
0.0158645801712
0.102117415052
0.0140435670037
0.0137117730919
0.0162900120486
0.0385746879037
0.01392725599
0.0133927429561
0.0177343350369
0.0142648410983
0.0174870439805
0.0142918620259
0.0150752940681
0.0563703649677
0.0547881829552
0.0138237080537
0.0137653050479
0.015538378153
0.0183712639846

layerTime
0.0
29.7559333041
0.145913047949
0.0383702479303
9.89206113806
0.0387006560341
0.0
7.72569917585
0.0
0.0
0.0
62.2847589469
0.0412994059734
0.0
0.0
34.4241311981
0.0406532918569
0.0
0.0
0.0
0.0
0.0
0.0
15.3921362869
15.4303988861
0.0375574917998
0.0
0.057699845871




layer number :  28
175.649698631

checkTime
0.0374045090284
0.0139627570752
0.0135111820418
0.0203635708895
0.0139430770651
0.0136471029837
0.0194948338903
0.0154980998486
0.0142948119901
0.0160554740578
0.102234482067
0.0138906531502
0.0130180991255
0.0154966430273
0.0381856369786
0.0139256101102
0.0135922839399
0.0176505499985
0.0142226840835
0.0178094839212
0.0143090961501
0.0158975908998
0.056206882
0.0549635379575
0.0130815869197
0.0137095020618
0.0153835820965
0.0191100358497

layerTime
0.0
30.3295536069
0.146805047989
0.0387199199758
9.52769125998
0.0390952550806
0.0
7.97782584815
0.0
0.0
0.0
61.8617244349
0.0588878288399
0.0
0.0
34.0662477529
0.0406737439334
0.0
0.0
0.0
0.0
0.0
0.0
15.114336116
15.5723984221
0.0399401229806
0.0
0.0387308571953




layer number :  28
177.141127685

checkTime
0.0364347421564
0.0141005169135
0.0139372749254
0.0211629029363
0.0139587889425
0.0139265519101
0.0197983940598
0.0154705899768
0.0144192490261
0.0165107760113
0.103892640909
0.0130399570335
0.0136926309206
0.0161343470681
0.0389755750075
0.0139536510687
0.0132408558857
0.0177094279788
0.014335721964
0.0177494201344
0.0141991870478
0.0165950318333
0.0556448430289
0.0556133810896
0.012764697196
0.0138300019316
0.0155645881314
0.0191565079149

layerTime
0.0
30.98872654
0.146368849091
0.0375990059692
9.09542663419
0.0378759920131
0.0
7.65393233905
0.0
0.0
0.0
63.0005681571
0.0611784979701
0.0
0.0
34.590221345
0.0407218260225
0.0
0.0
0.0
0.0
0.0
0.0
15.235401843
15.3758721629
0.0386775268707
0.0
0.0367500991561




layer number :  28
177.138084536

checkTime
0.0351938991807
0.0140716738533
0.0136488680728
0.0208824179135
0.0139191930648
0.0135208908468
0.0187663240358
0.0153505790513
0.0142692760564
0.0159920910373
0.102145911893
0.0132393839303
0.013666016981
0.0165391641203
0.0390400548931
0.0138241429813
0.0135271190666
0.0177586819045
0.0136959340889
0.0180510280188
0.0143948330078
0.0149727528915
0.0566062489524
0.0551631099079
0.0135060190223
0.0136428282131
0.0143808338325
0.01919989218

layerTime
0.0
30.270514203
0.124058403075
0.0389100338798
9.78257208504
0.0377305040602
0.0
7.51910225302
0.0
0.0
0.0
62.117000466
0.0407843440771
0.0
0.0
35.802575961
0.0405497490428
0.0
0.0
0.0
0.0
0.0
0.0
15.4495817691
15.0418204342
0.0537701668218
0.0
0.0410361569375




layer number :  28
178.206229675

checkTime
0.0366153549403
0.0139010460116
0.0140419369563
0.0209542899393
0.0130588870961
0.0130053649191
0.0193742860574
0.0154704491142
0.0143643259071
0.0161541630514
0.102708723862
0.0131028550677
0.0144890919328
0.0146828051656
0.0393192127813
0.0130657958798
0.0137815829366
0.0174993639812
0.0140412901528
0.0178994690068
0.0143743059598
0.0162441430148
0.0720802119467
0.0545963600744
0.0133748869412
0.0137681202032
0.0154854268767
0.0181848809589

layerTime
0.0
30.5513716741
0.145139371045
0.038817309076
9.61686870293
0.0363311499823
0.0
7.72260670899
0.0
0.0
0.0
64.052504411
0.0400145880412
0.0
0.0
34.4738399792
0.0412452761084
0.0
0.0
0.0
0.0
0.0
0.0
15.088780632
15.5094708069
0.039064575918
0.0
0.0565649629571




layer number :  28
179.26490401

checkTime
0.0372740959283
0.0139359231107
0.0132298618555
0.0201514728833
0.0139468100388
0.0138149692211
0.0203112878371
0.0153920219745
0.0143701490015
0.0161235120613
0.102264423855
0.0139472740702
0.013783114031
0.016045285156
0.039479783969
0.0139301030431
0.0127998269163
0.026530479081
0.0150836990215
0.0181623110548
0.0144302370027
0.0160812030081
0.0550902108662
0.0545410478953
0.0133658049162
0.0137256430462
0.015345236985
0.018458053004

layerTime
0.0
30.006235475
0.145522654988
0.0382397831418
9.89706555009
0.0379796668421
0.0
8.71231975709
0.0
0.0
0.0
62.408213899
0.0629977579229
0.0
0.0
35.1905908459
0.0397659679875
0.0
0.0
0.0
0.0
0.0
0.0
16.4137911501
15.4277308101
0.0369642649312
0.0
0.0411625390407




layer number :  28
177.798067049

checkTime
0.0356206931174
0.0140489859041
0.0127828191034
0.0210153840017
0.0139404309448
0.0135718698148
0.0199099371675
0.0154944439419
0.0143678979948
0.0161550170742
0.102242456982
0.0139286878984
0.0136943508405
0.0156962671317
0.0386166430544
0.0138733168133
0.0137298740447
0.0175641109236
0.014316390967
0.0174230290577
0.0143409380689
0.0159402319696
0.0552506230306
0.0548035860993
0.0138126660604
0.0137104389723
0.0154692691285
0.0193088860251

layerTime
0.0
30.6676762539
0.146379424958
0.0384610421024
9.45742777898
0.0375630890485
0.0
8.08717675903
0.0
0.0
0.0
62.559808532
0.0415202970617
0.0
0.0
34.974442709
0.0414097311441
0.0
0.0
0.0
0.0
0.0
0.0
15.4384357438
15.431176794
0.0382162209135
0.0
0.0415903360117




layer number :  28
176.743724877

checkTime
0.0351282849442
0.0139223460574
0.0136789639946
0.0212376641575
0.0139803672209
0.0139070351142
0.0195751958527
0.0154893749859
0.0142678928096
0.0161655971315
0.103323224932
0.0137780869845
0.0127924829721
0.0158026199788
0.0387400500476
0.0139020890929
0.0122337280773
0.0164272838738
0.0142227900214
0.0177980139852
0.014482535189
0.0159417567775
0.0561269421596
0.0536545109935
0.0141711879987
0.0135754449293
0.0147506829817
0.0190088450909

layerTime
0.0
32.408022661
0.145924085053
0.0393269569613
9.51237354078
0.0378088778816
0.0
7.89390764013
0.0
0.0
0.0
61.92198234
0.0605433990713
0.0
0.0
33.9102530968
0.0395077259745
0.0
0.0
0.0
0.0
0.0
0.0
14.8642527759
15.0354221361
0.0394278629683
0.0
0.0385819619987




layer number :  28
178.181095137

checkTime
0.036291097058
0.0140014910139
0.0139914189931
0.0213244128972
0.0140572299715
0.0135873737745
0.0199848690536
0.0154234860092
0.0142858750187
0.0151394507848
0.102205128176
0.013311696006
0.0137356910855
0.0160453799181
0.0397205851041
0.0132984810043
0.0136866820976
0.0173869540449
0.0142613218632
0.0176620020065
0.0143799649086
0.0160660690162
0.056132013211
0.0551874141674
0.0133056768682
0.0136862648651
0.0154237071984
0.0191862760112

layerTime
0.0
31.7718103081
0.146383615909
0.0376250070985
9.2855957651
0.0383930420503
0.0
8.12997992313
0.0
0.0
0.0
62.3727214579
0.0415677409619
0.0
0.0
35.0565389539
0.0415165170562
0.0
0.0
0.0
0.0
0.0
0.0
15.2129230758
15.16577191
0.0381890861318
0.0
0.0592742389999




