layer number :  18
119.244416266

checkTime
0.0147352679633
0.0057672620751
0.00596068403684
0.0132964970544
0.00272514903918
0.00275821401738
0.00637390487827
0.00704884598963
0.012591265142
0.00399851286784
0.0484902760945
0.00272597884759
0.00262461905368
0.00397812901065
0.015656135045
0.00602062908001
0.00599062396213
0.0128587619402

layerTime
0.0
26.471989756
0.107675449923
0.0252933530137
7.86315483297
0.0274852679577
0.0
6.89286418306
0.0
0.0
0.0
48.649425576
0.0138973880094
0.0
0.0
28.902657724
0.0315000410192
0.0281056480017




layer number :  18
119.822946536

checkTime
0.0145211261697
0.00554994191043
0.00271426187828
0.0064262910746
0.00526644312777
0.00509456498548
0.0112247618381
0.00360932596959
0.00286352401599
0.00395184196532
0.0494674970396
0.00283134612255
0.00257671717554
0.00389620289207
0.015608600108
0.00590352993459
0.0317197258119
0.0129579959903

layerTime
0.0
25.8189507599
0.0768597091082
0.0122739300132
7.94457724295
0.0227095249575
0.0
7.05298754014
0.0
0.0
0.0
49.3281744369
0.0137538798153
0.0
0.0
29.230207579
0.0351785491221
0.0457405410707




layer number :  18
121.984221405

checkTime
0.0149242470507
0.00571457785554
0.00617574690841
0.013425162062
0.00280186487362
0.0027751380112
0.00609207386151
0.00357908615842
0.00275050895289
0.00400207610801
0.0496166038793
0.00264449696988
0.00249623297714
0.00414977502078
0.0160495659802
0.0058062011376
0.00540097802877
0.0125501919538

layerTime
0.0
25.201070148
0.105276225135
0.0421465269756
7.60648601409
0.0129848611541
0.0
6.66135367192
0.0
0.0
0.0
50.513223567
0.0359415120911
0.0
0.0
31.4838803299
0.0315087938216
0.0590562270954




layer number :  18
118.676707558

checkTime
0.0142707140185
0.00574568798766
0.00569321005605
0.0133256411646
0.00300687598065
0.00305773387663
0.00681437901221
0.00345938815735
0.00273150485009
0.00390613009222
0.0614752650727
0.00260530714877
0.00260476581752
0.00395627110265
0.0158814280294
0.00566121796146
0.00561191304587
0.0125198739115

layerTime
0.0
24.590042291
0.103991294978
0.0260035528336
7.85925719398
0.0136230180506
0.0
6.09966311092
0.0
0.0
0.0
49.2805096898
0.013111399021
0.0
0.0
30.3581552999
0.0591208680999
0.0300709500443




layer number :  18
118.832458335

checkTime
0.0143018129747
0.00530858687125
0.00515506579541
0.011832781136
0.00273328297772
0.00254520610906
0.00580584886484
0.00347236194648
0.00272016599774
0.0039328711573
0.0487882560119
0.00277286511846
0.00267655588686
0.00409123697318
0.0157126651611
0.00583659298718
0.00584368011914
0.0127246889751

layerTime
0.0
27.0622852261
0.0939046891872
0.0234553259797
7.08474899293
0.0131573500112
0.0
6.86931239907
0.0
0.0
0.0
46.9989416979
0.0283841199707
0.0
0.0
30.3547226118
0.029741615057
0.061881233938




layer number :  18
122.154923957

checkTime
0.0140605310444
0.00248858006671
0.00270094210282
0.00583915808238
0.00574811501428
0.00559570593759
0.0121700291056
0.00344750098884
0.00282758101821
0.00413749390282
0.0482832670677
0.00264508184046
0.00330771389417
0.00414359313436
0.0159253068268
0.00556668196805
0.00559951504692
0.0124032390304

layerTime
0.0
24.6814667659
0.0607726050075
0.0123243818525
7.58571587107
0.0246750318911
0.0
6.83560087206
0.0
0.0
0.0
52.749387739
0.0135792321526
0.0
0.0
29.8790250882
0.0597840528935
0.0395415690728




layer number :  18
119.01212509

checkTime
0.0145374371205
0.00579994893633
0.00583433895372
0.0132261088584
0.00280760508031
0.00279999501072
0.00628838012926
0.00352296303026
0.00279295700602
0.0039988050703
0.0490960658062
0.00286551215686
0.00264971191064
0.00405540899374
0.0159677360207
0.00616761017591
0.00559397996403
0.0129141511861

layerTime
0.0
26.489905817
0.104614285054
0.0251964631025
7.72346135997
0.0125819039531
0.0
6.70855853194
0.0
0.0
0.0
48.515371904
0.0417528080288
0.0
0.0
29.0611943619
0.0313380558509
0.0801907638088




layer number :  18
116.958958807

checkTime
0.014474111842
0.00253046490252
0.00276882504113
0.00629929010756
0.00262941722758
0.00250805704854
0.00611930107698
0.00381591008045
0.00318489200436
0.00430617411621
0.0539780128747
0.00288179283962
0.00243150093593
0.00395949208178
0.0154327778146
0.00589381717145
0.00543979019858
0.0130810379051

layerTime
0.0
24.6381537681
0.0607628440484
0.0278967258055
6.84681936889
0.0120898648165
0.0
6.57447799086
0.0
0.0
0.0
47.3843254771
0.014648869168
0.0
0.0
31.096894182
0.0311570328195
0.0362715509254




layer number :  18
119.39674232

checkTime
0.0146020019893
0.00544837815687
0.00514308689162
0.0122004118748
0.00257743685506
0.0026127519086
0.00599059299566
0.00354042206891
0.00282403198071
0.00405441597104
0.0616571549326
0.00282442499883
0.00255865394138
0.00398555397987
0.0157387661748
0.00585189298727
0.00655028410256
0.0123853350524

layerTime
0.0
25.4322437199
0.139868444996
0.0236142410431
8.02152856416
0.0251840481069
0.0
6.26988852909
0.0
0.0
0.0
48.1277777581
0.0233328519389
0.0
0.0
30.9938106369
0.0303700789809
0.0283919479698




