layer number :  15
52.4674571031

checkTime
0.00254251807928
0.0180141879246
0.00312269991264
0.00577471312135
0.00491357897408
0.00580467702821
0.0054830161389
0.00546013610438
0.00606732396409
0.00579828699119
0.00535970111378
0.010493252892
0.00610731099732
0.0079479420092
0.0122626861557

layerTime
18.139869781
0.0
25.365768186
0.0272863160353
2.24649637984
6.30329849198
0.0244839249644
0.0240270318463
0.0240290949587
0.0706106231082
0.0275004978757
0.0
0.0
0.0
0.050198324956




layer number :  15
53.1278102191

checkTime
0.00263799191453
0.0183417901862
0.00267522200011
0.00506915803999
0.00490825390443
0.00577617692761
0.00609025801532
0.00560420192778
0.00585528183728
0.00569993397221
0.0057423170656
0.0104623348452
0.00625821505673
0.00777889997698
0.0125507139601

layerTime
17.251389554
0.0
26.9671466809
0.0128364539705
2.12752632704
6.38503910508
0.0245143349748
0.0542386251036
0.0238866161089
0.0419243520591
0.0275217790622
0.0
0.0
0.0
0.0491057611071




layer number :  15
53.643621108

checkTime
0.00289269303903
0.0179993030615
0.00944187492132
0.00498969713226
0.0103752398863
0.00565139809623
0.0104956789874
0.0057183150202
0.0056090678554
0.00575143611059
0.00530497496948
0.0106057468802
0.00605200603604
0.00757730100304
0.0124167590402

layerTime
17.0859755599
0.0
26.0683741749
0.01962392102
2.38910081401
7.66907570907
0.0245380359702
0.0464345689397
0.0239618320484
0.0252214709762
0.0274367630482
0.0
0.0
0.0
0.0399365921039




layer number :  15
53.0887304929

checkTime
0.00265832920559
0.0175356429536
0.00605930900201
0.0103815260809
0.0105786889326
0.00622344086878
0.00561233307235
0.00557597004808
0.00554174208082
0.0057307658717
0.00551852001809
0.0104964841157
0.0060674068518
0.00782376900315
0.0124247430358

layerTime
17.7165121608
0.0
25.701418417
0.0258581868839
2.28391704895
6.92379345815
0.0537052359432
0.0242608760018
0.0362342828885
0.0248063420877
0.0385612889659
0.0
0.0
0.0
0.0820164910983




layer number :  15
51.9356772481

checkTime
0.00257982010953
0.0181967308745
0.00578886293806
0.00490974704735
0.00533929094672
0.00559715996496
0.00541415507905
0.00544104492292
0.00550113897771
0.00585190299898
0.00557236280292
0.0106217430439
0.00590162398294
0.0078658470884
0.0126398589928

layerTime
17.613256241
0.0
25.985049132
0.0390852920245
1.86533694994
6.06503640418
0.0234635879751
0.0243597929366
0.0358029401395
0.0240360030439
0.0549331950024
0.0
0.0
0.0
0.0402967429254




layer number :  15
52.493427183

checkTime
0.00253111007623
0.0185506709386
0.00270156096667
0.00563494721428
0.00491880485788
0.00570823205635
0.00571687798947
0.00595964794047
0.00665014400147
0.00584796420299
0.0053779440932
0.0106910809409
0.00623407098465
0.00808726600371
0.0125390419271

layerTime
18.233391603
0.0
25.8480624671
0.011812212877
1.51468818099
6.50402712193
0.0237844360527
0.0246609910391
0.0355774110649
0.0245148448739
0.0564514978323
0.0
0.0
0.0
0.0506329890341




layer number :  15
54.4901338208

checkTime
0.00264698616229
0.0181360258721
0.00277172005735
0.00502983992919
0.0050362390466
0.00643359799869
0.00567209394649
0.00553031591699
0.00578552903607
0.00570841389708
0.00535830389708
0.0108342820313
0.00606013718061
0.0078617290128
0.0123288158793

layerTime
17.7290387929
0.0
27.5376444431
0.0258941620123
2.41307943594
6.40021194099
0.0239817250986
0.0243127299473
0.0531360681634
0.024558062898
0.0275814260822
0.0
0.0
0.0
0.0665775979869




layer number :  15
54.4933332892

checkTime
0.00268947402947
0.0188945159316
0.00271415291354
0.00506820296869
0.00505108293146
0.00546638783999
0.00553104607388
0.00625745905563
0.00639806408435
0.00631820992567
0.00554848904721
0.0107393960934
0.00617398903705
0.0079112239182
0.0126109430566

layerTime
17.6297949189
0.0
27.7512165061
0.0127379330806
2.35881079803
6.32100970112
0.0237364419736
0.0248169100378
0.0563831939362
0.0473875289317
0.0423852959648
0.0
0.0
0.0
0.0594480908476




layer number :  15
53.1214995719

checkTime
0.00257692602463
0.0180625088979
0.00260627502576
0.00501217413694
0.00501970085315
0.00545260496438
0.00546499784105
0.00586761091836
0.00582368089817
0.00570095516741
0.00541234808043
0.0104811058845
0.00646883202717
0.00784695101902
0.0125940130092

layerTime
18.252731831
0.0
25.6723012701
0.0124205758329
2.07873959001
6.67664414411
0.023498919094
0.0245546791703
0.0425334780011
0.0297923469916
0.0555929378606
0.0
0.0
0.0
0.0299570150673




