layer number :  24
103.036964259

checkTime
0.0140225819778
0.0140401821118
0.0153140020557
0.0144261268433
0.0159414929803
0.0261557160411
0.0138765252195
0.0130974480417
0.0134893548675
0.0138090779074
0.0130848730914
0.0139505851548
0.0132504689973
0.0137893799692
0.0140849640593
0.0142404411454
0.0140704689547
0.0137423300184
0.0150202759542
0.0152853729669
0.0625126098748
0.0246832859702
0.0125971219968
0.0227215918712

layerTime
25.894160582
0.123977904906
0.0399550970178
0.0
0.0
0.0
8.22424782394
0.0532691208646
0.0378539520316
0.038269833196
0.0523935339879
0.0540399018209
0.0377778918482
0.0379977701232
0.0378143549897
0.0363873068709
0.343209666898
0.0583333130926
0.0
0.0
0.0383957840968
49.8447247581
12.8111441161
4.70829374716




layer number :  24
103.091838247

checkTime
0.0139126849826
0.0130156199448
0.0154811029788
0.0144353690557
0.0159500918817
0.0272581181489
0.0132269640453
0.014148941962
0.0140942328144
0.0140775041655
0.0139490449801
0.0136198208202
0.0140538990963
0.0130110441241
0.0138791049831
0.0133526627906
0.0123340939172
0.0122818730306
0.0138535918668
0.0135458430741
0.0614096932113
0.0260228780098
0.013256781036
0.0217198350001

layerTime
27.102129725
0.122007618891
0.0399819731247
0.0
0.0
0.0
8.55197163182
0.0374260530807
0.0382455131039
0.0537258919794
0.0518518739846
0.0381683050655
0.038614151068
0.0387033938896
0.0558337389957
0.0376300490461
0.332381070126
0.0337737391237
0.0
0.0
0.0336048798636
48.0327235758
12.9591721541
4.93564763782




layer number :  24
103.488445056

checkTime
0.00015494809486
0.0140178159345
0.0154622578993
0.0143292509019
0.0159428680781
0.0272153539117
0.0130673008971
0.0139317668509
0.0131875369698
0.0136348409578
0.013723511016
0.0132488659583
0.030236867955
0.0133662400767
0.0129242050461
0.0144206469413
0.0135757748503
0.0136328970548
0.0157379689626
0.0145761701278
0.0625878470019
0.0261175429914
0.0138872258831
0.0228695331607

layerTime
27.1115373438
0.137803646969
0.0400262142066
0.0
0.0
0.0
8.57343952311
0.0374598922208
0.0534800461028
0.038072854979
0.0512018320151
0.0376759159844
0.038282884052
0.0382109640632
0.0377487468068
0.0373697991017
0.344064281089
0.0387629519682
0.0
0.0
0.055890548043
49.3991238498
12.0720171991
4.77242134605




layer number :  24
103.434210347

checkTime
0.013939037919
0.016196587123
0.0153665980324
0.0143274790607
0.0158474019263
0.0256605520844
0.0270336710382
0.026140132919
8.37568659335e-05
0.0286549951416
0.0122552579269
0.0123417780269
0.0122143048793
0.0122299659997
0.0121342767961
0.0126471950207
0.0126067709643
0.0124917649664
0.0137736611068
0.0135558159091
0.0612021510024
0.0248737139627
0.0130399640184
0.0237956019118

layerTime
25.8517621809
0.138931693044
0.0392884719186
0.0
0.0
0.0
8.4227325758
0.0174957120325
0.0252345781773
0.0521812860388
0.0456748038996
0.0312073300593
0.032318135025
0.031567908125
0.031612721039
0.0504562510177
0.328408353031
0.0332323480397
0.0
0.0
0.0326270139776
49.8002462541
12.507430088
5.36564907921




layer number :  24
102.321706167

checkTime
0.0137696471065
0.000183511059731
0.0154789020307
0.0142286149785
0.01601075707
0.0273462270852
0.0128371729515
0.0137522069272
0.0139421150088
0.0136381359771
0.0140420577955
0.0139678500127
0.0139358730521
0.0127562449779
0.0140340400394
0.0141599110793
0.0139277570415
0.0136623869184
0.0157986830454
0.0150501220487
0.0625912740361
0.0246443650685
0.0136705550831
0.0238125920296

layerTime
26.5602097861
0.114144157851
0.0612406509463
0.0
0.0
0.0
8.28526022984
0.0377129421104
0.038301771041
0.0533219170757
0.0512872780673
0.0374432071112
0.0376698579639
0.03780495096
0.0561529670376
0.0364687358961
0.34764211392
0.0394128360786
0.0
0.0
0.0381667169277
48.9328794109
12.4811134869
4.51954749692




layer number :  24
103.14217199

checkTime
0.0140117190313
0.0355174851138
0.0153781550471
0.0141807249747
0.015973106958
0.026944634039
0.014057826018
0.0139916930348
0.0133386838716
0.0139943438116
0.0133201968856
0.0131291048601
0.0302280420437
0.0131062259898
0.0139131019823
0.0143295358866
0.0140846611466
0.0136860469356
0.015915452037
0.0152904670686
0.0617774359416
0.0249344320036
0.0126812839881
0.0240631129127

layerTime
26.2699890451
0.101439823862
0.0400532309432
0.0
0.0
0.0
8.72209342499
0.0378630200867
0.0537361579482
0.0381834511645
0.0514342281967
0.0376186061185
0.0380446100608
0.0377528518438
0.037648958154
0.0375103550032
0.343795249006
0.0398188258987
0.0
0.0
0.0570173009764
50.0562914622
12.3730670719
4.14522477612




layer number :  24
102.604007516

checkTime
0.0139755879063
0.0139066081028
0.0154445329681
0.0143506410532
0.0161144300364
0.0270532339346
0.0138377919793
0.0129750608467
0.0131577108987
0.0298471818678
0.0137027120218
0.0137647090014
0.0138774900697
0.0137084720191
0.0139178768732
0.0142843089998
0.0136477439664
0.013634019997
0.0158233880065
0.0139979100786
0.0625122101046
0.0262917249929
0.0135169362184
0.0241054228973

layerTime
26.538822483
0.144206638914
0.0399705809541
0.0
0.0
0.0
8.19657494407
0.0362969080452
0.0379908811301
0.0382567381021
0.051377098076
0.0370020330884
0.0377987658139
0.0378238291014
0.0385141309816
0.0555625881534
0.335182671901
0.0378940119408
0.0
0.0
0.0382596929558
49.0095659939
11.998590041
5.28412025003




layer number :  24
101.878646893

checkTime
0.0137188171502
0.0139189560432
0.0154751359951
0.0148472329602
0.0160503741354
0.0268226438202
0.013340117177
0.013890333008
0.0129289871547
0.0139198321849
0.013932317961
0.0128936900292
0.0138861469459
0.0138360511046
0.0139063119423
0.0141837249976
0.0128752719611
0.0136204350274
0.0158845421392
0.0147480538581
0.0620575919747
0.0262125160079
0.0127501518
0.0235706691165

layerTime
25.9249855119
0.122161922976
0.0390910739079
0.0
0.0
0.0
8.536548462
0.0375073449686
0.0391495618969
0.0538872068282
0.0508288699202
0.0375335740391
0.0379875840154
0.0379857269581
0.0563911648933
0.0376279591583
0.335074524861
0.0390626220033
0.0
0.0
0.0382347900886
49.311880915
12.0846697881
4.48913627909




layer number :  24
103.009875015

checkTime
0.0140060100239
0.0130181189161
0.0154709198978
0.0142332341056
0.0158132698853
0.0268633400556
0.0138745110016
0.0140558190178
0.0139595728833
0.0138701759279
0.0132122549694
0.0140835738275
0.0303189051338
0.0138527147938
0.0139764749911
0.0134890649933
0.0129020959139
0.0137454110663
0.0158885119017
0.0150541770272
0.0618817529175
0.0260066189803
0.0139254238456
0.0240231561475

layerTime
26.6646818691
0.124363817973
0.0399052391294
0.0
0.0
0.0
7.7638034129
0.0380235211924
0.0540534129832
0.0383587020915
0.0519570941105
0.0374997740146
0.0380768040195
0.0377572160214
0.0382227771915
0.0381687579211
0.343812949024
0.0388868220616
0.0
0.0
0.0574158329982
50.442528598
11.9024938152
4.65597858699




