layer number :  21
84.9234150371

checkTime
0.00569316116162
0.0137986158952
0.00318765011616
0.00250575481914
0.0046159750782
0.00274832593277
0.00393261597492
0.0233809240162
0.00271429982968
0.00369344092906
0.00575691903941
0.00838290597312
0.0192052260973
0.00563751393929
0.00681361206807
0.00544173503295
0.00891647394747
0.00708582415245
0.00506511190906
0.00871689105406
0.0124929379672

layerTime
19.7357440919
0.0
7.93664938398
0.10335122305
0.0
0.0
0.0
0.0
45.3336154472
0.0730754272081
2.88574976288
0.0
0.0
8.15250164806
0.0
0.0251591908745
0.0
0.0
0.370376555948
0.0
0.0395448449999




layer number :  21
82.3001461441

checkTime
0.00560130295344
0.0137633390259
0.00267316005193
0.00265007303096
0.00470036803745
0.00322390510701
0.0041963160038
0.0279548959807
0.00256218505092
0.00356285483576
0.00553474901244
0.00819160090759
0.0192516960669
0.00574592291377
0.00663450709544
0.00562584097497
0.00841595605016
0.00785231078044
0.00547147216275
0.00799922691658
0.0128362500109

layerTime
18.860767039
0.0
6.63366982294
0.11393424985
0.0
0.0
0.0
0.0
45.8508822089
0.055241869064
2.29297200614
0.0
0.0
7.81571340305
0.0
0.0536987669766
0.0
0.0
0.351005651057
0.0
0.0372672090307




layer number :  21
84.3267822331

checkTime
0.00336868013255
0.006913817022
0.00334874796681
0.00267228786834
0.00468228105456
0.0028938530013
0.00407033599913
0.0232877989765
0.00598298897967
0.0075595958624
0.0057293290738
0.00848542479798
0.0189080762211
0.0060126259923
0.00681162602268
0.00616525788791
0.00867385114543
0.00711355381645
0.00549971801229
0.00780420098454
0.0123151559383

layerTime
18.71046376
0.0
7.50013280101
0.103327488992
0.0
0.0
0.0
0.0
46.7636058871
0.174543953035
2.54506511311
0.0
0.0
7.87479274394
0.0
0.0249230479822
0.0
0.0
0.371170659084
0.0
0.0344806630164




layer number :  21
82.412289035

checkTime
0.005520937033
0.0136115879286
0.00256727496162
0.00255250209011
0.004602791043
0.00295623997226
0.00413198396564
0.0235766249243
0.0060499701649
0.00799793889746
0.00567372818477
0.00847314088605
0.0187014129478
0.00593564403243
0.0065954439342
0.00599603285082
0.00842759408988
0.00786103005521
0.0056093740277
0.00770672503859
0.0126248029992

layerTime
18.074134178
0.0
7.07833603816
0.12236185791
0.0
0.0
0.0
0.0
45.597446302
0.164700730005
2.66054679896
0.0
0.0
8.02365451213
0.0
0.0254934120458
0.0
0.0
0.358307167888
0.0
0.0589464840014




layer number :  21
83.9649230621

checkTime
0.00553199904971
0.0133919760119
0.00276984693483
0.00260635698214
0.00471326103434
0.00314257596619
0.00401902012527
0.0231879409403
0.00588657008484
0.00760194589384
0.00268517783843
0.00395428622141
0.00934891588986
0.00500915315934
0.00747009483166
0.00533546996303
0.00823835609481
0.0077797959093
0.00561355496757
0.00813571596518
0.0126968731638

layerTime
19.082126054
0.0
7.14893515804
0.103273611981
0.0
0.0
0.0
0.0
46.4993022589
0.164479739033
2.15080416412
0.0
0.0
8.1444679189
0.0
0.0255604961421
0.0
0.0
0.339699466014
0.0
0.0783441308886




layer number :  21
82.4858779339

checkTime
0.00274738692679
0.0068930501584
0.00293746497482
0.00257401517592
0.00473238481209
0.00318178418092
0.00407911278307
0.0232679261826
0.00266436883248
0.00370490993373
0.00585860013962
0.00832453393377
0.0190050429665
0.0056132839527
0.00663893693127
0.00578270596452
0.00837644003332
0.00766093097627
0.00618988880888
0.00791117409244
0.0128457550891

layerTime
17.960896913
0.0
6.38185932883
0.103240265045
0.0
0.0
0.0
0.0
46.775330425
0.0730514640454
2.41705980105
0.0
0.0
8.11329369107
0.0
0.0302489320748
0.0
0.0
0.337481578114
0.0
0.0343967038207




layer number :  21
83.8337268929

checkTime
0.00276621012017
0.00675988406874
0.00261859293096
0.00254873605445
0.00466419779696
0.0031254470814
0.00393745792098
0.0230707630981
0.00669819791801
0.00349438609555
0.00555696594529
0.0082325481344
0.0190317139495
0.0055317459628
0.00667875795625
0.00563813513145
0.00836677686311
0.00746948109008
0.00615445501171
0.00805955310352
0.0126022018958

layerTime
20.6813623549
0.0
6.84868800198
0.0966757780407
0.0
0.0
0.0
0.0
44.78959425
0.143664211035
2.64382024994
0.0
0.0
7.99971632403
0.0
0.0254692379385
0.0
0.0
0.340024774894
0.0
0.0457697520033




layer number :  21
82.570525778

checkTime
0.00253609917127
0.00656331889331
0.00281734904274
0.00255811400712
0.00469673308544
0.002813387895
0.00407794606872
0.0226408429444
0.00603265897371
0.00778785999864
0.00570956501178
0.00863399985246
0.0100863180123
0.0058396870736
0.00663476088084
0.00570832216181
0.00912574003451
0.00690594385378
0.00560724991374
0.00730303302407
0.0131284659728

layerTime
19.6086999059
0.0
7.752410986
0.123524050927
0.0
0.0
0.0
0.0
43.7850955571
0.144549889024
2.61342640501
0.0
0.0
7.91068388405
0.0
0.0251542970072
0.0
0.0
0.352309645154
0.0
0.0339976479299




layer number :  21
85.3851058779

checkTime
0.0055573489517
0.0134713170119
0.00263922102749
0.00246405904181
0.00472036795691
0.00316618499346
0.00403966312297
0.0230686829891
0.00265427608974
0.0034201880917
0.00598396989517
0.00818503415212
0.0190936289728
0.00560887600295
0.00664115091786
0.00558631308377
0.00823986809701
0.00750554888509
0.00558359990828
0.00789807201363
0.0126126790419

layerTime
20.2136210769
0.0
6.862048154
0.113852591021
0.0
0.0
0.0
0.0
47.4813610909
0.0830828628968
2.398614801
0.0
0.0
7.55577941495
0.0
0.0354332339484
0.0
0.0
0.339728415012
0.0
0.0394389191642




