layer number :  6
95.381262569

checkTime
0.0026225571055
0.00354688195512
0.00439609098248
0.00261157099158
0.00347681413405
0.0356661039405

layerTime
13.0719957449
0.0
0.0120287069585
2.25243695406
0.044397969963
79.9034912989




layer number :  6
95.887875997

checkTime
0.00561794894747
0.00709945592098
0.00860400497913
0.00271500297822
0.00340546597727
0.0352993528359

layerTime
16.2402575011
0.0
0.169481600169
2.82321617985
0.0369436251931
76.4907107751




layer number :  6
92.9678763149

checkTime
0.00277462601662
0.00374298915267
0.00440667709336
0.0026182110887
0.00341310794465
0.0436761179008

layerTime
14.7891135758
0.0
0.0127343188506
2.04861710197
0.0406082619447
75.9501822761




layer number :  6
98.8611779821

checkTime
0.00639841589145
0.00736039900221
0.00852309400216
0.00257114088163
0.00347108999267
0.0354003889952

layerTime
15.176922563
0.0
0.0400029500015
2.98763766908
0.0299262930639
80.5182781441




layer number :  6
97.5857050919

checkTime
0.00266000791453
0.00372366304509
0.0041860959027
0.00259140599519
0.00354118598625
0.0350986120757

layerTime
15.638436401
0.0
0.0119865650777
2.79714235617
0.0176428519189
79.0058227119




layer number :  6
99.392225509

checkTime
0.00262465002015
0.00350679387338
0.00408214889467
0.00260552600957
0.00360393198207
0.0350061641075

layerTime
14.7242430691
0.0
0.0118545931764
2.26612786599
0.0476994200144
82.2254302369




layer number :  6
94.4099991159

checkTime
0.00269708619453
0.00357087678276
0.00418849987909
0.00257793697529
0.00346891907975
0.0358870469499

layerTime
13.9382091619
0.0
0.0117766961921
1.93530859915
0.0300765119027
78.3771955289




layer number :  6
96.6926754059

checkTime
0.00269462307915
0.00352816982195
0.00403719604947
0.00273839780129
0.0036795840133
0.0355470799841

layerTime
15.3206134059
0.0
0.027144737076
1.96634465409
0.0301681749988
79.251193271




layer number :  6
101.06459765

checkTime
0.00256350496784
0.00371614005417
0.00420300103724
0.00274398201145
0.00366740790196
0.035134898033

layerTime
15.7814189331
0.0
0.0241937509272
2.33634695108
0.0186870279722
82.8072416221




