layer number :  24
61.668630641

checkTime
0.0254397911485
0.00266977096908
0.00407695793547
0.0245557790622
0.00569771113805
0.00579286599532
0.0103982631117
0.00626391591504
0.0104985181242
0.00652734888718
0.00832056906074
0.0109140470158
0.0030768068973
0.00317415199243
0.00586949917488
0.00615420099348
0.00827126810327
0.00773679208942
0.00947161414661
0.00617835810408
0.010613408871
0.00580566306598
0.00875794491731
0.0126833601389

layerTime
0.0
18.9003316909
0.0
0.0
33.2066423739
0.0562084359117
0.0
0.0
0.0
0.0
0.0
0.0
3.51251164498
0.0141129849944
0.0
1.6855152538
0.0
0.0
0.0524250988383
3.87396197789
0.0
0.0
0.0
0.0352168178651




layer number :  24
58.9364003409

checkTime
0.0122156410944
0.00264564296231
0.00416987994686
0.0235434519127
0.00262132822536
0.00248460797593
0.00465145311318
0.00297510996461
0.00469345692545
0.00299614411779
0.00405475893058
0.00545671395957
0.00255113421008
0.00277934689075
0.00512924813665
0.00261047715321
0.00431517185643
0.00321228802204
0.00459891208448
0.00569841801189
0.0104351099581
0.00638728099875
0.00789113715291
0.0128808189183

layerTime
0.0
17.1988935901
0.0
0.0
33.421412824
0.0224948418327
0.0
0.0
0.0
0.0
0.0
0.0
2.97638359596
0.026155971922
0.0
1.12557247584
0.0
0.0
0.0238106560428
3.82559936587
0.0
0.0
0.0
0.0418311869726




layer number :  24
64.6736874292

checkTime
0.0125173900742
0.00266664009541
0.00396328396164
0.0238937418908
0.00586459413171
0.026562214829
0.00453879102133
0.0027065910399
0.00448282295838
0.0026952191256
0.00383955682628
0.00520617398433
0.00260150898248
0.00265620299615
0.00504616182297
0.00557413697243
0.0370476769749
0.00673597794957
0.00944846309721
0.00567984092049
0.0106512920465
0.00616903789341
0.0076883060392
0.0122468050104

layerTime
0.0
18.3466540428
0.0
0.0
36.2077685001
0.0328122240026
0.0
0.0
0.0
0.0
0.0
0.0
3.98584329104
0.025664446177
0.0
1.83669110318
0.0
0.0
0.0251143909991
3.89523405
0.0
0.0
0.0
0.0356602689717




layer number :  24
62.2529780171

checkTime
0.0122434841469
0.00250871200114
0.00410200306214
0.0245171550196
0.00575211481191
0.00252722296864
0.00458091590554
0.0031002741307
0.00454160291702
0.00321806804277
0.0039965340402
0.00536013091914
0.00581687595695
0.00573809910566
0.0101864938624
0.00257270107977
0.00445373309776
0.0170647029299
0.00453088292852
0.00568351894617
0.0104641260114
0.00634064502083
0.00795401004143
0.0124656651169

layerTime
0.0
18.6293227689
0.0
0.0
34.6096548811
0.0320485951379
0.0
0.0
0.0
0.0
0.0
0.0
4.10571208107
0.0360261499882
0.0
1.23033541394
0.0
0.0
0.0124200270511
3.30768513796
0.0
0.0
0.0
0.0378699668217




layer number :  24
65.2165738121

checkTime
0.0122742401436
0.00266036391258
0.00406550895423
0.0235638271552
0.00580875016749
0.00564186810516
0.010573895881
0.00628266506828
0.0108236130327
0.00669373385608
0.00851417216472
0.0109779508784
0.00309216603637
0.00312959193252
0.0057361710351
0.00578978285193
0.00904945214279
0.00680140592158
0.00965454312973
0.00677713495679
0.0107126520015
0.00654188217595
0.00806527398527
0.0127985759173

layerTime
0.0
19.309026405
0.0
0.0
36.0275083568
0.0539121448528
0.0
0.0
0.0
0.0
0.0
0.0
3.93983951397
0.0151008141693
0.0
1.56014094199
0.0
0.0
0.0264500649646
3.98270467785
0.0
0.0
0.0
0.0340801971033




layer number :  24
62.6658767981

checkTime
0.0122785998974
0.00331955892034
0.0040714610368
0.0236317089293
0.0026849899441
0.00261172093451
0.00460987398401
0.00285306293517
0.00467862607911
0.00284001906402
0.00400307797827
0.00530192791484
0.00290982006118
0.00279428088106
0.00541701214388
0.0025841628667
0.00410140794702
0.0034087060485
0.00450078304857
0.00659734080546
0.0105803720653
0.00621180492453
0.00791955715977
0.0127531320322

layerTime
0.0
18.16447322
0.0
0.0
35.1393685031
0.024815532146
0.0
0.0
0.0
0.0
0.0
0.0
3.73669054988
0.0130956301
0.0
1.42818789603
0.0
0.0
0.0122138590086
3.86695674807
0.0
0.0
0.0
0.0661509030033




layer number :  24
62.1577925019

checkTime
0.0122412850615
0.00253081903793
0.00409327098168
0.023388487054
0.00257390993647
0.00267742294818
0.00476718088612
0.00318133505061
0.00472671212628
0.00288351182826
0.00395915820263
0.00531716481782
0.00270659686066
0.00243001594208
0.00520693603903
0.00544246495701
0.00897268811241
0.00675176479854
0.00938411708921
0.00548878195696
0.0109885979909
0.00632354989648
0.00798402517103
0.0126835298724

layerTime
0.0
17.378543373
0.0
0.0
34.878599887
0.0125640700571
0.0
0.0
0.0
0.0
0.0
0.0
4.04433741211
0.0256600861903
0.0
1.46598559595
0.0
0.0
0.0251439870335
4.06182109308
0.0
0.0
0.0
0.0464948611334




layer number :  24
62.78488824

checkTime
0.0122193279676
0.0024836929515
0.00404323195107
0.0236454149708
0.00332970009185
0.00259984005243
0.00466522108763
0.00274716294371
0.00497661903501
0.00338678690605
0.00375896296464
0.00536490813829
0.00569758214988
0.00577289285138
0.0100736590102
0.00545048201457
0.00888404413126
0.00669853691943
0.00925703509711
0.00563035998493
0.0104014840908
0.00599540304393
0.00757394195534
0.0122056950349

layerTime
0.0
17.9027663202
0.0
0.0
34.8264280751
0.0132751588244
0.0
0.0
0.0
0.0
0.0
0.0
3.96792224888
0.0247941489797
0.0
1.67852996197
0.0
0.0
0.0252062650397
4.01049580285
0.0
0.0
0.0
0.0968687329441




layer number :  24
62.0479960551

checkTime
0.0122296300251
0.0025872180704
0.00400470197201
0.0239000720903
0.00489641795866
0.00473241508007
0.00913387304172
0.00550338998437
0.00913253496401
0.00530458102003
0.00729867001064
0.00923534599133
0.00266548315994
0.0026035849005
0.00495186913759
0.00270069111139
0.00413945596665
0.00349537399597
0.00436786282808
0.00559187284671
0.0106929440517
0.00643328111619
0.00785240391269
0.0124776810408

layerTime
0.0
17.7167053209
0.0
0.0
35.0919719569
0.0217122740578
0.0
0.0
0.0
0.0
0.0
0.0
3.73269244889
0.0125113979448
0.0
1.31566112093
0.0
0.0
0.0119332990143
3.81353748217
0.0
0.0
0.0
0.0318839780521




