layer number :  23
37.3917637679

checkTime
0.0387421229389
0.0138724101707
0.0137004149146
0.0135975361336
0.0143747890834
0.0132938579191
0.0154522389639
0.0146006369032
0.0136505451519
0.0227478048764
0.0135723450221
0.0137970000505
0.0137623401824
0.0128725611139
0.0138822898734
0.0139495020267
0.0136513309553
0.0177842611447
0.0146635519341
0.017664058134
0.0142289688811
0.014499749057
0.0190097049344

layerTime
0.0
26.4295516969
0.0838401620276
0.0365110018756
0.0369233698584
4.04162081913
0.0
0.0
2.59856353607
0.0
3.3879717309
0.0375627060421
0.0368188358843
0.0381482539233
0.0376379739027
0.037840888137
0.0558177658822
0.0
0.0
0.0
0.0
0.0
0.0397344890516




layer number :  23
36.4795246231

checkTime
0.0392095660791
0.0139927729033
0.0130901918747
0.0140693839639
0.0149515250232
0.0133744350169
0.0155895380303
0.0140777898487
0.0137194800191
0.0213075580541
0.0138377870899
0.0141222639941
0.0135976942256
0.013002429856
0.0138769960031
0.0141124909278
0.0131448830944
0.0176265710033
0.0141911390238
0.0181770808995
0.0142278489657
0.0155451409519
0.0185344580095

layerTime
0.0
26.212600918
0.123769828118
0.0383821369614
0.0573360500857
3.72069966001
0.0
0.0
2.148527276
0.0
3.37732497789
0.0374702920672
0.0381975688506
0.0554361769464
0.0375266249757
0.0378950461745
0.0401440979913
0.0
0.0
0.0
0.0
0.0
0.0409998970572




layer number :  23
37.6512229049

checkTime
0.0387640970293
0.0136882208753
0.0127427719999
0.0133900721557
0.0135923279449
0.0133435998578
0.0154351871461
0.0149520298
0.0137095348909
0.0229705329984
0.0139952870086
0.0131227690727
0.0139633149374
0.0136886809487
0.0131592990365
0.0138100178447
0.0135277051013
0.0178697539959
0.0155806329567
0.0177082610317
0.0144126128871
0.0153156700544
0.0190943898633

layerTime
0.0
26.7052919921
0.0751492159907
0.0437230030075
0.0370688689873
3.99378133006
0.0
0.0
2.66000945214
0.0
3.34052334703
0.0370756189805
0.0536477740388
0.0375704250764
0.0375022790395
0.0379200140014
0.0392652400769
0.0
0.0
0.0
0.0
0.0
0.0571437990293




layer number :  23
36.034305332

checkTime
0.0383060541935
0.0135530701373
0.0133089390583
0.0136595941149
0.0149362110533
0.0134391500615
0.016543343896
0.0153084150515
0.0137759188656
0.0219111321494
0.0139104570262
0.0138528021052
0.0131425240543
0.0135775010567
0.0139505679253
0.0132893391419
0.0135072132107
0.0177820469253
0.0153561690822
0.0177176059224
0.0142790488899
0.0153795240913
0.0183796780184

layerTime
0.0
26.2579603218
0.0819093908649
0.0364452779759
0.0378169359174
3.60745164193
0.0
0.0
2.11755888909
0.0
3.10987933096
0.0368843078613
0.0371826449409
0.0380758948158
0.0376842820551
0.053860279033
0.0400522327982
0.0
0.0
0.0
0.0
0.0
0.040142779937




layer number :  23
36.2391282599

checkTime
0.0389029521029
0.0140081099235
0.013118134113
0.0140190769453
0.0168523390312
0.0133450368885
0.0154309871141
0.0146993629169
0.0137351441663
0.0221425159834
0.0136538799852
0.0129546730313
0.0136580970138
0.0134630228858
0.0137259990443
0.0138295241632
0.0134110359941
0.0176097601652
0.014590119943
0.0176342329942
0.0139840550255
0.0156372410711
0.0178613888565

layerTime
0.0
26.3950082399
0.124869717052
0.0395242299419
0.0587264290079
3.54469505604
0.0
0.0
2.06457309099
0.0
3.21440311987
0.0374877611175
0.0382227569353
0.0532559810672
0.0373404959682
0.037861428922
0.0392082168255
0.0
0.0
0.0
0.0
0.0
0.0421817109454




layer number :  23
36.3681136221

checkTime
0.0390297539998
0.0138492421247
0.013686632039
0.0134698350448
0.0140395220369
0.0133925888222
0.0155331601854
0.0143900909461
0.0136059559882
0.0177710140124
0.0131439429242
0.0140964421444
0.0129713308997
0.0137311199214
0.0139950411394
0.0133799039759
0.0137319050264
0.0177922870498
0.0148387430236
0.0175579299685
0.0142424260266
0.0149364129175
0.0190367300529

layerTime
0.0
26.0620810268
0.123384000966
0.057329704985
0.0363148308825
3.18336935109
0.0
0.0
2.69788881997
0.0
3.41781424801
0.0375934559852
0.052720095031
0.0380542310886
0.0374935949221
0.0379072050564
0.0392870618962
0.0
0.0
0.0
0.0
0.0
0.0561634008773




layer number :  23
37.4126177812

checkTime
0.0375431219582
0.0140658661257
0.013600145001
0.0125892218202
0.0140275170561
0.0132967690006
0.0162274620961
0.0149319698103
0.0133104510605
0.0165918760467
0.0140728959814
0.000104557955638
0.0137858020607
0.0130152618513
0.0137560889125
0.0140624879859
0.0136767409276
0.0177319480572
0.0146858049557
0.0176713031251
0.0141286728904
0.0147592409048
0.0188966880087

layerTime
0.0
27.1188261618
0.0763459729496
0.0408914301079
0.0368240980897
4.00494596898
0.0
0.0
2.36121145007
0.0
3.0059883038
0.0265978930984
0.0587668949738
0.0379918990657
0.0375527921133
0.0533890961669
0.0397812479641
0.0
0.0
0.0
0.0
0.0
0.0392812720966




layer number :  23
37.8957972841

checkTime
0.0388258621097
0.0141690890305
0.0134445221629
0.0138137191534
0.0164140751585
0.0137364289258
0.0164980629925
0.0157589861192
0.0136375438888
0.0220886371098
0.0130595709197
0.0137183780316
0.0138423438184
0.0129892870318
0.013240612112
0.0139192938805
0.0131640098989
0.0178516169544
0.0153410981875
0.0178298018873
0.0144070559181
0.0155182820745
0.0190110800322

layerTime
0.0
26.876076038
0.123984919861
0.0393714548554
0.0585856158286
4.36949171592
0.0
0.0
2.21224839706
0.0
3.41432305099
0.037744771922
0.0368358071428
0.0552660741378
0.0365680428222
0.0379722700454
0.0400602500886
0.0
0.0
0.0
0.0
0.0
0.039922025986




layer number :  23
36.8528495471

checkTime
0.0386968981475
0.0138116979506
0.0140621068422
0.0123647910077
0.0159636850003
0.0131540698931
0.0161015070044
0.0143803430256
0.0136968600564
0.0216611509677
0.0139270590153
0.0139129720628
0.0136877531186
0.013767224038
0.0134472530335
0.0127140379045
0.0136461940128
0.0177548679058
0.015342426952
0.0180087820627
0.0142289160285
0.0144875429105
0.0191676910035

layerTime
0.0
26.712072527
0.123464209028
0.0577091909945
0.0367670911364
3.72247632802
0.0
0.0
2.116126301
0.0
3.28892335691
0.037764641922
0.0534238419496
0.0381888279226
0.036852478981
0.0375061160885
0.0393285730388
0.0
0.0
0.0
0.0
0.0
0.0562985120341




