layer number :  9
84.2013503211

checkTime
0.00554040819407
0.00590613204986
0.00534753315151
0.00842550885864
0.0142800810281
0.028886310989
0.00557622499764
0.00549958809279
0.0127540519461

layerTime
27.9574971299
0.150940333959
0.0271530977916
0.0
0.0
2.84093602304
52.9981444729
0.0428609009832
0.037183400942




layer number :  9
84.052780224

checkTime
0.00579804903828
0.00583754200488
0.00649255001917
0.00830722507089
0.0141504528001
0.0287506619934
0.00586800882593
0.00573869002983
0.0129079741891

layerTime
28.2496988189
0.104723999044
0.0715708530042
0.0
0.0
2.6250330552
52.750398522
0.0600689109415
0.0433266779874




layer number :  9
81.2186314731

checkTime
0.00568878697231
0.00300625804812
0.00255055911839
0.00377243198454
0.00731499795802
0.0295639710966
0.00573970493861
0.00552172097377
0.0125663590152

layerTime
26.179242454
0.137447406072
0.0266605808865
0.0
0.0
2.78447798896
51.857910716
0.0303272160236
0.0285653311294




layer number :  9
82.283333

checkTime
0.00573358498514
0.00622811401263
0.00622750399634
0.00619897083379
0.00720599107444
0.0294583109207
0.00563144613989
0.0053813001141
0.0126164490357

layerTime
28.0392861129
0.105621311115
0.0715579600073
0.0
0.0
2.76227248204
51.066180784
0.0589507748373
0.0406661049929




layer number :  9
86.4277767639

checkTime
0.00598771381192
0.0058809989132
0.00618263985962
0.00905397394672
0.0148039311171
0.0315925278701
0.00567514705472
0.0055695020128
0.012523196172

layerTime
30.1111686372
0.118883124087
0.0575566631742
0.0
0.0
2.85387969506
53.0447601001
0.030579802813
0.0595440329053




layer number :  9
84.333088961

checkTime
0.00565284281038
0.0056370459497
0.00560670997947
0.00825812690891
0.0142895020545
0.0294434488751
0.00563759310171
0.0056346768979
0.0128488959745

layerTime
26.5229613711
0.113302749116
0.0249588531442
0.0
0.0
2.79949989403
54.6479103731
0.0312619649339
0.0458136741072




layer number :  9
84.5189949579

checkTime
0.00573868793435
0.00683873193339
0.00548269087449
0.00834013521671
0.0143407718278
0.0307334400713
0.00544302305207
0.00557662104256
0.01229577302

layerTime
29.2872369271
0.121866889996
0.0276407920755
0.0
0.0
2.60146780708
52.2207220548
0.0583249200135
0.0531029219273




layer number :  9
87.6094373818

checkTime
0.0050218871329
0.00496337609366
0.0050470889546
0.00735092698596
0.0127135261428
0.0296943390276
0.00592054612935
0.00587178999558
0.012887181947

layerTime
29.625802876
0.152414371958
0.0364191338886
0.0
0.0
2.72209980595
54.830184195
0.0377604409587
0.0625872800592




layer number :  9
86.613252695

checkTime
0.00599239813164
0.00585673912428
0.00557310483418
0.00840022903867
0.0144479379524
0.029405297013
0.00585617008619
0.00591759593226
0.0128371170722

layerTime
28.833390235
0.157199011883
0.0267724080477
0.0
0.0
2.50201145001
54.844198039
0.0610035050195
0.0399279168341




