layer number :  19
121.365377709

checkTime
0.011269123992
0.00264462409541
0.0066062558908
0.00930433999747
0.0274846041575
0.00584714510478
0.00353025388904
0.00307891517878
0.0040999238845
0.00589332310483
0.00365153094754
0.00349420006387
0.00302592106164
0.00398884387687
0.00368923391216
0.00778742693365
0.00608321698382
0.0077557801269
0.0124069720041

layerTime
0.0
20.773993277
0.0
6.80865276209
20.8316044968
59.9878786369
0.253925354918
0.0
0.0
0.0149917199742
9.05561856693
1.86035404098
0.0
0.0
0.0513653501403
1.50334405107
0.0
0.0
0.0373537808191




layer number :  19
123.880409343

checkTime
0.0112329418771
0.00561588909477
0.014516588999
0.00933356606402
0.0585639029741
0.00575426709838
0.00783212785609
0.00654882099479
0.00841150106862
0.0126415030099
0.00354719115421
0.00773200881667
0.00648986408487
0.00842353398912
0.00366629404016
0.00794904213399
0.00626809406094
0.00805229297839
0.0125769348815

layerTime
0.0
21.7717317799
0.0
8.382654696
20.1259813569
59.182128818
0.354704353958
0.0
0.0
0.047427436104
10.3635598968
1.82475548005
0.0
0.0
0.0594146540388
1.46360080084
0.0
0.0
0.0441707840655




layer number :  19
123.8103018

checkTime
0.0194499799982
0.00542265595868
0.0133803419303
0.00958902598359
0.02766856784
0.00553974998184
0.00512563087977
0.0079273309093
0.00689862808213
0.0117113131564
0.00368758616969
0.00346139003523
0.00284566287883
0.00386523106135
0.00474644289352
0.00890620308928
0.00632744585164
0.0083543411456
0.0128079999704

layerTime
0.0
23.4179336759
0.0
7.72896304703
20.4428552182
59.265091361
0.322925323155
0.0
0.0
0.0279507869855
8.82122788881
1.81562311389
0.0
0.0
0.0183288471308
1.64719516202
0.0
0.0
0.0437022170518




layer number :  19
119.082442372

checkTime
0.011556237936
0.00577627099119
0.0135422211606
0.00954457279295
0.027221650118
0.0058330220636
0.00248436490074
0.00379480188712
0.00316769606434
0.00607347488403
0.00347880693153
0.00341453403234
0.00299418787472
0.0038780849427
0.00336646405049
0.00777337606996
0.00610675197095
0.00810954812914
0.0124864059035

layerTime
0.0
20.9029344439
0.0
7.25279277703
20.4084406691
57.5298296949
0.192138737068
0.0
0.0
0.015450468054
9.0878462242
1.83101680502
0.0
0.0
0.0304719880223
1.59820869495
0.0
0.0
0.0379367310088




layer number :  19
120.474064547

checkTime
0.0113711101003
0.00533122313209
0.012266720878
0.00953876902349
0.0279421571176
0.0133989658207
0.0059776599519
0.00844474509358
0.00744682596996
0.0127234070096
0.00367421400733
0.00354898581281
0.00301258312538
0.00404538190924
0.00347454403527
0.00812983512878
0.00659037800506
0.00791944889352
0.0122733111493

layerTime
0.0
20.7170353369
0.0
8.29110180214
20.4115340698
57.9322383511
0.309468252119
0.0
0.0
0.0308265888598
9.10953864316
1.83597264602
0.0
0.0
0.0307257510722
1.54757820885
0.0
0.0
0.0358924509492




layer number :  19
122.507509228

checkTime
0.0115068089217
0.00267106713727
0.0066901310347
0.00963626499288
0.0277257908601
0.00287745590322
0.00266263610683
0.00406042486429
0.0030473570805
0.00627087894827
0.00387024204247
0.00353123014793
0.00301840296015
0.00410747900605
0.00354284816422
0.00814252696
0.00616160500795
0.00838965014555
0.0127709789667

layerTime
0.0
22.3790657939
0.0
8.21349655581
19.9358783362
58.670938021
0.181431726087
0.0
0.0
0.0151950069703
9.76275738911
1.27591096982
0.0
0.0
0.0303473558743
1.8044591269
0.0
0.0
0.0503404010087




layer number :  19
121.901463065

checkTime
0.0115946801379
0.00547021697275
0.0137723779771
0.0098052630201
0.0283440451603
0.00597707694396
0.00779175688513
0.00632018805481
0.00854106992483
0.0128479660489
0.00370215787552
0.00348704890348
0.00301211001351
0.00410045497119
0.00345760304481
0.00761405797675
0.00612145196646
0.00792595301755
0.0127142849378

layerTime
0.0
21.385213153
0.0
8.6036190209
19.405849237
58.902100353
0.344787701033
0.0
0.0
0.0473927089479
9.54383175611
1.81905903714
0.0
0.0
0.0302777029574
1.56600504811
0.0
0.0
0.036089072004




layer number :  19
119.609856674

checkTime
0.0116169950925
0.00556820491329
0.0136270420626
0.0187918678857
0.0284320400096
0.00606712489389
0.00337402103469
0.00288257398643
0.00396666512825
0.00616826722398
0.00362525507808
0.00355587992817
0.00303751206957
0.00398145895451
0.00353877805173
0.00785713689402
0.0062839621678
0.00834282278083
0.0124846710823

layerTime
0.0
22.1539314319
0.0
7.43622487201
19.452626195
57.2789376061
0.352799329907
0.0
0.0
0.0142336138524
9.20376826893
1.83108220296
0.0
0.0
0.0306165139191
1.60905837105
0.0
0.0
0.0367022459395




layer number :  19
124.976704236

checkTime
0.0115576991811
0.00592129281722
0.0133273550309
0.0098530179821
0.0282630869187
0.00597413000651
0.00782099296339
0.00640459312126
0.00826752278954
0.0128169450909
0.00777244707569
0.00245882105082
0.00394354807213
0.00354921701364
0.00349109782837
0.00775191094726
0.00633695092984
0.00805384200066
0.0125683080405

layerTime
0.0
23.117277758
0.0
7.84961154219
21.934755275
58.24445425
0.345885840012
0.0
0.0
0.0302317820024
9.97738704691
1.52556130895
0.0
0.0
0.0511135850102
1.60749632213
0.0
0.0
0.0292170119938




