layer number :  10
49.3328492411

checkTime
0.00264033302665
0.00392312696204
0.0135308410972
0.00546748912893
0.00821370002814
0.00672325794585
0.0172972329892
0.00586399110034
0.00570972403511
0.012635512976

layerTime
12.8979219471
0.0
0.0
20.5472683199
0.0
0.0
0.039861182915
15.252777003
0.358645559987
0.0734837029595




layer number :  10
50.1824117929

checkTime
0.00345411011949
0.00412852596492
0.0137541941367
0.00436556502245
0.00765676097944
0.00577282602899
0.0179300419986
0.00615036208183
0.00558354402892
0.0124976120424

layerTime
12.7827027189
0.0
0.0
20.5846987539
0.0
0.0
0.0258967438713
16.2417612211
0.337136614835
0.046233070083




layer number :  10
49.7840851368

checkTime
0.00251260190271
0.0039653070271
0.0134728399571
0.00545902992599
0.00815594405867
0.00679953699
0.0173535500653
0.00589959789068
0.00581814395264
0.0126488981768

layerTime
12.828712258
0.0
0.0
21.3093923561
0.0
0.0
0.0255836970173
15.058105485
0.381557482993
0.0399673238862




layer number :  10
48.577444185

checkTime
0.00253784796223
0.0038205399178
0.0137564120814
0.00534010794945
0.00820082519203
0.00687413499691
0.0173756938893
0.00593754509464
0.00567094795406
0.0124072281178

layerTime
12.5451006279
0.0
0.0
20.31892872
0.0
0.0
0.0243467090186
15.1139459959
0.365541860927
0.0587080488913




layer number :  10
49.62470834

checkTime
0.00253160507418
0.00395171809942
0.013522853842
0.0063921478577
0.00860591698438
0.00667987205088
0.0173281999305
0.00590105797164
0.00544442003593
0.0125274441671

layerTime
13.0588184418
0.0
0.0
21.1205122431
0.0
0.0
0.0255980931688
14.853776827
0.348651425913
0.060064565856




layer number :  10
52.4029125809

checkTime
0.00272722588852
0.00402488606051
0.0134612580296
0.00584558118135
0.00835849181749
0.00691335112788
0.0173583969008
0.0209021950141
0.00566310784779
0.0129793111701

layerTime
13.3036129621
0.0
0.0
21.8647728099
0.0
0.0
0.0252620850224
16.639114887
0.369948245119
0.0532115278766




layer number :  10
48.9360218681

checkTime
0.00305271497928
0.00411544390954
0.0135889151134
0.00558641692623
0.00815670099109
0.00645167916082
0.0173820969649
0.00622632890008
0.00556062511168
0.0121971219778

layerTime
12.7870809471
0.0
0.0
19.764616099
0.0
0.0
0.0247756859753
15.807343371
0.383581713075
0.0370166639332




layer number :  10
49.595359439

checkTime
0.00247729895636
0.00385025097057
0.0134892959613
0.00266334088519
0.00373565894552
0.00315963616595
0.00846007210203
0.00605381000787
0.00552736385725
0.0128059049603

layerTime
13.21917481
0.0
0.0
19.7392343562
0.0
0.0
0.0129968298133
16.101854475
0.363715531072
0.047722062096




layer number :  10
47.8130947531

checkTime
0.00255848700181
0.00407800101675
0.0160243948922
0.0114445430227
0.0232382770628
0.00549932383001
0.0144193749875
0.00272284098901
0.00268287397921
0.00561199709773

layerTime
12.6951250341
0.0
0.0
19.466702736
0.0
0.0
0.0199605440721
15.287666193
0.176592264092
0.0133119528182




