layer number :  18
129.253908616

checkTime
0.0136159299873
0.0140436170623
0.0431702649221
0.022189107025
0.0623591530602
0.0144356088713
0.014365012059
0.0135543940123
0.0140402300749
0.0134713579901
0.0132856459823
0.0144351718482
0.0136854560114
0.0161902459804
0.012646938907
0.0136561510153
0.0155283249915
0.0177611981053

layerTime
20.318957295
0.0
0.037978783017
37.205519164
8.29243936902
53.91054531
0.659022441134
0.538062411826
3.76868771506
0.0378830130212
0.0363660790026
0.0
3.83830298507
0.0
0.0403007520363
0.0392934670672
0.0
0.0582377498504




layer number :  18
131.153844542

checkTime
0.0134480220731
0.0142422430217
0.0430487061385
0.0216920201201
0.0347189309541
0.0142480100039
0.013753806008
0.014180901926
0.0131125238258
0.0125720240176
0.0131808149163
0.0160048410762
0.0136188690085
0.0159227140248
0.0138406921178
0.0136260669678
0.01559266611
0.0190869290382

layerTime
21.7818751801
0.0
0.0568258408457
39.1775657949
8.46004562289
51.756608939
0.636978889117
0.734831033973
3.93436201708
0.0362265331205
0.0362317929976
0.0
3.96530694189
0.0
0.0387192920316
0.0396168148145
0.0
0.0560197269078




layer number :  18
131.1634348

checkTime
0.0136481120717
0.0149355989415
0.0430691309739
0.0221420440357
0.0621668999083
0.0141571010463
0.0143529199995
0.0148618370295
0.0139171499759
0.0131818461232
0.0133093141485
0.0151322800666
0.0136641040444
0.0160072490107
0.0139615880325
0.0139757250436
0.0148647988681
0.0189259841572

layerTime
20.7455420101
0.0
0.0379725850653
38.050705432
9.50332711893
52.7545556331
0.637790987967
0.622869173996
4.282384597
0.0545204719529
0.0367535208352
0.0
3.82703867694
0.0
0.0556491538882
0.0379935719538
0.0
0.040999928955




layer number :  18
129.85176537

checkTime
0.0140653888229
0.0158848289866
0.0413693941664
0.022300616838
0.0620767599903
0.0123597499914
0.014270107029
0.0141793298535
0.0128514689859
0.0133075930644
0.0133315562271
0.0168222968932
0.0136603661813
0.0136048579589
0.013882674044
0.0136458289344
0.0147604590748
0.0187448279466

layerTime
21.825019889
0.0
0.0363589730114
38.429675607
8.21102934214
51.604522042
0.637071036967
0.572607150069
3.84002416814
0.0370100839064
0.0356655558571
0.0
4.01950272289
0.0
0.0417351790238
0.0379430849571
0.0
0.0560379719827




layer number :  18
134.402480051

checkTime
0.0137220148463
0.0145956459455
0.0427863271907
0.0221906031948
0.0625206390396
0.0144603529479
0.0145896740723
0.0150848447811
0.0128526040353
0.0139820079785
0.0135473900009
0.0173409460112
0.0135600578506
0.0157587241847
0.0136742070317
0.0136801260523
0.0149752530269
0.018869868014

layerTime
22.1547958071
0.0
0.0380839540157
40.6596392428
8.5199008889
52.650172686
0.633370985975
0.680130178109
4.18286599405
0.0530221529771
0.0371708390303
0.0
4.18433333607
0.0
0.0384606549051
0.0555129479617
0.0
0.0391423499677




layer number :  18
136.557163695

checkTime
0.0137102019507
0.0151799439918
0.0284101301804
0.0216659230646
0.062005380867
0.0142940499354
0.0143219220918
0.0141137149185
0.012904410949
0.0134513969533
0.0133717518765
0.0151352670509
0.0135109529365
0.0156620161142
0.0138069889508
0.0134629518725
0.0152457971126
0.0190002699383

layerTime
21.3698116359
0.0
0.0378784129862
40.2671647829
9.63277283707
55.040204616
0.639420866035
0.648599927081
4.08188441
0.0357160200365
0.0435804631561
0.0
4.17064359691
0.0
0.0393039479386
0.0560411191545
0.0
0.038604906993




layer number :  18
136.520080196

checkTime
0.0135036180727
0.0147356849629
0.0427158209495
0.0223794621415
0.0338637309615
0.0136819269974
0.0142448937986
0.0140551370569
0.0139694919344
0.0135498819873
0.013609400019
0.0166204350535
0.0134003560524
0.0151070910506
0.0137916570529
0.0134024189319
0.0152256130241
0.0184385050088

layerTime
22.650838752
0.0
0.0380349829793
41.926648132
9.01808492583
52.3240338492
0.657128375024
0.55664145411
4.42161354492
0.0369135611691
0.0562151919585
0.0
4.25412446889
0.0
0.0397603379097
0.0544974319637
0.0
0.0407402450219




layer number :  18
133.995445253

checkTime
0.013686089078
0.0144432741217
0.0427742400207
0.017433817964
0.0619892990217
0.0143510249909
0.0144226111006
0.0150902869646
0.0139824398793
0.0126959329937
0.0136060710065
0.0169692861382
0.0134779009968
0.0159831440542
0.0136466010008
0.0135060630273
0.0153102509212
0.0188692021184

layerTime
21.6052522438
0.0
0.0381968198344
39.7665747441
9.43658763496
52.7423909539
0.562444617972
0.619060351979
4.29304810707
0.0370959059801
0.0543726820033
0.0
4.23285565595
0.0
0.0399721099529
0.0549813569523
0.0
0.0402351820376




layer number :  18
138.546361571

checkTime
0.013957973104
0.014566292055
0.0427646290045
0.022324136924
0.0617271061055
0.0133587839082
0.0145611779299
0.0151084251702
0.013982038945
0.0137365870178
0.0137772329617
0.0171965840273
0.0134165070485
0.0149372417945
0.0137882980052
0.0137753030285
0.0153261958621
0.0182519401424

layerTime
21.6668272458
0.0
0.037867001025
40.9545969469
9.14371641795
56.1105200411
0.651691521984
0.623145652004
4.3283595189
0.0364801411051
0.0552618198562
0.0
4.32782002515
0.0
0.0392428110354
0.0551966370549
0.0
0.0397085249424




