layer number :  10
7.16857427382

checkTime
0.00670878891833
0.00264030811377
0.00384220201522
0.00435228389688
0.00260630599223
0.00352098001167
0.00282995402813
0.0149689470418
0.00564245483838
0.0124210380018

layerTime
0.0
1.31079246593
0.0
0.0
2.81688877405
0.0
0.242290619062
0.0
2.64506234601
0.0306541200262




layer number :  10
7.07978857099

checkTime
0.00431828387082
0.00326342601329
0.00477790110745
0.00515477196313
0.00571048306301
0.00701571605168
0.00525270705111
0.00918789603747
0.00581299094483
0.012433602009

layerTime
0.0
0.813495249953
0.0
0.0
2.92225432699
0.0
0.473100656876
0.0
2.70565492194
0.0531621251721




layer number :  10
7.05438984884

checkTime
0.00385508709587
0.00254077417776
0.00381264998578
0.00445124786347
0.00650451285765
0.00691830203868
0.00266092014499
0.00478696590289
0.00508932815865
0.0130858100019

layerTime
0.0
0.870735253906
0.0
0.0
2.79103413317
0.0
0.229108697968
0.0
3.02140748291
0.0453915628605




layer number :  10
8.16130338795

checkTime
0.00364908506162
0.00275845103897
0.00417823600583
0.00469208601862
0.00555526418611
0.00696108187549
0.00520446198061
0.00923456205055
0.00572590297088
0.0123641940299

layerTime
0.0
1.37914566579
0.0
0.0
2.96319406293
0.0
0.454634214984
0.0
3.21922503109
0.0418325408828




layer number :  10
7.22179153492

checkTime
0.00424733897671
0.00253544794396
0.00389308901504
0.00467629591003
0.00553808687255
0.0051158440765
0.00309996190481
0.00492529990152
0.00581462099217
0.0127712190151

layerTime
0.0
0.908896435983
0.0
0.0
2.96825430612
0.0
0.210207631113
0.0
2.97734247521
0.0566925827879




layer number :  10
8.13188498886

checkTime
0.0077289021574
0.00271922908723
0.00394745008089
0.00478693796322
0.0026536451187
0.00355092296377
0.00260534998961
0.00489817885682
0.00555002084002
0.0124960890971

layerTime
0.0
1.3092599248
0.0
0.0
3.14439366898
0.0
0.237527142977
0.0
3.28531201021
0.0370891478378




layer number :  10
7.907040769

checkTime
0.00371188204736
0.0025835679844
0.00378173496574
0.00432783016004
0.00511989812367
0.00753995287232
0.00511646806262
0.00905676884577
0.0058057140559
0.0125786869321

layerTime
0.0
1.36049653403
0.0
0.0
3.19115133281
0.0
0.461040788097
0.0
2.73697949899
0.0548232099973




layer number :  10
7.62529659388

checkTime
0.00384214310907
0.00262860092334
0.00394094921649
0.00439188396558
0.00575700006448
0.00716969789937
0.00526877818629
0.00859208893962
0.00569214602001
0.0123018990271

layerTime
0.0
1.35141649889
0.0
0.0
3.03294397495
0.0
0.426915539894
0.0
2.68192611798
0.0286188230384




layer number :  10
7.23493503709

checkTime
0.00377391208895
0.00269414996728
0.00382764986716
0.00466574006714
0.00567858899012
0.00706087402068
0.00255395402201
0.00486404402182
0.00559548800811
0.0125160429161

layerTime
0.0
1.050250398
0.0
0.0
2.78826452792
0.0
0.474355467129
0.0
2.79438832798
0.030056132935




