layer number :  19
107.984886602

checkTime
0.0135891530663
0.00268208188936
0.00269937282428
0.00363836996257
0.00291080283932
0.00411024410278
0.0179630070925
0.00263981684111
0.00269541097805
0.00290535902604
0.0294923300389
0.00846582301892
0.00268137198873
0.00272563099861
0.00645934604108
0.00608952180482
0.00563234416768
0.00815422600135
0.012840394862

layerTime
0.0
27.28985294
0.061204736121
0.0198662641924
0.0
0.0
0.0
29.3463633549
0.0120453040581
0.0
0.032191853039
36.6457724259
4.23125538509
0.011982630007
0.0130422729999
9.84270452801
0.239163954975
0.0
0.0441514560953




layer number :  19
106.058590789

checkTime
0.0135428330395
0.00269142910838
0.0026364910882
0.00342510291375
0.0029548429884
0.00418457505293
0.0176452798769
0.00273103802465
0.00270109809935
0.00327558792196
0.0208116639405
0.00406662607566
0.00584785593674
0.00580914202146
0.0133643730078
0.00597772700712
0.00545625691302
0.00788001506589
0.0123118460178

layerTime
0.0
25.6250517019
0.0608714318369
0.0138705770951
0.0
0.0
0.0
27.2424232392
0.0144405767787
0.0
0.0243306001648
37.617885533
4.20515708392
0.0715238300618
0.0248101528268
10.6326841051
0.233906537062
0.0
0.0283964599948




layer number :  19
105.94876617

checkTime
0.0132722728886
0.0028668649029
0.00257137301378
0.00343466410413
0.00282640405931
0.00421798299067
0.0172667428851
0.00255784881301
0.00266925105825
0.00320393708535
0.0201887199655
0.0043412190862
0.00266192108393
0.00257373182103
0.0062617470976
0.00624960404821
0.00552856991999
0.00781600316986
0.0124423289672

layerTime
0.0
26.8741803051
0.0849836079869
0.0133732589893
0.0
0.0
0.0
29.5067948152
0.0274402620271
0.0
0.0509553018492
35.1088781101
4.02947695786
0.0117246650625
0.0262269841041
9.73242760682
0.223368217004
0.0
0.0606462850701




layer number :  19
104.098901663

checkTime
0.0135344690643
0.00303696305491
0.00255241012201
0.00342557113618
0.00295811891556
0.00420562899671
0.017279892927
0.00275643984787
0.00250476994552
0.0032839551568
0.020322537981
0.00423199799843
0.00266589596868
0.0121303710621
0.00622096518055
0.00596038601361
0.00581504497677
0.00808704295196
0.0128491690848

layerTime
0.0
25.6345743649
0.0718629169278
0.0185777018778
0.0
0.0
0.0
27.1825238422
0.0118238190189
0.0
0.0122770639136
36.0663608531
3.74298648397
0.0169962369837
0.0129356128164
10.8226739678
0.22455303208
0.0
0.0332222909201




layer number :  19
103.235407706

checkTime
0.0140007419977
0.00274703092873
0.00265628588386
0.0034560339991
0.0030629618559
0.00396658899263
0.0173017559573
0.00261313607916
0.00253268610686
0.00342963496223
0.0201961828861
0.00423945114017
0.00570544414222
0.0177989690565
0.00621418980882
0.0059238479007
0.00558851589449
0.00785304210149
0.0123979030177

layerTime
0.0
25.689168833
0.0607380440924
0.0136735511478
0.0
0.0
0.0
27.657186599
0.0120743019506
0.0
0.0125826550648
34.6115582089
4.11895905691
0.0349757838994
0.041470078053
10.4917412552
0.223698222078
0.0
0.0289263390005




layer number :  19
110.651818971

checkTime
0.0138829411007
0.00291780405678
0.00280881789513
0.00364476907998
0.00286467699334
0.00393901509233
0.01726912288
0.00266300118528
0.00255433004349
0.00322339893319
0.0207779291086
0.00862337090075
0.00581797910854
0.00591361708939
0.0132677429356
0.00616081710905
0.00550008798018
0.00779087096453
0.0128584480844

layerTime
0.0
29.6932687489
0.0609337890055
0.0134866209701
0.0
0.0
0.0
29.078524638
0.0117907938547
0.0
0.0124008620623
36.085291001
4.07079608389
0.024173483951
0.0253732060082
11.090356054
0.239462791942
0.0
0.0466586030088




layer number :  19
107.78326449

checkTime
0.0139435520396
0.00261177308857
0.00275856396183
0.00357978395186
0.00319367391057
0.00401671906002
0.0177341520321
0.00270570395514
0.00266286707483
0.00314748985693
0.0200658130925
0.00414593890309
0.00570286810398
0.00589048396796
0.0133031690493
0.0058367298916
0.00570066808723
0.00796687393449
0.0127545609139

layerTime
0.0
26.196896639
0.054944406962
0.0981929590926
0.0
0.0
0.0
28.6239315011
0.0122208578978
0.0
0.01235554507
37.597928456
3.83859165502
0.0706190769561
0.0259031129535
10.707609738
0.234584931051
0.0
0.0570248779841




layer number :  19
107.065007311

checkTime
0.0137534639798
0.00270300381817
0.00258572213352
0.0036674879957
0.00323650985956
0.00416712812148
0.0176568699535
0.0026878900826
0.00273828208447
0.00337102101184
0.0206936791074
0.00871988106519
0.00482986005954
0.00463533797301
0.0123002938926
0.00588129018433
0.00551016791724
0.00800523697399
0.0126462981571

layerTime
0.0
27.530429617
0.0606846730225
0.0128867980093
0.0
0.0
0.0
28.452644581
0.0132608008571
0.0
0.0506069429684
36.0175300729
3.94555840478
0.0196214551106
0.0623023810331
10.452160419
0.222727990942
0.0
0.028110728832




layer number :  19
109.990168518

checkTime
0.0140304339584
0.00566542311572
0.0057937419042
0.00813846592791
0.00614614714868
0.00902247987688
0.0208981831092
0.00273953098804
0.00261441711336
0.00334124895744
0.0206747730263
0.00469258194789
0.00489646615461
0.00496525596827
0.0119917017873
0.00595465418883
0.005514228018
0.00784802506678
0.0124408949632

layerTime
0.0
26.486918577
0.119167282013
0.0276435820851
0.0
0.0
0.0
30.7207174499
0.0120497199241
0.0
0.0129052649718
36.6265127831
4.5016490859
0.0221881209873
0.0223080720752
10.881387054
0.263956599869
0.0
0.0508071749937




