layer number :  35
129.67801724

checkTime
0.0134231799748
0.00265019806102
0.0026344389189
0.00349921896122
0.00278414809145
0.00462118093856
0.00284869899042
0.00463938107714
0.00279867695644
0.00405403506011
0.0312875809614
0.00263939797878
0.00282750208862
0.00287669687532
0.00776643096469
0.00605378393084
0.0104692459572
0.00599171011709
0.0106871849857
0.00607411493547
0.0104443919845
0.0060037469957
0.00826153694652
0.0065776151605
0.00558131793514
0.0123933500145
0.00520833395422
0.00589447794482
0.012723620981
0.00603114813566
0.0052751719486
0.00248432718217
0.00367825687863
0.00532438303344
0.0127139969263

layerTime
0.0
29.1313027169
0.0613194911275
0.0132655189373
0.0
0.0
0.0
0.0
0.0
0.0
0.0
69.356072335
0.0118418529164
0.122964570066
0.976671839133
0.0
0.0
0.0
0.0
0.0
0.0
0.0
0.0
0.0
0.0262145618908
0.0
9.3779487412
0.0
0.138110511005
11.6169283909
0.570452200947
6.76583876298
0.0
1.12904508109
0.0337171189021




layer number :  35
129.779194274

checkTime
0.0163339860737
0.00267183803953
0.00280116684735
0.00335813197307
0.00271397596225
0.00454720505513
0.00277074496262
0.00457908399403
0.00281822285615
0.00403284304775
0.0311603681184
0.00586527818814
0.006123078987
0.00604704814032
0.00780485407449
0.00600899383426
0.0105899861082
0.00606342894025
0.0108976908959
0.00610953802243
0.0106284641661
0.00615559983999
0.00822249916382
0.00686676590703
0.00564586301334
0.0124977838714
0.00604785094038
0.00696628098376
0.0154887600802
0.00298182806
0.00553214293905
0.0026218588464
0.00379517115653
0.00640473305248
0.0124588739127

layerTime
0.0
29.4839853218
0.0606337231584
0.0125245391391
0.0
0.0
0.0
0.0
0.0
0.0
0.0
70.3299321819
0.0247428198345
0.356942608953
1.00001924601
0.0
0.0
0.0
0.0
0.0
0.0
0.0
0.0
0.0
0.0717932670377
0.0
8.69788138708
0.0
0.183472112985
10.36562731
0.683521141065
6.93763820501
0.0
1.16895304294
0.0287168319337




layer number :  35
126.882454884

checkTime
0.0132491060067
0.00272861705162
0.00275551411323
0.00360251800157
0.00286158290692
0.00478643807583
0.00292481388897
0.00495268707164
0.00311792897992
0.00419655907899
0.0320379410405
0.00452434201725
0.00503556896001
0.00534368888475
0.00381566211581
0.002981625963
0.00502841803245
0.00298896594904
0.00501051102765
0.00297382310964
0.00501875183545
0.00302202813327
0.00424843188375
0.00335142808035
0.0027615330182
0.00650226301514
0.00554908509366
0.00666146911681
0.0125770128798
0.00606414512731
0.00510000693612
0.00319521687925
0.00368334003724
0.0054912250489
0.0123699868564

layerTime
0.0
28.7488338919
0.0611337448936
0.0139392099809
0.0
0.0
0.0
0.0
0.0
0.0
0.0
67.2450325179
0.0317041529343
0.250051598065
0.96558636101
0.0
0.0
0.0
0.0
0.0
0.0
0.0
0.0
0.0
0.0139839160256
0.0
8.9475788828
0.0
0.160503691994
10.8479474359
0.641348324018
7.11914541107
0.0
1.48888828908
0.0327708891127




layer number :  35
125.185560902

checkTime
0.0136007890105
0.00255566695705
0.00262565701269
0.0035209141206
0.00283098686486
0.00460022012703
0.00278486288153
0.00474970391952
0.0030358619988
0.00403322814964
0.0317620260175
0.00265883095562
0.00292160385288
0.00298824277706
0.0076111110393
0.00646010995843
0.0105247860774
0.00626240391284
0.0103389339056
0.00633316207677
0.0102942760568
0.00630241795443
0.00814156793058
0.00691928993911
0.00581763195805
0.0127568549942
0.0048573971726
0.00564310397021
0.0108082611114
0.00630994513631
0.00526915909722
0.00280033587478
0.00356775708497
0.00584118301049
0.0124560939148

layerTime
0.0
27.6425296359
0.0608419650234
0.0131862380076
0.0
0.0
0.0
0.0
0.0
0.0
0.0
67.0282163359
0.0119010431226
0.14492221619
0.966459388146
0.0
0.0
0.0
0.0
0.0
0.0
0.0
0.0
0.0
0.0269376342185
0.0
8.86484104488
0.0
0.11348029389
11.1079918018
0.611368675949
6.92355676903
0.0
1.29322797898
0.029139209073




layer number :  35
127.132543975

checkTime
0.0136254110839
0.00276790605858
0.00265567703173
0.00349917495623
0.00276877707802
0.00469885813072
0.00311879394576
0.00464340485632
0.00277552707121
0.00410713697784
0.0397618811112
0.00510102394037
0.0052056859713
0.00523307686672
0.00348417903297
0.00278770597652
0.00456667598337
0.00277473405004
0.00458562700078
0.00284423795529
0.00471621705219
0.00283779599704
0.00402680900879
0.00343847996555
0.00262422417291
0.00613888981752
0.00498622190207
0.00578372599557
0.0128600380849
0.00630109501071
0.00506997201592
0.00336738396436
0.00391537696123
0.00558359501883
0.0126258388627

layerTime
0.0
28.177324754
0.0815294948407
0.0132677659858
0.0
0.0
0.0
0.0
0.0
0.0
0.0
68.2415213529
0.0221492771525
0.233691686066
1.03006096394
0.0
0.0
0.0
0.0
0.0
0.0
0.0
0.0
0.0
0.0273951080162
0.0
8.27746893512
0.0
0.154158659047
11.4727990949
0.662715977989
6.98869489809
0.0
1.35976909008
0.0770547511056




layer number :  35
125.647095086

checkTime
0.0139080910012
0.00263272994198
0.00260182796046
0.00362056307495
0.00278515880927
0.00465475814417
0.00282714795321
0.00464179809205
0.00297343498096
0.00434361794032
0.0327736840118
0.00586483906955
0.00764547102153
0.00631264783442
0.00892489799298
0.00641688681208
0.0106398200151
0.00624965108
0.0107729230076
0.00622350699268
0.010920434026
0.00634042499587
0.00828623399138
0.00670400890522
0.00582366599701
0.0127569809556
0.00254869111814
0.00335004786029
0.00607790797949
0.00320359622128
0.00514786597341
0.00383114395663
0.0050523460377
0.00556358811446
0.0123112460133

layerTime
0.0
30.525820212
0.0608728970401
0.0131186801009
0.0
0.0
0.0
0.0
0.0
0.0
0.0
66.0179734009
0.0245782739948
0.277163370047
1.0658913462
0.0
0.0
0.0
0.0
0.0
0.0
0.0
0.0
0.0
0.0266435611993
0.0
8.3851715629
0.0
0.0816593649797
10.074092031
0.463637498906
6.63409893704
0.0
1.59588782792
0.0300965979695




layer number :  35
127.471487943

checkTime
0.0147659878712
0.00251370016485
0.00265245093033
0.00350291514769
0.00278886291198
0.0046086080838
0.00286524393596
0.0046961279586
0.00285167712718
0.00409433594905
0.0320030339062
0.00265575200319
0.00292401807383
0.00292967190035
0.00347773591056
0.00272860517725
0.00454898597673
0.00273258402012
0.00455812900327
0.00275093689561
0.00456335698254
0.00283194403164
0.00371206505224
0.00315582402982
0.00265282415785
0.00613082479686
0.00482118711807
0.00576484785415
0.0116477990523
0.00554740685038
0.0107168918476
0.00276243290864
0.0036909240298
0.0055867289193
0.0126569399145

layerTime
0.0
28.4233609859
0.052993335994
0.0306325259153
0.0
0.0
0.0
0.0
0.0
0.0
0.0
68.437330262
0.0250098640099
0.119670788059
0.754230062012
0.0
0.0
0.0
0.0
0.0
0.0
0.0
0.0
0.0
0.0311361318454
0.0
8.19397154101
0.0
0.113770972006
10.6719495622
0.908309735125
7.77533600619
0.0
1.59168600501
0.046475884039




layer number :  35
127.596363036

checkTime
0.014115489088
0.00665928609669
0.00267660804093
0.0033752778545
0.00263868714683
0.00450184894726
0.00272532901727
0.00459161796607
0.00273128203116
0.00399646000005
0.0326834458392
0.00264902296476
0.00282449298538
0.00307895708829
0.00775201688521
0.00619286904112
0.0104263550602
0.0062080998905
0.0101883080788
0.0050752828829
0.00473757414147
0.00285537098534
0.00391348591074
0.00326819391921
0.00276386202313
0.00654889806174
0.0049710390158
0.00593030499294
0.0110133141279
0.00525292800739
0.0101644401439
0.00246382202022
0.00319103081711
0.00567340804264
0.0124786840752

layerTime
0.0
29.2718383889
0.109207079979
0.0176194100641
0.0
0.0
0.0
0.0
0.0
0.0
0.0
67.1950465261
0.0116259050556
0.11962162191
1.02982534305
0.0
0.0
0.0
0.0
0.0
0.0
0.0
0.0
0.0
0.0128892511129
0.0
8.28692849586
0.0
0.159598205006
11.273535223
0.83115142188
7.30774727697
0.0
1.60184017499
0.0446497900411




layer number :  35
120.824732798

checkTime
0.0165726309642
0.00246010581031
0.00253427401185
0.00357329496183
0.00285073020495
0.00451139197685
0.0026896528434
0.00455465214327
0.00278234784491
0.00417040800676
0.0327063270379
0.00261215516366
0.00298637803644
0.00294540589675
0.00801959005184
0.0062365939375
0.0104079111479
0.00625284784473
0.010452618124
0.0059563240502
0.0106792468578
0.00627030502073
0.00813819211908
0.00653063692153
0.00594315608032
0.012474427931
0.00263820006512
0.00329499691725
0.00672560697421
0.00530007807538
0.00579911703244
0.00336563005112
0.00370819703676
0.00559035199694
0.0123932899442

layerTime
0.0
27.5092974382
0.0607451410033
0.0195762920193
0.0
0.0
0.0
0.0
0.0
0.0
0.0
63.8813126399
0.0120185969863
0.119020964019
0.920740623958
0.0
0.0
0.0
0.0
0.0
0.0
0.0
0.0
0.0
0.0264285448939
0.0
8.65516789304
0.0
0.0717333899811
10.6974727071
0.7791441679
6.45725918585
0.0
1.23681193008
0.0293778020423




