layer number :  15
185.023785882
0.0760248939973


0.0270975948079
1.58960599801
0.0173163860648
0.0227347109467
13.7330636389
0.0586339568253
0.203236490799
0.029251677217
0.0147986461719
0.0188681864723
0.0163138940309
0.0152347483672
0.0193303486643
0.0151912738414
0.0186296113146


0.0122785785546
12.7352417307
0.0119884479791
0.0122750345618
151.931956595
0.774009479171
1.94613691889
0.0129662458009
0.0120979625499
0.012855398003
0.0121333782639
0.0130226893428
0.0123265867199
0.0121723456929
0.0129059986211


0.0119443306078
0.0121341859534
0.0119873473499
0.0119679884907
0.0132709247215
0.0132905606879
0.0124473435959
0.0119015058347
0.0118420164411
0.0124799521873
0.0118248761864
0.0121223383273
0.0117599075893
0.0121324745317
0.039893333024
