layer number :  19
198.23662321
0.257606974989


0.0267981862028
3.02127242232
0.0264013113532
0.017076606513
0.923745716146
0.0168197233773
0.01504647627
0.0222560187103
0.01731136806
10.8476895815
0.0207359172637
0.0201228888473
0.0152571004971
0.0162665254514
0.0207280280301
0.0167845048321
0.0203263983518
0.0185352032228
0.0156077332795


0.0122087466685
32.3861695949
0.0617960186598
0.0121847509872
9.18377537501
0.0121762924828
0.0121053368397
0.0121845732598
0.0122949283104
140.648816737
0.0125302973902
0.012861797004
0.0130336338189
0.0121293459864
0.0141086837975
0.0125358361595
0.01225220315
0.0121671928403
0.012268426246


0.0118851796336
0.0123982562994
0.0119103449785
0.0118525703438
0.0118701769971
0.011793146492
0.0118141195271
0.0145115873699
0.0117844049819
0.0128848450646
0.0119366826645
0.0119678619861
0.0128384376876
0.0120787487055
0.0119424373455
0.012128281019
0.0120371912684
0.0118995741553
0.0378851029867
