layer number :  17
26.6741237942
0.0864000247791


0.0210800070005
0.0207363890174
0.134874328661
0.0156525923327
0.0204019901575
0.0804416491495
0.01540460325
0.0152397406443
0.0189369564565
1.45707969488
0.0177882836045
0.0394777435577
0.015445499681
0.281863183947
0.0171639271624
0.0206444433037
0.0150534474912


0.012252835324
0.0122877497925
1.4182716265
0.0122301551747
0.0145103008254
0.843124799353
0.0121457463053
0.0121258314854
0.012127107669
18.2680273713
0.0120031778546
0.345017993823
0.0121679250151
3.19228361392
0.0122755045304
0.0121121162083
0.0120904260548


0.0119444727122
0.0119805595217
0.0118530076385
0.0119485715404
0.011849394495
0.0119169602791
0.0119080126363
0.0119148074106
0.0118464161642
0.0126746982181
0.0118425394564
0.0118243171601
0.0118646512662
0.0120416935145
0.0119259549926
0.0117743724647
0.043282649441
