layer number :  18
55.8277219542
0.0895303231199


0.0214906490097
2.84300843502
0.0284888515404
0.0185331988614
0.0193768934502
0.309143116077
0.019631013313
0.0175290418556
0.186376481628
0.0317088294929
0.0202987090064
1.03900895163
0.015718859504
0.0164320976861
0.0150780739496
0.0213504273755
0.0151607934773
0.0183885645044


0.0123021143566
32.0871862913
0.0691188104684
0.0123278452859
0.0124938975011
3.95768440422
0.0122049280132
0.0121979216347
2.10428926974
0.0121675782139
0.0122690940043
12.5981470059
0.012134972106
0.0121304691614
0.0121207381986
0.0121684832654
0.0121115866738
0.0121959518098


0.0120006447736
0.01207013013
0.011922323145
0.0120032405636
0.0119237050725
0.0119654490069
0.0118819801525
0.0118779120191
0.0118820516315
0.0119044227758
0.01195825454
0.0120020038448
0.0118254773552
0.0117829063674
0.0119305454815
0.0119494288616
0.0118178950312
0.0361014890174
