layer number :  37
166.07574397
0.141173181217


2.86044353449
0.0354322906351
0.0163646653527
0.0150513416156
0.0153071799626
5.98401977727
0.042764030785
0.0168465986693
0.193869581175
0.0249806548236
0.0151038596329
0.0145821664483
0.0165272433466
0.016289918179
0.0205722271542
0.0188777094396
0.0153217983122
0.0169325018069
0.0180387869865
0.503894133959
0.0175252703484
0.0153245466839
0.0150983919933
0.0180382288527
0.0187599467657
0.0149803073146
0.0174312927217
2.78773289531
0.0232891279738
0.0497919178258
0.0233748177998
3.61004213589
0.109395570161
0.0186811453508
0.0157637864662
0.0164587006827
0.0156061600428


27.6448835369
0.065457836686
0.0123330956558
0.012145122552
0.0121839518348
59.8550251253
0.349318553888
0.0124226273814
1.83590598614
0.019240340218
0.0119918068328
0.0119679794104
0.0120882133488
0.012130007303
0.012300904685
0.0121304843342
0.0121743134611
0.0121225499703
0.01224179368
4.58926593376
0.0123836552569
0.0120820356533
0.0120402475198
0.0121155003241
0.0121391113304
0.0120531194844
0.0121312404517
30.0324167385
0.0121227004177
0.336078046355
0.0123124103605
26.9524375811
0.816782029346
0.0123465018114
0.0122050213783
0.0123082501814
0.0125412167982


0.0125145994438
0.0118113033629
0.0119582361852
0.011884865157
0.0119883986578
0.0140199238667
0.0124979594257
0.0118482371715
0.010967810483
0.0127189536579
0.0116862645373
0.0117577230946
0.0117819171864
0.0132788306801
0.0117854750327
0.0119850220314
0.0122644640893
0.0118731698409
0.0118848369845
0.0141812294799
0.0122329832133
0.0121298878221
0.0120228783538
0.0117989021819
0.0118452782044
0.0121512379653
0.0117996800691
0.0120600911711
0.0120201064274
0.0123637676783
0.0118744247981
0.0121289084976
0.0123670456621
0.0120051163249
0.0119701476457
0.0119180727828
0.0460702215399
