layer number :  27
123.956348888
0.128105262853


0.0242040059917
2.78926578389
0.0228278633052
0.0174995486935
0.018846599812
0.177689173686
0.0148859446247
2.88049690825
0.0175430868985
0.0154852566775
0.0221053748004
0.0162820468346
0.01525758137
0.0181630557248
3.52156474352
0.0216257761155
0.0156723985371
0.0202172946107
0.0158006146861
0.0178966513292
1.49742592681
0.0156174056853
1.59159042046
0.0157645908184
0.015796415663
0.0176169422921
0.0146108494761


0.0122350766711
23.7835047456
0.0470903219733
0.0146820063237
0.0122557687961
1.10322418603
0.0120396464675
29.2828414949
0.0121784411215
0.0120502780192
0.0177239328623
0.0120933074892
0.0121473800003
0.0121281805526
29.9518606823
0.0121143346187
0.0123540581359
0.0121502098628
0.0121118465128
0.012556854325
11.1719703255
0.012129521075
14.8177283245
0.0122866630554
0.0126664636579
0.0120377506828
0.0119704302245


0.0119855811354
0.0124754112136
0.011949983309
0.0118277577373
0.0118679623896
0.0117890099451
0.0120835010506
0.0127115549597
0.0118663958662
0.0117976878149
0.0117539238418
0.011776926966
0.0118500214303
0.0125613147781
0.0130043233512
0.0129755010906
0.0118793899892
0.0133766829968
0.0124250753239
0.0123627270029
0.0121165074331
0.0125860047992
0.011998806692
0.0117033819746
0.0118161146917
0.0116922853049
0.0528837858001
