layer number :  22
76.5949270886
0.100772142783


0.0296121688249
2.97623033375
0.0275054024532
0.0157233494489
0.0176170043414
0.0163910152235
1.76846287803
0.0179708641566
0.0164554978643
0.0156326685489
0.0194623956146
0.0213709451491
0.0189680562277
0.0175742297045
0.0151840567123
0.0190093997323
0.0181111949884
2.38234050494
0.197964412354
0.0272184662754
0.0149818348776
0.0162304013114


0.0124059490626
26.2360403182
0.0449473758927
0.0121066945139
0.0147728753509
0.0121164896603
17.2210464451
0.0122825708628
0.0122505429899
0.0121765217045
0.0122671130036
0.0122186128283
0.0128142853112
0.0122276409529
0.0121191059395
0.0121991102739
0.0121534892047
22.5277975577
1.90103580915
0.0122443681272
0.012001599806
0.0121870640044


0.0119904335588
0.0123977298305
0.0118403371889
0.0118531855987
0.0119523931838
0.011903085125
0.0121682536943
0.0118118404644
0.0118984223033
0.0118568391384
0.0118910003609
0.0118735261494
0.0118367159739
0.0118195378454
0.0118308701785
0.0119799335177
0.0119227590039
0.0133420281345
0.0120361859056
0.0120569916908
0.0119498885081
0.0407407093638
