layer number :  12
101.02271644
0.109273827355


2.05777351403
0.0161821188716
0.0156965402032
1.54361782134
0.0157117643393
5.62934866897
0.0232730571491
0.0163361468197
0.490879759968
0.0156527550037
0.0145347429983
0.0151369691981


16.6864641803
0.0121459652825
0.0123352121639
18.0126957752
0.0120672421762
53.395821157
0.0128148564836
0.0127062564716
4.66446184305
0.0122122019917
0.0120410178012
0.0143392228832


0.0125639302035
0.0117699200055
0.0118854139776
0.0121348791678
0.0117491108055
0.0140465585282
0.0118430286724
0.0119321182525
0.012692788771
0.0116985995167
0.0121969661753
0.0508340536229
