layer number :  11
212.279136362
0.073028522497


1.51707271855
0.0179634110148
0.214731994706
1.44430286325
4.19674638884
0.0172681388601
0.0225254260004
0.0160070188189
12.5086065425
0.0206373103816
0.0197765904401


16.1902506615
0.01225097784
2.92168198918
19.0312767364
52.7902710538
0.0124512892993
0.0327379136191
0.0121585578114
100.185075318
0.0140045914256
0.0131985168749


0.0124888996749
0.0119602044579
0.0120942811094
0.0118562656765
0.0137669498411
0.0119498440375
0.0126085670587
0.0118871061908
0.0128097513225
0.0118760977251
0.0378689340238
