layer number :  21
78.2973619949
0.102323139273


0.0244662817956
2.93255337204
0.0266028979095
0.0167465679891
0.0208778181501
0.266471529302
0.0166549738496
0.0171912278359
0.0149731590257
0.0152102416226
3.56711524993
0.017795043687
1.46057883712
0.0168757271798
0.0181133996618
0.015196724562
0.0187747799791
0.0153651959651
0.0187262308706
0.0175761439993
0.0155652146786


0.0122544483359
23.720580164
0.0519660759407
0.0122692065003
0.0123084168105
3.00010119371
0.0121604495216
0.0121973127437
0.0121731675075
0.0123239404056
30.4846413356
0.0124675173623
12.0016342306
0.0120427672519
0.012051129054
0.011982517899
0.0119067638491
0.0121705613177
0.0120731993423
0.0119971186699
0.0121247277517


0.0119501632871
0.0126304036627
0.0118323931626
0.0117508958792
0.0118097316784
0.0122293730965
0.0118340053207
0.0117541576037
0.0119294677861
0.0119177580346
0.0136370858721
0.0119160523172
0.0134044834801
0.012795323894
0.0118663376197
0.0117969190469
0.0119115763421
0.0118117658421
0.011890710836
0.0117201500107
0.0522654320424
