layer number :  28
143.2882261
0.118429905223


0.0181308410053
3.02803302285
0.0244183093698
0.0162740019538
0.916184111343
0.015412215027
0.0145723346311
0.595276988694
0.0150054143354
0.0149741666392
0.0173577876995
4.9531314685
0.0209924023365
0.017693303215
0.015184367192
2.79590822531
0.0210283587997
0.0156865304646
0.0164256058634
0.0176950511911
0.0178080331922
0.0161162680015
0.0147983280088
1.43204986595
1.31129366831
0.0202922333653
0.0176813308305
0.0206311913983


0.0122479711814
23.7794601712
0.0481505246135
0.0122680770389
6.80469822348
0.0119653053116
0.0120797261673
6.44196590188
0.0121460068428
0.012076467004
0.0121973600083
42.0917629189
0.0130858415117
0.012035027612
0.0119717669441
26.7371740592
0.0128789310111
0.0125065990724
0.0120753303636
0.0120490968693
0.0120047018475
0.0120240421578
0.0121496896415
10.4961909342
10.6452462588
0.0122056782711
0.0121186772982
0.0122437128254


0.0119365278321
0.0122668523108
0.0118759243827
0.0117839322968
0.0119073500003
0.0117797128623
0.0119498199783
0.0119719129677
0.0118200089782
0.0130382844945
0.0118148401767
0.0128310410461
0.0122574926354
0.011733629702
0.0120503033589
0.012564477666
0.0123932835025
0.0128375886318
0.0128557730544
0.012517471953
0.0117016021783
0.0116291488133
0.0119229517101
0.0118301813879
0.0131715683189
0.0119977113791
0.0118334024834
0.0482611673263
