layer number :  18
120.905604429
0.0880925910082


0.0267654688408
3.06824119995
0.0211135748929
0.0160601222111
0.932221957987
0.0156126574923
0.0145697712045
0.640787604537
0.014948937615
0.0157514576955
0.0144289128172
5.27000740838
0.021589420309
0.0162700572206
0.0155052467017
2.80291882848
0.0202669875386
0.0151587364962


0.0122203864933
24.0872186229
0.0420402179395
0.0122406207957
7.05502515589
0.0121874213606
0.0120082014473
6.55085670769
0.0119937032384
0.0119190823364
0.0120294203128
42.6590898768
0.013025967055
0.0122649654513
0.012126186979
27.0115559285
0.01270185248
0.0120720547857


0.0119030050312
0.0121142283315
0.0119498411271
0.0118683073282
0.0120156991373
0.0117847861645
0.0117882328341
0.0120505678157
0.0117692122391
0.0116200921669
0.0118726143458
0.0131928175688
0.0129692442327
0.0130114496763
0.0136293305162
0.013822218442
0.012016310861
0.042083550555
