layer number :  15
70.7195389554
0.0824212414213


2.00875007419
0.0155586474575
3.00232717519
0.0178760349518
0.15230370507
0.454500750018
0.0253103088665
0.0171267879195
0.0175035343273
0.0225064676876
0.021039086394
0.0178993293472
0.0183805439155
0.016076601382
0.0241843766999


22.3577274161
0.012362346868
32.5226358422
0.0123055940106
1.8061775323
7.74741805531
0.0122641856627
0.012384210558
0.0122903982798
0.0122713660045
0.0132587971554
0.0124615143286
0.0122368540615
0.0122701976216
0.0130593031257


0.0122357253373
0.0120924048048
0.0122935366817
0.0118033819987
0.0119813501757
0.0121586896324
0.0119817533608
0.0118783938621
0.0118967771608
0.0119363834771
0.0121508007869
0.0120078448672
0.0119362028005
0.0129153975285
0.0376381888442
