layer number :  24
96.1813729977
0.105528744729


2.99213505513
0.0231139841878
0.0168397488693
0.0150603343888
0.0174375904802
0.0172839267567
1.04449368598
0.0152975633197
0.0180741975007
0.0157624722148
0.0280879548906
0.0161615787074
0.0195725546218
0.022244374811
0.0167534286932
0.0227735857479
0.0345888312828
0.0169928181373
0.0214040239031
0.0160080468049
0.0235734342132
4.11933286981
1.20498454474
0.281561830508


23.4597822485
0.0415739505164
0.0121898055077
0.0119232777894
0.012128595224
0.012174474153
7.57028491236
0.0120664243586
0.0120969613393
0.0121118541186
0.0236159961981
0.0121878808131
0.012276276364
0.0122768743119
0.0122756386409
0.012202063459
0.274217877382
0.0122999037073
0.0122266096684
0.0128730734189
0.0123450662941
39.3126861863
11.0566432389
3.82601153804


0.0121623216352
0.0121388141221
0.0118049257823
0.0118211969966
0.0118132124189
0.0118836506736
0.011923145464
0.0118525434906
0.0117557387954
0.0118939576593
0.0119596911051
0.0119199960027
0.0118878957195
0.0119416584882
0.0118718936186
0.0119591353383
0.0119941055309
0.0119970292629
0.0119017761899
0.011816179535
0.0119368375357
0.0130206381825
0.0130618516511
0.0373996059255
