layer number :  21
81.2528401709
0.102955538128


2.05537319265
0.0155113089907
0.553531655227
0.0253697314765
0.0181879573502
0.0182182190474
0.0151162571662
0.0245591626735
3.52775022
0.0221236314003
0.249177470726
0.0162343325404
0.0172644413154
0.753454042133
0.0155877540043
0.0162967784951
0.0192653604318
0.015119799374
0.0481538840104
0.01596260649
0.0157917696827


17.2319038909
0.0120766056158
6.5206072696
0.103465417827
0.0121349748224
0.0121106826312
0.0121266458106
0.0122981899961
40.7687736088
0.0466007342329
2.34165590113
0.0126170387957
0.0121836006874
5.82000626244
0.0124785601705
0.0125124080029
0.0120679577036
0.0121885463596
0.294370475807
0.0121074368169
0.0121758358243


0.0124119110405
0.0118849441642
0.0120599212436
0.0118388991492
0.0118908968288
0.0118405068448
0.0118543523519
0.0120151311858
0.0138077472026
0.0139643152943
0.0121017213678
0.0119230641673
0.0118525401922
0.0124808815696
0.012164298639
0.0130599775584
0.0119014074638
0.0119060322953
0.0119039526908
0.0119553410138
0.0403629659365
