layer number :  24
82.1672909948
0.102155118389


0.0153536755436
1.99426755034
0.0156466926759
0.0164334471337
3.46724803272
0.0189890956972
0.0158880110054
0.0162595149983
0.0158638382563
0.0152960300523
0.0153975826688
0.0276485141755
0.401964060264
0.0169859479647
0.0157150181088
0.134966059976
0.0179920443334
0.0152348411502
0.0162583574808
0.459524531461
0.0156370813105
0.015490421288
0.0239885183207
0.0153557404798


0.0123281538642
21.5702603971
0.0121998226968
0.0121186979037
42.9717803784
0.0122087098037
0.012493479182
0.0122949871778
0.0123776006901
0.0121058142201
0.012225494332
0.0123850708284
4.14262594228
0.0122988228298
0.0121579359984
1.47776689916
0.0120947936472
0.0120792218561
0.0121698536289
4.13202117368
0.0121100723821
0.0122055020959
0.0124867330305
0.0122385869811


0.0120548616396
0.0123223787717
0.0117972371712
0.0119176275718
0.014150596185
0.011847075657
0.0117195833009
0.0120981889001
0.0118682858301
0.0120632814166
0.0126485131526
0.0119446109747
0.0122478823565
0.013556716692
0.0118538537063
0.0122761293703
0.0122143230013
0.0118908958587
0.0118407728926
0.0123467971571
0.0120650994747
0.0122272432782
0.0120348375058
0.0425263776754
