layer number :  23
47.0809056053
0.127391220583


0.0183345842331
3.09618106694
0.0217566418772
0.0170182232978
0.0196064260866
0.259508517455
0.0156202124975
0.0179552411816
0.204908733722
0.0154324504547
0.2802777503
0.0155090081195
0.0152725814454
0.0215699094115
0.0166489249871
0.0154695553162
0.0175020349755
0.0243353343103
0.0153604330262
0.0180359301545
0.0154778194847
0.0155320218376
0.0283467289603


0.0122689198082
32.8713880971
0.0475068771824
0.0122282821297
0.0122742098756
3.7755563535
0.0121476968052
0.0122375006322
2.30165012445
0.0120601987001
3.23717752037
0.0121728089871
0.012070756328
0.012138039611
0.0120583408279
0.0121749093523
0.0122386709554
0.0122767373299
0.0122219605061
0.0122346724772
0.0121314352921
0.0121785939749
0.0122770632151


0.0120411888541
0.0120825634028
0.0119789661839
0.0117929064048
0.0118477200546
0.0119743264901
0.0118973375453
0.0119056786643
0.0120175235206
0.0118822088698
0.0120191318371
0.0118867482136
0.0117965541625
0.0118670253626
0.0118498003188
0.0118462348667
0.0118126937111
0.0118743693456
0.0119524118103
0.0119121142197
0.0118774395281
0.0118993800522
0.0427978726026
