layer number :  19
105.454883994
0.0884844548069


0.0212450120986
1.96956022247
0.0152203498874
0.514648543671
1.4867492582
4.9059026958
0.0535124993961
0.0167084051451
0.0215943938432
0.0183561648009
0.90406967164
0.115015348264
0.0153758768381
0.0173747012935
0.0229512572987
0.150372882878
0.0175849757313
0.0156832182159
0.0173248241966


0.0123378065182
16.5889152504
0.0121644902975
6.18263884766
15.9096463292
45.6464918413
0.170679756828
0.0124516986544
0.0134066329338
0.0155642933678
7.71368202866
1.43091581354
0.0120927322423
0.0122615431901
0.0259928428568
1.54935934736
0.0119639687085
0.0123516486492
0.012053089294


0.0119347941363
0.0121644949928
0.0117952156967
0.0124189517616
0.0119785174029
0.0121427279664
0.0128344340095
0.0122078715358
0.0118211167088
0.0119247018592
0.0120175092015
0.0124600856798
0.0117237831
0.0131392233306
0.0119125446072
0.0125932330266
0.0120393518591
0.0120703271435
0.0490135698734
