layer number :  10
67.3142796856
0.062506325217


1.57835308602
0.0158533436867
0.016517809825
2.27400512885
0.0190526955994
0.027425059389
0.0163202728145
1.55566646229
0.0438590326812
0.0156556185102


16.117588543
0.012302168839
0.0121812315192
26.2118921295
0.0122209967813
0.01306849916
0.0122650628134
18.8970181715
0.289392082719
0.0124697358503


0.0122721217728
0.0118469779845
0.0119971508005
0.0120125929825
0.011889846103
0.0119977728852
0.0119417371849
0.0128212443087
0.0121204224415
0.0373917583686
