layer number :  18
172.319974311
0.0868235555943


2.3875565031
0.0189139356759
0.0188508559174
3.61007362678
0.85747137918
5.71039539071
0.0626255619185
0.0651803634828
0.345228829693
0.0166588673601
0.0164454896003
0.0150395953096
0.305271841314
0.015600008502
0.0195208445269
0.0163710854637
0.024985964216
0.0167592291643


26.0259650026
0.0123133220865
0.0124566309387
48.5971922164
9.75832421896
64.0889680929
0.514450165637
0.612709448052
3.98132613495
0.0127230550085
0.0122395989795
0.0127788791821
4.22223441481
0.0120997693933
0.0123724229634
0.0121864080429
0.0121935314188
0.0121208826313


0.012277779829
0.0119601591723
0.0118110128678
0.0121360106471
0.0122701305275
0.012929964927
0.0120361335188
0.0121079833479
0.0126567816284
0.01195216955
0.0125086761934
0.011804575023
0.0119420655149
0.0117805459692
0.0121073776778
0.0118729244762
0.0119874423835
0.039664129455
