layer number :  10
9.77252772041
0.0625696938485


0.0190183183877
0.133036971713
0.0148519025728
0.0148701316211
0.302937811396
0.0202858904765
0.0351944144737
0.0153278221842
0.645185844003
0.0189184291133


0.0121271267223
1.44289032343
0.0120480102875
0.0121358836768
3.34584401629
0.012183073326
0.288184132698
0.0121924707976
3.13968178238
0.0122101213783


0.0118283110593
0.0118616460046
0.011780111352
0.0118189435064
0.0119951545105
0.0120123331823
0.0118869945097
0.0119661304634
0.0120157991381
0.0395873723707
