layer number :  19
153.408106014
0.0870965103619


0.0182308080451
2.94262002276
0.0257643233829
0.0173518434943
0.0179037989195
0.018328432343
0.0207167726864
2.96806044698
0.0177053380758
0.0215770340292
0.0175190953693
8.06529814703
0.932264843567
0.0160055740271
0.0158922870566
1.62930294316
0.0359764342041
0.0182332575011
0.0248318621889


0.0121436784975
31.5280614687
0.0601381667269
0.012420164848
0.0125292578013
0.0125361861816
0.0121950686831
34.4302246049
0.0126545046224
0.0125881430383
0.0124774538369
51.2303707288
5.14376253254
0.0125889174718
0.0122132026202
13.5167782515
0.172838586499
0.0122092356517
0.0122451904851


0.0118114080203
0.0124809010885
0.0117646713043
0.0121049937637
0.0121428551308
0.0119710346528
0.011911690662
0.0129057675756
0.0119412398587
0.0120463925802
0.012291753975
0.0122753716229
0.0122207192471
0.0126234554919
0.0121307123918
0.0120110759744
0.0120720084912
0.0121166618386
0.0394321788335
