layer number :  35
156.162847436
0.131880166754


0.0241586632716
3.07952296163
0.0292554705326
0.016511911992
0.0178460175327
0.0209118183314
0.0181253765089
0.0177703026372
0.0154406510216
0.015611981197
0.0241329406854
5.84946141314
0.0282252279964
0.0319282034955
0.0617831749842
0.0160052023517
0.0176593123081
0.0225623753698
0.0176935485021
0.015428266488
0.0178224656265
0.0222666907357
0.0153279389876
0.0174787737584
0.0172026913303
0.0178725261552
1.29820323196
0.0273761419036
0.0275944697981
1.1916839785
0.0656551222006
0.738801461683
0.0156609578601
0.134265795505
0.0154822920449


0.0123712976929
31.9189019287
0.0645085842892
0.0122347398428
0.0122204847479
0.0121938129887
0.0124621589978
0.0122569576682
0.012211157009
0.0122294133374
0.0122587411121
75.7052841885
0.0150079059337
0.195258126012
0.996554831043
0.0121797456328
0.0131117855199
0.0122795193456
0.0122327178251
0.0121358383525
0.0122123823191
0.0122497025877
0.0122202510247
0.0122157178509
0.0122366913129
0.01220158538
10.6590822401
0.0126678198188
0.101132527382
12.9470080642
0.575438332123
8.26430903352
0.012137463976
1.22291015139
0.0120730628259


0.0120188328826
0.0124457807979
0.0120004571897
0.0119617941479
0.0118466115867
0.0119413223195
0.0119386153529
0.0119059100204
0.0119125784452
0.0119419486727
0.0119419036977
0.0123234229783
0.0131425277796
0.0122216316328
0.0133788424622
0.0119118123936
0.0121632344477
0.0119070834868
0.0119108340005
0.0118996500581
0.0120677548305
0.0119214000491
0.0118936781461
0.0118804690428
0.0120201944762
0.0119957436497
0.0120622102792
0.0127340722829
0.0118745425328
0.0119922128118
0.0119870628308
0.0121480169473
0.0119523355194
0.012736511766
0.0368663439682
