layer number :  9
0.809008780867
0.0399253368378

jsonTime
0.0303926558699
0.00911095901392
0.0905633149669
0.0101467811037
0.0264177832287
0.00847153295763
0.00802578986622
0.009556989884
0.00825077691115

layerTime
0.00831955601461
0.00444258493371
0.475890628062
0.00447557889856
0.00690895994194
0.00433920300566
0.0042901430279
0.00467242114246
0.00418533803895

checksumTime
0.00386787508614
0.0037098149769
0.0043622769881
0.00427726493217
0.00446106796153
0.00382808409631
0.00379937305115
0.00368177797645
0.0168262319639




layer number :  9
0.832001737086
0.0495309440885

jsonTime
0.00852178013884
0.00883431197144
0.108411910012
0.0105295500252
0.00807008519769
0.00879245088436
0.00839813915081
0.0281501188874
0.00848541711457

layerTime
0.00457413401455
0.00427553802729
0.494753320003
0.00486413994804
0.00410500285216
0.00440211012028
0.00457014283165
0.00683634914458
0.00437019299716

checksumTime
0.00411818805151
0.00370892393403
0.0040495658759
0.00388047401793
0.00408848305233
0.00370917189866
0.00389091717079
0.00414472678676
0.0181514390279




layer number :  9
0.81428349996
0.0412482309621

jsonTime
0.0086134171579
0.029030859936
0.0910747889429
0.0101530919783
0.00836050510406
0.0259283140767
0.00830628117546
0.0100989739876
0.00825145398267

layerTime
0.0042888848111
0.00885156402364
0.481734161032
0.0046009728685
0.00437262700871
0.00675121694803
0.0042961188592
0.00429720291868
0.00426687207073

checksumTime
0.00396407907829
0.00422439607792
0.00415491708554
0.00386877707206
0.00409215991385
0.00404640287161
0.00391270103864
0.00365361408331
0.015908683883




layer number :  9
0.819022465963
0.0418489780277

jsonTime
0.00840263906866
0.00834673503414
0.0909748261329
0.00964585202746
0.00848136097193
0.00833705207333
0.00898940698244
0.0279471799731
0.00842786906287

layerTime
0.00450041890144
0.00420727184974
0.508666059002
0.00451581901871
0.00417656684294
0.00470127700828
0.00427856901661
0.00662040594034
0.00446596508846

checksumTime
0.00395487109199
0.00445352704264
0.00436103297397
0.00417927699164
0.003641651012
0.00414772098884
0.00400031497702
0.00404948904179
0.0169713278301




layer number :  9
0.812597598881
0.0391110489145

jsonTime
0.00829863105901
0.00874684704468
0.11776323989
0.0225046859123
0.00900200684555
0.0261234720238
0.00869577703997
0.00930214393884
0.00816683308221

layerTime
0.00427215592936
0.00439659389667
0.464953835122
0.00438017607667
0.00463175307959
0.0070443789009
0.00455930898897
0.00445582112297
0.00434563984163

checksumTime
0.00395540101454
0.00393497105688
0.00418552407064
0.00388502096757
0.00401082308963
0.00423163105734
0.0040343159344
0.00392354093492
0.0179542100523




layer number :  9
0.801338489866
0.0373353569303

jsonTime
0.00801676814444
0.00841594906524
0.0906222302001
0.00954489409924
0.00825451710261
0.00852465699427
0.0075561881531
0.008503385121
0.0230176090263

layerTime
0.00426836893894
0.00420010602102
0.505616430892
0.00437577790581
0.00467131379992
0.00387330912054
0.00381407979876
0.00370586803183
0.00564553006552

checksumTime
0.00379517790861
0.00410115788691
0.00436617597006
0.00408446602523
0.00417005107738
0.0033429118339
0.00345469405875
0.00316361291334
0.0190875187982




layer number :  9
0.812036765972
0.0384852429852

jsonTime
0.00807379302569
0.00863822409883
0.108186512953
0.0098127881065
0.00819976301864
0.00795441004448
0.00842180312611
0.0272062711883
0.00848646997474

layerTime
0.00429850886576
0.00435906508937
0.49041381292
0.00437013292685
0.00441846507601
0.00456749205478
0.00440973998047
0.00665851682425
0.00438629300334

checksumTime
0.00362366694026
0.00346758193336
0.00433661299758
0.00361919007264
0.0039816678036
0.00422858889215
0.00425519491546
0.00437615998089
0.0171591371763




layer number :  9
0.797541976208
0.0421438580379

jsonTime
0.0083492230624
0.0290811220184
0.0915179161821
0.00965180597268
0.00830298499204
0.026660730131
0.00923373410478
0.00872893002816
0.00769772590138

layerTime
0.00424530007876
0.00918191717938
0.465200353879
0.0044057010673
0.00445349514484
0.00671172491275
0.00427580508403
0.00416224682704
0.00415810407139

checksumTime
0.00407749880105
0.00430267280899
0.00410998705775
0.00385923590511
0.00379280885682
0.00382308289409
0.00373817398213
0.00349995610304
0.0163943110965




layer number :  9
0.80010067299
0.04264443391

jsonTime
0.0304892200511
0.00863650604151
0.0911234719679
0.0096437651664
0.0260213881265
0.00843791197985
0.00802797707729
0.00894476589747
0.00806891196407

layerTime
0.00805747602135
0.00443314597942
0.465501271188
0.00456200586632
0.00675957184285
0.00444653211161
0.00449832179584
0.00433050002903
0.00417837384157

checksumTime
0.00397134688683
0.00389214791358
0.00419830484316
0.00378300598823
0.00404905900359
0.00397752202116
0.00368057820015
0.00405366905034
0.0179571132176




layer number :  9
0.804043708835
0.0438304808922

jsonTime
0.00810571108013
0.00884171295911
0.109482949832
0.00951389805414
0.00792476418428
0.008520726813
0.00843987287953
0.0272766740527
0.00828308402561

layerTime
0.00475356983952
0.00417104992084
0.474663025001
0.00452900491655
0.00456965900958
0.00452883914113
0.00443899794482
0.00624827505089
0.00478144804947

checksumTime
0.0036937831901
0.00392791512422
0.00398599798791
0.0039362940006
0.00404466898181
0.00426868908107
0.00393215101212
0.00405714986846
0.0176790799014




