layer number :  19
198.907187195
0.0574933851603

jsonTime
0.00826778495684
2.85539445095
0.0594954481348
0.00554457795806
1.03293300001
0.0138907618821
0.00462283799425
0.00425133178942
0.00577351101674
11.62055213
0.0166871990077
0.00829808088019
0.00842272606678
0.00928465602919
0.00825881306082
0.00887173204683
0.00827680598013
0.0262798748445
0.00851608300582

layerTime
0.00426740013063
32.23996148
0.00303951301612
0.00192895811051
8.91074936208
0.00444973213598
0.00187657214701
0.00192200718448
0.00213588797487
141.815343169
0.00494583020918
0.00481928512454
0.00438773981296
0.00418392405845
0.00457112491131
0.00422742497176
0.00411784602329
0.016298370203
0.00451828213409

checksumTime
0.00384158291854
0.00241402396932
0.00212357589044
0.00169804296456
0.00223962101154
0.00219157082029
0.00188016402535
0.00173113495111
0.0016989489086
0.0167399318889
0.00383339892142
0.00413687201217
0.00378679204732
0.00418734387495
0.00388824311085
0.00386119587347
0.00371731515042
0.0141380447894
0.0184188059065




layer number :  19
198.054691701
0.0575104039162

jsonTime
0.00808098679408
2.77305355901
0.0639812198933
0.011673646979
1.06443964201
0.0349325521383
0.00871483888477
0.00848667602986
0.0123357519042
11.4642177171
0.00880053383298
0.0131755820476
0.00460307998583
0.00546283787116
0.003944050055
0.00409061298706
0.00440312805586
0.0136813460849
0.00457845907658

layerTime
0.00451028416865
32.550152004
0.067009269027
0.00424111098982
8.78975668293
0.00469871098176
0.00450037699193
0.00420994102024
0.00456718611531
140.926576586
0.00254151411355
0.00745848403312
0.00206408090889
0.00204543513246
0.0020138588734
0.00196828902699
0.00192329194397
0.00342379300855
0.00232693180442

checksumTime
0.00407350785099
0.0214510441292
0.00398823199794
0.00419205008075
0.00405462598428
0.00400732201524
0.00402480899356
0.00388642004691
0.00375739787705
0.0194337230641
0.00189757999033
0.00208798702806
0.00197740504518
0.00184157397598
0.00170890497975
0.00159373506904
0.00190638797358
0.00202191993594
0.00873495917767




layer number :  19
201.46628064
0.0561568660196

jsonTime
0.0311448329594
2.94345689798
0.0409140980337
0.00553108402528
1.02551967604
0.00953504582867
0.0086768520996
0.00879083992913
0.0117941249628
11.513478521
0.00825997604989
0.00424346700311
0.00455801398493
0.0044853950385
0.0138676820789
0.00486628012732
0.00452395598404
0.00423253001645
0.0043315528892

layerTime
0.00757859298028
33.3456968761
0.0203126410488
0.00214318698272
9.32479906408
0.00496798404492
0.00426351488568
0.00426840502769
0.00468066707253
142.942282943
0.00224491301924
0.00200027506799
0.00182346091606
0.00216805678792
0.00745219504461
0.00245570787229
0.00204430101439
0.00197747489437
0.00210614409298

checksumTime
0.00413818308152
0.00189780280925
0.00177311105654
0.00172798591666
0.00399833498523
0.00392652396113
0.00393830705434
0.00388304307126
0.00381763605401
0.0165782370605
0.00193467386998
0.00167774409056
0.00191731308587
0.00169571302831
0.00245723989792
0.00198368611746
0.0020185939502
0.00190388318151
0.00964212696999




layer number :  19
196.241407397
0.0581895089708

jsonTime
0.0299811661243
2.8923291571
0.0640544150956
0.0105506619439
1.06826678803
0.0140398100484
0.00469069601968
0.00487617007457
0.00563146010973
11.4324982879
0.00829021399841
0.00430582696572
0.00507835508324
0.00491060502827
0.00441507389769
0.00399417779408
0.00454947701655
0.0132133050356
0.00441765296273

layerTime
0.00878065405414
32.5283708109
0.0670190120582
0.00436094193719
9.16975641018
0.00456082401797
0.00228888797574
0.00226567592472
0.00194559898227
138.712303576
0.0025865691714
0.00192976510152
0.00216454290785
0.00200770306401
0.00195420300588
0.00202863314189
0.00214352901094
0.00700351502746
0.00211297813803

checksumTime
0.0038745268248
0.0190496540163
0.00402695499361
0.00385746289976
0.00215596682392
0.00170660298318
0.00196939101443
0.00176193192601
0.00170545210131
0.012194583891
0.00186300789937
0.00171712483279
0.00202453602105
0.00167711009271
0.00184251111932
0.00184953492135
0.00189830199815
0.00215706089512
0.00851129600778




layer number :  19
200.319861076
0.0535974530503

jsonTime
0.0079311451409
2.90406424599
0.39287667186
0.0105603220873
1.05380168697
0.0137632291298
0.00462000095285
0.00439741113223
0.0056214700453
11.1567300539
0.00915292394347
0.00448736501858
0.00451824790798
0.00476764491759
0.00419159885496
0.00395228387788
0.00395159306936
0.013404492056
0.00846253498457

layerTime
0.00485079595819
33.23887183
0.0590925971046
0.00456793885678
9.37434314797
0.0041625990998
0.00203547300771
0.00189102999866
0.00209872378036
141.843611117
0.00246350606903
0.00202799309045
0.00206888606772
0.00194451306015
0.00183245702647
0.00181711302139
0.00175170996226
0.0122214101721
0.00434209196828

checksumTime
0.00394293293357
0.00225346512161
0.00426987791434
0.0041343101766
0.00201572384685
0.00205900892615
0.0016641789116
0.00176841602661
0.00185779109597
0.016493513016
0.00203581596725
0.00192001601681
0.00161490100436
0.00165876909159
0.00160209508613
0.00172605807893
0.00156637281179
0.0165794298518
0.0180448391475




layer number :  19
196.696531314
0.0553379270714

jsonTime
0.00776203302667
3.31103333901
0.0639485740103
0.0105469350237
1.0641830191
0.0169677319936
0.00454558199272
0.00438801199198
0.00573705486022
10.844247194
0.0159339439124
0.00778475613333
0.0268886152189
0.00923077506013
0.00807357695885
0.00859674089588
0.00827368302271
0.00867662811652
0.0264164819382

layerTime
0.00444673211314
31.894177983
0.0669420461636
0.00459497887641
9.04066153592
0.00246623111889
0.00234196800739
0.00210107001476
0.00227915518917
139.982879345
0.00494417408481
0.00408355891705
0.0175888829399
0.00440861610696
0.00445440015756
0.00448785396293
0.00429975800216
0.00417612097226
0.00644951895811

checksumTime
0.00359497591853
0.0213819008786
0.00412334990688
0.00395305408165
0.00207110494375
0.00169338285923
0.00223969295621
0.00189345213585
0.00181275093928
0.0172703489661
0.0039725608658
0.00400663190521
0.0226969178766
0.00365623389371
0.00389804993756
0.00396903115325
0.00388303282671
0.00356068601832
0.0187171672005




layer number :  19
196.351548492
0.0694478070363

jsonTime
0.00802822597325
2.99578968599
0.447188924998
0.0108216891531
1.02415096597
0.0049272691831
0.00452334713191
0.00456368084997
0.0062709110789
10.9571785228
0.0235721799545
0.00443035317585
0.00428289407864
0.00449466099963
0.0130606279708
0.00442484999076
0.00474337814376
0.00392469810322
0.00425372296013

layerTime
0.00436652102508
32.7147459849
0.0670953309163
0.00448488490656
9.10905558686
0.00206612888724
0.00194790191017
0.00192609615624
0.00187679193914
138.726768111
0.0140905510634
0.00202907598577
0.00205704104155
0.00202288501896
0.00313843996264
0.00177422398701
0.00197620992549
0.00209779804572
0.00200355611742

checksumTime
0.00386665808037
0.0214788161684
0.00412446586415
0.00394094013609
0.00249713798985
0.00211576698348
0.00188571307808
0.00162596395239
0.00197117705829
0.0163188979495
0.00210621790029
0.00196727481671
0.00197122897953
0.00170055706985
0.00212043407373
0.00219392683357
0.00170417595655
0.00178227387369
0.00881361006759




layer number :  19
196.752013348
0.0565578220412

jsonTime
0.00806386792101
3.18323815311
0.19335734006
0.00559562607668
0.971528864
0.00503372400999
0.00474775000475
0.00423399498686
0.00545136607252
11.090123161
0.0208364480641
0.00785020994954
0.00767023512162
0.00933582498692
0.0327828589361
0.00892370985821
0.00789257697761
0.00760354613885
0.00778929912485

layerTime
0.004392222967
32.37371918
0.0024825008586
0.00197949493304
8.816695621
0.00225924188271
0.00195923703723
0.0017510461621
0.00188631704077
139.7476232
0.0155525130685
0.00443658209406
0.003885964863
0.00394791294821
0.0155155120883
0.00426168204285
0.00402666302398
0.00412952899933
0.00382392690517

checksumTime
0.00358643289655
0.00222209398635
0.00213932897896
0.00181555817835
0.00353263295256
0.00164737808518
0.00149286584929
0.00182398990728
0.00175090390258
0.0183895579539
0.00368559593335
0.00349556584843
0.00365198007785
0.00337202614173
0.0142660220154
0.00345205701888
0.00379146193154
0.00360200484283
0.0196617790498




layer number :  19
198.285964249
0.0581712049898

jsonTime
0.0303581198677
2.91148268711
0.0599893159233
0.0056766550988
0.925121810986
0.0277270011138
0.0085407497827
0.00842241081409
0.011153557105
11.5664537719
0.0160044829827
0.00809762696736
0.008652002085
0.00963173410855
0.00820114207454
0.00828455993906
0.00815034215339
0.0266227698885
0.00930178607814

layerTime
0.00874204700813
33.2068283749
0.00621198606677
0.00207846798003
8.61665271502
0.00933520705439
0.00417591421865
0.00415321718901
0.00433511496522
140.531344393
0.00453135091811
0.00422242516652
0.00423709792085
0.00442743999884
0.00442270701751
0.00428124493919
0.0044692310039
0.015969586093
0.00445815385319

checksumTime
0.00424453499727
0.0214203651994
0.00188620691188
0.00174419395626
0.00400275085121
0.00439450005069
0.00369529798627
0.00370428478345
0.00337282707915
0.016716116108
0.0039372779429
0.00391096994281
0.0037717348896
0.00357833690941
0.00408829306252
0.00369151099585
0.00372065394185
0.0142224039882
0.0171850949991




layer number :  19
198.564992841
0.0690369820222

jsonTime
0.00772687187418
3.20517111919
0.591468838044
0.040106697008
1.05041560088
0.0235695899464
0.00692226784304
0.0076144579798
0.00929232290946
11.19158227
0.00811105198227
0.004349892959
0.00427075196058
0.00434799888171
0.00430345488712
0.0137573229149
0.00432538310997
0.00443670200184
0.00413973815739

layerTime
0.0042116951663
33.5061807849
0.0468720640056
0.0220203539357
9.4708988301
0.00755392201245
0.00358657096513
0.00378049700521
0.00341142714024
139.128030497
0.00230577983893
0.00186046701856
0.00205601216294
0.00195895810612
0.00187104009092
0.00710510509089
0.00201678602025
0.00221259100363
0.00203614588827

checksumTime
0.00340511579998
0.0206352360547
0.00413746992126
0.00402905209921
0.00422799494117
0.00306950113736
0.00344961904921
0.00322800013237
0.00305444886908
0.0150813260116
0.00187726807781
0.0018762210384
0.00170145696029
0.00166902295314
0.00160869304091
0.00230950093828
0.00176636991091
0.00176183087751
0.00942135206424




