layer number :  15
223.580602191
0.0525728701614

jsonTime
0.0083162880037
1.68164249486
0.00967336981557
0.0105150400195
14.706994409
0.12564427196
0.266934398096
0.00531535106711
0.00480386894196
0.00495058693923
0.0139662900474
0.00470507307909
0.00561146694236
0.0042657579761
0.00458169379272

layerTime
0.00444251904264
17.0097968972
0.00459168618545
0.0045160590671
186.166887385
1.044908321
2.32351031993
0.00224140100181
0.00193763105199
0.00216299295425
0.00346715399064
0.00231858179905
0.00239386013709
0.00206392910331
0.00217737117782

checksumTime
0.0039792470634
0.0190776910167
0.00405069277622
0.00428472599015
0.0155159390997
0.0195696519222
0.00220205402002
0.00186229986139
0.00207823305391
0.00175238004886
0.00207375502214
0.00189313013107
0.00179358781315
0.00193861010484
0.00870414497331




layer number :  15
206.177291078
0.0517198489979

jsonTime
0.00805181218311
1.69580403715
0.00945675419644
0.00928650796413
14.6696838408
0.120656433981
0.253880393924
0.00536693795584
0.00441132998094
0.00527459685691
0.0133632370271
0.00454944605008
0.00451007415541
0.00458613689989
0.00412176386453

layerTime
0.00442033982836
15.170555542
0.00422022095881
0.00457570911385
170.881988011
1.03407124407
2.1336349342
0.00200350699015
0.00184390600771
0.00190177001059
0.00354587985203
0.0019317639526
0.00198412290774
0.00210988218896
0.00202087895013

checksumTime
0.00352740101516
0.00422786781564
0.00398659496568
0.00397068494931
0.016975681996
0.00431551598012
0.00207200483419
0.00173079804517
0.0019504961092
0.00162096717395
0.00199552811682
0.00189420883544
0.00193391204812
0.0017920259852
0.00813904614188




layer number :  15
194.478812838
0.0513755851425

jsonTime
0.00811094790697
1.72444266803
0.00911232619546
0.00969403912313
14.7611623988
0.0892234700732
0.233707597014
0.00573129579425
0.00446920003742
0.00527327600867
0.00448489002883
0.0155814629979
0.00444580381736
0.00440545193851
0.00422411412001

layerTime
0.00441273814067
14.289543594
0.00427930289879
0.00465567689389
161.193214435
0.489118077094
1.47547387402
0.00210207607597
0.00202841195278
0.00193479214795
0.00180684705265
0.00239010597579
0.00204279716127
0.00216074590571
0.00211415393278

checksumTime
0.00359582295641
0.00446354690939
0.00402078195475
0.00447012507357
0.0210310819093
0.00212896382436
0.00237488513812
0.00192218506709
0.00175131787546
0.00169669487514
0.00157974404283
0.00196149107069
0.00157754402608
0.00199903501198
0.00986147788353




layer number :  15
187.159317583
0.0666884619277

jsonTime
0.00781341199763
1.69256027997
0.00491654896177
0.0050143301487
13.6780756519
0.0946873039939
0.216480731033
0.00597310508601
0.00600520288572
0.0047147590667
0.0147693788167
0.00487980805337
0.00474833906628
0.00447102892213
0.00498568709008

layerTime
0.00448204181157
12.8737193721
0.00207607005723
0.0020222698804
156.45207633
0.398216007045
1.53356126603
0.00215556100011
0.00222695502453
0.00222525186837
0.00410715118051
0.00224869488738
0.00205066800117
0.00232474692166
0.00228031096049

checksumTime
0.00369406002574
0.0022220890969
0.00198785983957
0.00185981206596
0.0166873829439
0.0021002960857
0.00237845885567
0.00186928198673
0.00197813007981
0.00188856711611
0.00239261193201
0.00202066497877
0.00193545711227
0.00219487794675
0.00987272011116




layer number :  15
184.037621599
0.0534258040134

jsonTime
0.00791956507601
1.58297466021
0.00505301891826
0.00529482099228
13.8735086301
0.07686929591
0.320152183995
0.0239044860937
0.0129684030544
0.00519844889641
0.00416995980777
0.00421894597821
0.00389773002826
0.00424181413837
0.0133869689889

layerTime
0.00423988490365
12.6888611489
0.00190210202709
0.00217232201248
152.894685126
0.428851257078
1.94259383599
0.00233141588978
0.00873002200387
0.00211925618351
0.00195472198538
0.00193984201178
0.00188242713921
0.00185285997577
0.00323852989823

checksumTime
0.00358902197331
0.00228262110613
0.00195842096582
0.00189799093641
0.0133101651445
0.00197846698575
0.00211277091876
0.0018570269458
0.00241070403717
0.00169657403603
0.00178178120404
0.00160545180552
0.0017251688987
0.00178520800546
0.0112646019552




layer number :  15
186.205927081
0.0544539599214

jsonTime
0.0323360359762
1.63836951903
0.0051189919468
0.00533988699317
14.0917906421
0.0988884761464
0.241898590932
0.00573539501056
0.0130415880121
0.00492544705048
0.00403653783724
0.00419445405714
0.00394634902477
0.004180313088
0.0131070758216

layerTime
0.00914215808734
12.920246928
0.00228422903456
0.00195410498418
153.898538055
0.861292956863
2.19154141797
0.00218390394002
0.00866842386313
0.00225362903439
0.00193949206732
0.00211093993858
0.0018500869628
0.00214899890125
0.0031941740308

checksumTime
0.00445005088113
0.00213159201667
0.00196731113829
0.00189099693671
0.0154113229364
0.0221352661029
0.00211537908763
0.00179851008579
0.00201877206564
0.00178201496601
0.00191406905651
0.00178579194471
0.00160075398162
0.00195183116011
0.010463654995




layer number :  15
183.433888985
0.0474046280142

jsonTime
0.0316259490792
1.69784642011
0.00488960416988
0.00588702294044
13.8632135971
0.157585837878
0.249114571838
0.00563852698542
0.013465906959
0.00499797309749
0.00421379809268
0.00429298100062
0.0041608621832
0.00400222092867
0.0131525620818

layerTime
0.00929421884939
12.991602259
0.00217297486961
0.00243224017322
151.654821862
0.600555465091
1.97498141415
0.00223090010695
0.00875644991174
0.00212293211371
0.00216498202644
0.00215152394958
0.00202151481062
0.00200564600527
0.00348375691101

checksumTime
0.0041957590729
0.00230669882149
0.00200672005303
0.00203967490233
0.0205357999075
0.00405766908079
0.00222908495925
0.00215402594768
0.0023213729728
0.00177727080882
0.00191775592975
0.00164883001707
0.00152912409976
0.00164450402372
0.00951433205046




layer number :  15
180.415436191
0.0470880840439

jsonTime
0.0322955381125
1.66589965392
0.00465207616799
0.00522138806991
13.8224227862
0.0921196287964
0.212255965918
0.0054280210752
0.0134675200097
0.00532839889638
0.00465057906695
0.00413492205553
0.00415736204013
0.00388025096618
0.0131357819773

layerTime
0.00916328607127
12.5524326111
0.00202434393577
0.00203537195921
149.409864831
0.70021296409
1.72695457493
0.00221663084812
0.00854807696305
0.00203371909447
0.00181552604772
0.00181080587208
0.00183530780487
0.00172217795625
0.00344347185455

checksumTime
0.00424410495907
0.00212787883356
0.00187140586786
0.00184969301336
0.014904828975
0.00226935511455
0.0021533460822
0.00173182901926
0.00216022413224
0.0019951928407
0.00167217501439
0.00147374509834
0.00165252108127
0.0015934961848
0.00978342304006




layer number :  15
179.921651924
0.0494810838718

jsonTime
0.0322044270579
1.6871540579
0.00533132813871
0.00547950598411
13.813687505
0.105678732041
0.215570060071
0.0122381779365
0.00459360401146
0.00443859607913
0.00410898099653
0.0130687050987
0.00455041811801
0.00409370986745
0.00440463097766

layerTime
0.00886121601798
12.273941006
0.00234047695994
0.0024764710106
148.560620757
0.991284961114
2.03713816893
0.00229731108993
0.00192326796241
0.00213100994006
0.00198546703905
0.00400449591689
0.00226841890253
0.00219290913083
0.00211336906068

checksumTime
0.00427280389704
0.00229293899611
0.00208128802478
0.00207653292455
0.01454967889
0.00414674798958
0.0073169649113
0.00207897997461
0.00194624997675
0.0018325811252
0.00175969791599
0.00205212389119
0.00218589813448
0.00179577292874
0.0079115270637




layer number :  15
182.248312453
0.0499023990706

jsonTime
0.00848295888864
1.70949690999
0.005098054884
0.00543807819486
14.1593527419
0.0705313151702
0.298623381881
0.00626212405041
0.00415001809597
0.00442412402481
0.0136287300847
0.00429523107596
0.00433178292587
0.00467577390373
0.00477674696594

layerTime
0.00450292904861
12.6783127929
0.00220317114145
0.00223391596228
150.255098711
0.711538333911
2.16609222814
0.00223636091687
0.00217011501081
0.00203194399364
0.00369740510359
0.00192217994481
0.00221293396316
0.00206130300649
0.00192801211961

checksumTime
0.00398437608965
0.00210664211772
0.0019980748184
0.00172606902197
0.0178202479146
0.00431525008753
0.00219997088425
0.00164478993975
0.00172304804437
0.00160373584367
0.00194073584862
0.00181779405102
0.00179122108966
0.00160759105347
0.00852415990084




