layer number :  17
21.3002897301
0.0575203960761

jsonTime
0.0304522130173
0.00889732199721
0.174869484035
0.00508531206287
0.00773590104654
0.0834034630097
0.0045376829803
0.00419080886059
0.00479133892804
1.31241820799
0.00464793806896
0.0676831398159
0.00445057195611
0.271586349001
0.00558621902019
0.0148126569111
0.00495294807479

layerTime
0.00809449492954
0.00464705005288
1.44002373796
0.00220555602573
0.00176478596404
0.710715024034
0.00202046008781
0.00208638119511
0.00208970508538
14.5245977079
0.00210403697565
0.266793200048
0.00232238811441
2.19006596203
0.00231712893583
0.00418353499845
0.00209401780739

checksumTime
0.0039530089125
0.0041473810561
0.00260071200319
0.00194530095905
0.0015814548824
0.00214661099017
0.00186404399574
0.0021106719505
0.00170570495538
0.00222273403779
0.00198804307729
0.00181194208562
0.00175145384856
0.0196648510173
0.0019492241554
0.00237345299684
0.00894040009007




layer number :  17
22.4323779829
0.0642450738233

jsonTime
0.0305114837829
0.00891418498941
0.162564500002
0.00532382098027
0.00893965992145
0.0769926740322
0.00850520795211
0.00804372807033
0.00791659904644
1.59484660113
0.00495718210004
0.0681092028972
0.00834841188043
0.357039296068
0.00617162906565
0.0151120780502
0.00495234900154

layerTime
0.00793096004054
0.00450663710944
1.58777317591
0.00213030981831
0.00143224699423
0.624198717996
0.00438831420615
0.00421807193197
0.00448458781466
14.6967442848
0.00228804093786
0.207654271042
0.00409912713803
2.74490931793
0.00252439104952
0.00423272396438
0.00236295093782

checksumTime
0.00399162806571
0.00388008798473
0.00229105609469
0.00192624819465
0.00176731590182
0.00406381301582
0.00372677482665
0.00377496611327
0.00395771907642
0.00210448401049
0.00188730610535
0.00455617601983
0.00384358991869
0.00231008394621
0.00218195701018
0.00235638790764
0.0346255530603




layer number :  17
21.7758850299
0.0574064559769

jsonTime
0.00849907100201
0.0287528231274
0.158216245007
0.013776908163
0.00792995397933
0.11971279094
0.00949322991073
0.00834803888574
0.00834551895969
1.56836393406
0.0132398200221
0.0682770900894
0.00426702899858
0.272471993929
0.00544038391672
0.00532840192318
0.00448783114552

layerTime
0.00425805989653
0.00874590594321
1.30693323002
0.00391631387174
0.00161700206809
1.00633519306
0.00421040900983
0.00419636117294
0.00417211698368
14.7263976699
0.00400197412819
0.206436702982
0.00197205902077
2.06901807198
0.00252141710371
0.00226207403466
0.0021245109383

checksumTime
0.00390905002132
0.00412256689742
0.00200032698922
0.00190622499213
0.00157609395683
0.0042980320286
0.0038994171191
0.0036288308911
0.00395735213533
0.00210171192884
0.001816439908
0.00205604801886
0.00178972398862
0.00229306705296
0.00211758702062
0.00165839889087
0.00961012602784




layer number :  17
22.0679351578
0.0563897029497

jsonTime
0.00793664902449
0.00861595780589
0.183627528837
0.00561830401421
0.0177559670992
0.139488752
0.026238802122
0.0085756520275
0.00851854705252
1.577000055
0.00504894903861
0.0791609338485
0.00495090102777
0.286127913976
0.00554326106794
0.00511625106446
0.00449261907488

layerTime
0.00430284696631
0.00408962019719
1.28815757413
0.00220762682147
0.00441198097542
0.968434099806
0.0202510468662
0.00475896894932
0.00442288513295
14.570914733
0.00216604094021
0.247003566939
0.00238580000587
2.4384593002
0.00247368891723
0.00214967480861
0.00207404908724

checksumTime
0.00358350714669
0.00391298299655
0.00207251403481
0.00205692695454
0.00200552912429
0.00406126608141
0.00443840096705
0.0037684449926
0.00369987194426
0.00239402102306
0.00216302508488
0.00386832514778
0.00229227286763
0.0136545468122
0.00229636812583
0.00182535103522
0.00912063778378




layer number :  17
21.6686136581
0.052356806118

jsonTime
0.00814285711385
0.0083307470195
0.182704887819
0.00603266898543
0.00809357198887
0.111832340946
0.00826013390906
0.00774465105496
0.00748344906606
1.51722639007
0.00479410984553
0.076698717894
0.00862049194984
0.317037171917
0.00544139393605
0.00488692102954
0.00474441703409

layerTime
0.0041165270377
0.00414703902788
1.3354022
0.00232467614114
0.00304028415121
0.953494141111
0.00428386917338
0.00413749506697
0.00396072398871
13.7081329909
0.00195827404968
0.318597859005
0.00496672093868
2.89793358906
0.00196584314108
0.0019657840021
0.00210234895349

checksumTime
0.00357347493991
0.00368030602112
0.0019419239834
0.00179155590013
0.00176357687451
0.0038917909842
0.00368861085735
0.00346771092154
0.00340252998285
0.00215296214446
0.00193075509742
0.00717480108142
0.00412075803615
0.0184227500577
0.00183977396227
0.00188665580936
0.00911841914058




layer number :  17
20.2013331009
0.0532647529617

jsonTime
0.00795694394037
0.00863817892969
0.154405128909
0.00619489792734
0.0100437870715
0.116551663959
0.0136049550492
0.00454072514549
0.00428026798181
1.33996580215
0.00517452997155
0.078425028827
0.00475710118189
0.282665274106
0.00531041598879
0.00440318882465
0.00399614986964

layerTime
0.00427316711284
0.00418272009119
1.13678318798
0.0025299959816
0.00498342490755
0.468507783953
0.00394635484554
0.00225387280807
0.00191892683506
13.9316157899
0.00220576208085
0.246956069022
0.00219462299719
2.21716738888
0.00203293608502
0.0021638860926
0.00193139794283

checksumTime
0.00383985205553
0.00380748999305
0.00245837913826
0.00221602991223
0.00188201712444
0.00215024803765
0.00197989004664
0.00181603222154
0.00171815603971
0.00238514505327
0.0019894449506
0.00382725801319
0.00200415984727
0.014663178008
0.00180612504482
0.00178636913188
0.00939708808437




layer number :  17
21.9704865611
0.0556244871113

jsonTime
0.031397436047
0.00910374498926
0.156955064042
0.00591657101177
0.00865578697994
0.140019896906
0.00856511504389
0.00797983515076
0.00825231801718
1.55697458819
0.00487151299603
0.0678024680819
0.00821874989197
0.356700403849
0.00521062687039
0.0144236299675
0.0048979409039

layerTime
0.00864969287068
0.00448012910783
1.34784927499
0.00233020191081
0.00136711494997
0.964340619976
0.00460288696922
0.00445468397811
0.00457927002572
14.154281226
0.00204983190633
0.338763304986
0.00435134395957
2.58851012005
0.00210889009759
0.00402826303616
0.00210445001721

checksumTime
0.00418873806484
0.00437540980056
0.00244367611594
0.00196889601648
0.00182605511509
0.00424503209069
0.00404819194227
0.00421249796636
0.00398087082431
0.00215999200009
0.00185090792365
0.00399468909018
0.00391099718399
0.0205461250152
0.00166012695991
0.0021026651375
0.0107470760122




layer number :  17
22.5710511
0.0543095630128

jsonTime
0.00825079809874
0.0293850048911
0.166008989094
0.0139516249765
0.0169403140899
0.147808399051
0.00936551601626
0.00950463395566
0.00859516602941
1.56470725313
0.014312268002
0.0686254180036
0.0084422568325
0.339533434017
0.00545845017768
0.00464751990512
0.00404164590873

layerTime
0.00440629292279
0.00924602802843
1.24664895493
0.00388089404441
0.0165570718236
0.987081937958
0.00429199193604
0.00418102415279
0.00482319900766
14.5031878001
0.00497269979678
0.359714687103
0.00464552408084
2.86512331199
0.00197641085833
0.0020216871053
0.00337695004418

checksumTime
0.00374859105796
0.00434432597831
0.0022015250288
0.00285331904888
0.00352783012204
0.00432702898979
0.0042368019931
0.00402866583318
0.00398065894842
0.00238523399457
0.00224095000885
0.00386677403003
0.00402820203453
0.00226736790501
0.00163752003573
0.00192557508126
0.017652573064




layer number :  17
22.2344272302
0.0675239730626

jsonTime
0.0080334439408
0.0285448378418
0.160278155003
0.00541857909411
0.00833696103655
0.116762579186
0.00847723404877
0.00833111605607
0.00793728698045
1.68920934503
0.00482113310136
0.0679721159395
0.0043276369106
0.283127396135
0.00517646013759
0.00460944906808
0.0126190090086

layerTime
0.00437933998182
0.00952020101249
1.60803651484
0.00204609404318
0.00264261988923
0.636040840996
0.00453588902019
0.00439179991372
0.00425036810338
14.3106726329
0.00232289708219
0.206526596099
0.00193169293925
2.86892145802
0.00208407081664
0.00214282912202
0.0035426041577

checksumTime
0.0038764080964
0.00423117517494
0.0032000830397
0.00199054297991
0.0018035909161
0.00429632584564
0.00413428992033
0.00374206202105
0.00362912099808
0.00206101196818
0.00187864992768
0.00210261601023
0.00187714002095
0.0151754368562
0.00188456103206
0.00182758178562
0.00951661705039




layer number :  17
21.310153449
0.0563382790424

jsonTime
0.00839553400874
0.00894034397788
0.182385622989
0.00541010103188
0.0163700219709
0.115792342927
0.0268239500001
0.00829765200615
0.00901262415573
1.55068067205
0.00491970684379
0.0799446550664
0.00489888410084
0.289643565891
0.00532961916178
0.00495981308632
0.00456520705484

layerTime
0.00422754790634
0.00454167695716
1.38736725412
0.002304936992
0.00459465896711
0.935800538864
0.00796498684213
0.00469289417379
0.00414758501574
14.163030718
0.00232646102086
0.216714126989
0.00210090703331
2.12343036802
0.00220290198922
0.00218343385495
0.0024780118838

checksumTime
0.00411032512784
0.00419247895479
0.00211408291943
0.00215237191878
0.00188501621597
0.00434850621969
0.00397167494521
0.00388987385668
0.00371061079204
0.00230108411051
0.00191519013606
0.0035432158038
0.00190127897076
0.00248400797136
0.00209547695704
0.00194795010611
0.00901394593529




