layer number :  18
45.5038019698
0.0580642109271

jsonTime
0.00811653793789
3.19539258094
0.0820308350958
0.0124588320032
0.0100455600768
0.317049181089
0.00467959488742
0.00435211206786
0.217219996033
0.00454579200596
0.00417454098351
0.927955318009
0.00531553803012
0.0134289099369
0.00422382983379
0.00396046414971
0.00436766911298
0.00423390907235

layerTime
0.00461406703107
25.373375637
0.0773527978454
0.00431289197877
0.0044406610541
3.2012344189
0.00205928296782
0.00185439898632
2.17590490612
0.00183943496086
0.00204204907641
9.69244328886
0.00222270702943
0.0041180010885
0.00189642515033
0.00209337682463
0.00179873593152
0.00178727298044

checksumTime
0.00388588407077
0.0189396990463
0.00407556304708
0.00367367500439
0.00356473587453
0.00200586509891
0.00173663697205
0.00165079394355
0.00210148491897
0.00187054998241
0.00162260211073
0.00216409494169
0.00188161013648
0.00211788597517
0.00176686188206
0.00172633305192
0.00147458794527
0.00886459788308




layer number :  18
43.4032889758
0.100011233939

jsonTime
0.00827306997962
2.8681244161
0.0599575580563
0.00625202502124
0.00506945583038
0.330043270951
0.00466472585686
0.00415821094066
0.219335151138
0.00485944282264
0.00442389119416
0.888451884966
0.00514561589807
0.00444319983944
0.00590432295576
0.00827352702618
0.0270793780219
0.00848268996924

layerTime
0.00453346897848
24.706262887
0.00504039600492
0.00234061293304
0.00204777205363
2.84205738199
0.00223725615069
0.00194418802857
1.72325319191
0.00238921307027
0.00204792898148
9.45365671604
0.00217842403799
0.00181819312274
0.00398633209988
0.00469249486923
0.00755038484931
0.00444206199609

checksumTime
0.00378995295614
0.00214274390601
0.00178993307054
0.00176141411066
0.0104421069846
0.00213327514939
0.001850330038
0.00161162787117
0.00289646908641
0.00202370691113
0.00196824385785
0.00200728909113
0.00170612614602
0.00154054793529
0.00399866793305
0.00378375616856
0.00431506917812
0.0161412018351




layer number :  18
44.2985034392
0.0562170890626

jsonTime
0.00837615900673
2.812461294
0.0405624040868
0.00630405498669
0.0051587941125
0.264622952091
0.00476475292817
0.0130684401374
0.217062367126
0.0055995718576
0.0129814550746
0.90097384504
0.00527612213045
0.00471883802675
0.0127671179362
0.00547461700626
0.0044941578526
0.00434567802586

layerTime
0.0045633201953
25.0042628371
0.0204076319933
0.0021823819261
0.00207823188975
2.93105700309
0.00202121213078
0.00402918085456
2.23514347593
0.00225787702948
0.00375432404689
9.62899337593
0.00237491400912
0.00213318900205
0.00403556600213
0.00208220002241
0.00232239020988
0.00445291399956

checksumTime
0.0040704018902
0.00238411081955
0.0019766620826
0.00171400094405
0.00182274496183
0.00218856194988
0.00200702087022
0.0021955629345
0.00217012013309
0.00187349994667
0.00198233290575
0.00231502996758
0.00190131505951
0.00190557795577
0.00216247700155
0.00200034701265
0.0018842748832
0.0167938880622




layer number :  18
45.3676643849
0.0540373909753

jsonTime
0.0307830199599
3.37071413198
0.0596372061409
0.00612339214422
0.00488452101126
0.294963952852
0.0126919669565
0.0045320848003
0.220581267029
0.0417405071203
0.0130496961065
0.992842728971
0.0169310050551
0.00471452297643
0.00416001980193
0.00391812413
0.012597569963
0.00453856796958

layerTime
0.00807181396522
25.0362186718
0.00446110079065
0.00195517204702
0.00200809701346
3.16652481304
0.00410750415176
0.00207968102768
2.24328758288
0.00222809705883
0.00395896099508
9.67858372699
0.00247005093843
0.00216635502875
0.00207477319054
0.0018676368054
0.00324673904106
0.00217357999645

checksumTime
0.00428556418046
0.00236020004377
0.00210176501423
0.00172315281816
0.00148648116738
0.00207060296088
0.00195121602155
0.00201061507687
0.00211513298564
0.00189238484018
0.00181271694601
0.0021045061294
0.00224799895659
0.00180693808943
0.00187290087342
0.0017374351155
0.00201413896866
0.0094448919408




layer number :  18
44.032789015
0.0554041659925

jsonTime
0.00835362216458
2.86651451909
0.0595228269231
0.00648063607514
0.00613502599299
0.26252473006
0.00508476211689
0.0047072567977
0.215068066958
0.00486680795439
0.0130256488919
0.903302096063
0.00512712192722
0.00499013392255
0.0126899031457
0.00442441087216
0.00395491300151
0.00431833299808

layerTime
0.00432873982936
24.926355602
0.00307701597922
0.00201076711528
0.00219745398499
2.96480993601
0.00226840004325
0.00197767117061
2.00893663196
0.00209257612005
0.00384152703919
9.60453579389
0.0021125911735
0.00180082395673
0.00404307199642
0.00218991516158
0.00189732899889
0.00213889894076

checksumTime
0.00375911709853
0.00200195400976
0.00208918191493
0.00187099003233
0.00180367287248
0.00237786886282
0.00207079504617
0.00188214192167
0.00217977212742
0.00182728399523
0.00192166492343
0.00209402805194
0.00161571498029
0.00174303003587
0.00205080094747
0.00175674795173
0.00171976396814
0.00921225803904




layer number :  18
44.5111965779
0.0568779159803

jsonTime
0.030562417116
2.971138136
0.0413002711721
0.00644622696564
0.00507471896708
0.32975039212
0.0136575240176
0.00466291420162
0.207921251887
0.00470356200822
0.0133434720337
0.873704168014
0.016104246024
0.00495030893944
0.00422944501042
0.00398232997395
0.0128048670013
0.00438373791985

layerTime
0.008237777045
25.2030513638
0.0201638718136
0.00192356202751
0.00200967886485
3.47083302704
0.00429814704694
0.00206780387089
1.71645527892
0.0017936960794
0.00393938785419
9.41052934993
0.00240772007965
0.00222980696708
0.00176829402335
0.00182614196092
0.00311841000803
0.00209588208236

checksumTime
0.00427976204082
0.00213428400457
0.00169132603332
0.00197766418569
0.00178393698297
0.00213913084008
0.0021676379256
0.0019250321202
0.00202406104654
0.00197623297572
0.00226617814042
0.00238691992126
0.00200424296781
0.00194279314019
0.00179753499106
0.00152801303193
0.00205331994221
0.00901467399672




layer number :  18
43.8068511819
0.0574087188579

jsonTime
0.00824882718734
3.19091521599
0.0393024408258
0.00615561194718
0.00489305495284
0.283822568133
0.0383207979612
0.00431221001782
0.228630968137
0.00462236395106
0.0126745358575
0.891713513061
0.00535694812424
0.00491522904485
0.0127025579568
0.00450678309426
0.0042520519346
0.00413728901185

layerTime
0.00409731687978
24.530728427
0.0353696111124
0.0020003200043
0.00215430813842
3.16811015992
0.00195105513558
0.00216124509461
1.71118249395
0.00206512608565
0.0037434999831
9.475915296
0.00201897486113
0.00224777497351
0.00396652915515
0.00229553389363
0.00199331599288
0.0019701118581

checksumTime
0.0034740450792
0.00229130103253
0.00209065503441
0.00183307100087
0.00216747284867
0.00207110098563
0.00207331590354
0.00191802182235
0.00223242398351
0.00176365207881
0.0020476130303
0.00219951290637
0.00173685397021
0.00195052404888
0.00200646184385
0.00198815017939
0.0019886540249
0.00844861404039




layer number :  18
43.527681242
0.0521673189942

jsonTime
0.0085585040506
2.94336108095
0.0596297108568
0.00588382896967
0.0143612960819
0.270817723125
0.004882263951
0.0041325238999
0.176983417012
0.00523345009424
0.00481158797629
0.880083502037
0.00526400492527
0.00454225298017
0.00413493602537
0.0042522449512
0.00440338300541
0.0145598500967

layerTime
0.00427711592056
25.093316803
0.00306522101164
0.00197693798691
0.00509913195856
2.95328729693
0.00208708806895
0.00209663412534
1.64580486994
0.00215186900459
0.00200451002456
9.28143345914
0.00200045201927
0.00198956509121
0.00200255587697
0.00196437304839
0.00211299792863
0.00417968910187

checksumTime
0.00356352305971
0.00229977909476
0.00179977319203
0.00194548885338
0.00204365793616
0.00234255311079
0.00202325498685
0.00200751796365
0.00322204595432
0.0017362178769
0.00173058500513
0.00255195586942
0.00161619507708
0.00183809897862
0.00195953599177
0.00176359410398
0.00202817190439
0.0107002789155




layer number :  18
44.0866075531
0.054776865989

jsonTime
0.00847668806091
2.88382976409
0.0595637650695
0.0059760089498
0.00516673503444
0.291007736931
0.0131495199166
0.00457521900535
0.225975103909
0.00474289013073
0.0132929538377
0.93227196089
0.00578869017772
0.00500721787103
0.0157005221117
0.00483770202845
0.00426383013837
0.0041264500469

layerTime
0.00422904989682
24.8946408071
0.00290059088729
0.00221004406922
0.00198926287703
2.97433264111
0.00412288494408
0.00192304188386
2.23349819705
0.00205975398421
0.00419384497218
9.35951687512
0.0021088628564
0.00244827498682
0.00230248901062
0.00213958299719
0.00204316480085
0.00199163705111

checksumTime
0.00396307301708
0.00223588291556
0.00192392501049
0.00185346696526
0.00174839212559
0.00226721400395
0.00209075212479
0.00166424107738
0.00212295493111
0.00192218506709
0.00214781612158
0.00229276786558
0.00188232911751
0.00196486501954
0.00193933094852
0.00190950394608
0.00174421700649
0.00797889195383




layer number :  18
44.5119845599
0.0544083258137

jsonTime
0.00809755502269
3.18967138906
0.0591404908337
0.0148581818212
0.00519999908283
0.302987215109
0.00486668013036
0.00464219995774
0.21415002807
0.00490200100467
0.00447566108778
0.879489151994
0.00517301494256
0.00452634203248
0.00394049892202
0.0126808329951
0.00451694405638
0.00400941097178

layerTime
0.00426248903386
25.1095875399
0.00335379107855
0.00526289711706
0.00223488500342
3.47892914084
0.00201433384791
0.00225684908219
1.74682953395
0.00226794788614
0.00186599977314
9.31162105617
0.00242858589627
0.00201431498863
0.00203395006247
0.00406953296624
0.00194911798462
0.00209535006434

checksumTime
0.00359407905489
0.00142273609526
0.00202459609136
0.00188950099982
0.00187341682613
0.0022794380784
0.00195376412012
0.00185126881115
0.00249413517304
0.00190390902571
0.00165581004694
0.00194373098202
0.00186387007125
0.00173926795833
0.00155883608386
0.00202591903508
0.00175089086406
0.00969612505287




