layer number :  37
173.258652811
0.0992610608228

jsonTime
3.20571005414
0.0595506310929
0.00546343997121
0.00415548193268
0.00443802494556
6.55630271486
0.0759312710725
0.00844138604589
0.249189062975
0.0310168999713
0.0346368600149
0.00711366697215
0.00761280907318
0.00729054491967
0.00856978306547
0.0074344931636
0.0230157379992
0.00748795107938
0.00732908886857
0.55227543693
0.00492807407863
0.00471841800027
0.00445487792604
0.00402395892888
0.0127755990252
0.00450322288089
0.0042529378552
3.10017518396
0.00515628699213
0.0798489011358
0.0176086481661
4.09934114595
0.125656394986
0.00906785391271
0.00845144293271
0.00850007985719
0.00842617196031

layerTime
27.4374406028
0.00303530599922
0.00201066117734
0.00197728700005
0.00212367903441
61.3221323651
0.250213084975
0.00443780701607
2.10948989284
0.0151439190377
0.00407071202062
0.00403358717449
0.00384996482171
0.00377200916409
0.00374125200324
0.00373668503016
0.0055339790415
0.00392679800279
0.00386158400215
4.5515141401
0.00199797400273
0.00215105898678
0.00193328107707
0.00189453014173
0.00343398703262
0.001818805933
0.00191295007244
30.4531267469
0.00233740801923
0.196657778928
0.00251817889512
27.7120719899
0.523091714829
0.00444224802777
0.00498131103814
0.00413880008273
0.00416912394576

checksumTime
0.00227275909856
0.00228652684018
0.00194496801123
0.00177839398384
0.00171439209953
0.00211537699215
0.0156015579123
0.004050106043
0.00444214115851
0.00349252996966
0.00377687788568
0.00354514690116
0.00349069712684
0.00350663182326
0.00314089492895
0.00333499186672
0.00355596700683
0.00350910099223
0.00342427100986
0.00257714791223
0.00177363492548
0.00198447005823
0.00176007603295
0.00155343580991
0.0019759661518
0.00192015618086
0.00157284503803
0.00237227603793
0.00206854194403
0.00207718391903
0.00231828610413
0.00201374315657
0.00646568415686
0.00391996698454
0.0038798970636
0.00397810805589
0.0188092500903




layer number :  37
187.704408993
0.094375265995

jsonTime
3.13822823297
0.0596171950456
0.00535032409243
0.00438568508253
0.00460580200888
7.34422951494
0.0943989530206
0.00880713807419
0.273926777067
0.0381343429908
0.00848535611294
0.0261669917963
0.00906233000569
0.00812490889803
0.00936042098328
0.00961550092325
0.00851468695328
0.0263893147931
0.00883348006755
0.590563911945
0.00525877787732
0.00509083992802
0.00479776202701
0.00470443302765
0.00442408397794
0.0146787341218
0.00504485890269
3.05588183901
0.0134779659566
0.0795479819644
0.0295169448946
3.94686549203
1.14715213911
0.0130734718405
0.00536712491885
0.00458074198104
0.00433770311065

layerTime
29.1535361351
0.00281150313094
0.00187281589024
0.0020543129649
0.00180197088048
66.6180429191
0.463044673903
0.00437573296949
2.04934690287
0.0216731210239
0.00454721902497
0.00766731915064
0.00420239102095
0.00415295409039
0.00473118200898
0.00416090711951
0.00429433188401
0.00649623409845
0.00468731089495
5.12180621992
0.00253929104656
0.00235327007249
0.00239661103114
0.00232441606931
0.00222773011774
0.00394461490214
0.00242537911981
32.3927070168
0.00418335711583
0.359285666142
0.00760061806068
30.3838325578
0.791441188892
0.00460159615614
0.0018823791761
0.0020299248863
0.00199116696604

checksumTime
0.00223723589443
0.00205220188946
0.00186973903328
0.00166837102734
0.00170761207119
0.0229630779941
0.00418641394936
0.00344931799918
0.00430938904174
0.00378612196073
0.00369356805459
0.00400713202544
0.00392133696005
0.00382901891135
0.00393935409375
0.00392441800795
0.00380518217571
0.00412562699057
0.00396185810678
0.00354880909435
0.0022880921606
0.00214591785334
0.00209630792961
0.00204864190891
0.00209098984487
0.00214331317693
0.00205448898487
0.00206857710145
0.00198190193623
0.00417992495932
0.00422984501347
0.00237377802841
0.00228091818281
0.00207985891029
0.00204789196141
0.00193881499581
0.00945633696392




layer number :  37
190.302772094
0.105740424013

jsonTime
3.11822088179
0.0594750731252
0.00520763499662
0.00435555493459
0.00426318706013
6.82349598804
0.104173493106
0.00449096900411
0.19627619395
0.0178312289063
0.0129424389452
0.00414284691215
0.00449657510035
0.00423701107502
0.00494585419074
0.00416918215342
0.0138318280224
0.00471582799219
0.00432560406625
0.433929434046
0.00762370997109
0.00758645380847
0.00739895203151
0.00705341110006
0.0228606360033
0.00771475094371
0.00744314608164
2.90269222087
0.00481697497889
0.0794322399888
0.0176808130927
3.90313495905
0.14951851801
0.00890968786553
0.00853498093784
0.00862805498764
0.0264894959982

layerTime
31.42237058
0.003035194939
0.00221969885752
0.00192476110533
0.00197738199495
68.4784466671
0.397931969026
0.00219244486652
1.1701273229
0.014203449944
0.00391240883619
0.00229549221694
0.0022042489145
0.00187968602404
0.00201887288131
0.00196873885579
0.00312191992998
0.00224462989718
0.00205031712539
5.10907032806
0.00402974593453
0.00375278200954
0.00402895081788
0.00388240790926
0.00624448992312
0.00396430306137
0.00378803582862
33.134054089
0.00208786013536
0.186672521057
0.00255739991553
31.071233735
0.983584354864
0.00450662197545
0.00453762500547
0.00435666693375
0.00779308006167

checksumTime
0.00239488296211
0.00228939508088
0.00182244414464
0.00156759796664
0.00159691786394
0.0135814668611
0.00782431801781
0.00191783113405
0.00212699617259
0.00204323814251
0.00221148109995
0.00215390580706
0.00194894499145
0.00165643286891
0.00165106798522
0.00167348305695
0.00198650103994
0.001629994018
0.00200209580362
0.00438672304153
0.00368632911704
0.0035031081643
0.00342871597968
0.0032455441542
0.00404711510055
0.003518801881
0.00310394517146
0.00209831306711
0.00207392685115
0.00221663992852
0.00199651508592
0.00407750206068
0.00540818716399
0.00418174709193
0.00438514002599
0.00400951202027
0.0185031900182




layer number :  37
191.527924656
0.0904859451111

jsonTime
2.71800806187
0.0600847371388
0.0103415369522
0.00880440394394
0.0271081409883
6.82094052597
0.0941593050957
0.00851074396633
0.251055462053
0.0399821139872
0.00911584496498
0.00848910305649
0.008106674999
0.00837279902771
0.0123610158917
0.00849154288881
0.00932707381435
0.00820923014544
0.0263368738815
0.588224587962
0.00880844797939
0.0264294848312
0.00882096495479
0.00880809314549
0.00980257685296
0.00849009701051
0.00810197787359
3.22012185212
0.0050225618761
0.0898022169713
0.0147707709111
3.94594844803
0.129136719974
0.00934616685845
0.00843714899383
0.00805605505593
0.00813372409903

layerTime
31.3447411181
0.00700225192122
0.00421433104202
0.00426435912959
0.0102453958243
69.5588850139
0.442345819902
0.0040677189827
2.04367566481
0.0217936618719
0.00445927097462
0.00448722485453
0.00438589300029
0.00441215606406
0.00453655910678
0.00443406705745
0.00434502307326
0.00410321890377
0.00621008710004
5.11346500996
0.0043013789691
0.00835075508803
0.0044135870412
0.00423560501076
0.00473684398457
0.0044613708742
0.00440822308883
32.895580428
0.00227409717627
0.166514941957
0.00359561201185
30.7521649341
0.527557523921
0.00424778205343
0.0044595580548
0.00422522495501
0.00437158392742

checksumTime
0.00208735489286
0.00417247391306
0.00391390710138
0.00405579200014
0.00393003411591
0.0251416510437
0.00422543799505
0.00387239013799
0.0116845581215
0.00399344111793
0.0037154450547
0.00397828104906
0.00394307798706
0.0223375030328
0.00412721699104
0.00367192109115
0.00390844396316
0.00362000707537
0.00386524293572
0.00415277015418
0.00371245108545
0.0040247249417
0.00363382697105
0.00410337396897
0.0039918681141
0.00373484217562
0.00378976296633
0.00210909498855
0.00184017093852
0.00213647307828
0.00207046000287
0.00212161894888
0.00625170115381
0.00425947806798
0.00362244294956
0.00360059994273
0.0162833940703




layer number :  37
197.245512434
0.110583705129

jsonTime
3.24501946196
0.104465415934
0.00509724998847
0.00421613198705
0.00823713000864
7.03137735697
0.0674515150022
0.00922302203253
0.242773063947
0.0559377861209
0.00437920494005
0.00459413789213
0.00416757003404
0.00475123594515
0.0138980860356
0.00476411706768
0.00411178101785
0.00377339310944
0.00398019701242
0.417459402001
0.00887861498632
0.00841756211594
0.0262264120393
0.00824855617248
0.00820386293344
0.00802614004351
0.00832259422168
3.11262095184
0.00903518381529
0.12435735506
0.011857467005
3.62061710702
0.558165726019
0.00791357387789
0.00717888516374
0.00711161200888
0.0217354591005

layerTime
32.1531030969
0.00252265809104
0.00214737094939
0.0020565611776
0.00423760805279
71.8256083489
0.351878381101
0.00440306402743
2.00401829695
0.0141623138916
0.00183412106708
0.00193822197616
0.00196924782358
0.00193506292999
0.00379602890462
0.0019796169363
0.00216903095134
0.00187815795653
0.00172082497738
5.26481160219
0.00458167609759
0.00419682101347
0.00791256991215
0.00422141491435
0.00415767705999
0.00414258101955
0.00440781679936
34.5840789091
0.00434648897499
0.44544201484
0.00483942590654
30.4683510431
0.993408377981
0.00360051100142
0.00356335681863
0.00353679200634
0.00637854705565

checksumTime
0.0158803581726
0.00183682888746
0.0015836530365
0.00263734883629
0.003847069107
0.0022014148999
0.00398918194696
0.00395182101056
0.0055782450363
0.0020213490352
0.00158680300228
0.00187745317817
0.00164852314629
0.00176125904545
0.0020306520164
0.00166300707497
0.0017893309705
0.00162744498812
0.00163320288993
0.00436801579781
0.00366064091213
0.00386114697903
0.00381810893305
0.00361364707351
0.00370909785852
0.00356376892887
0.00350394914858
0.00415870407596
0.00393500109203
0.00441719009541
0.0039234040305
0.00206558406353
0.00498808594421
0.00330174900591
0.00326623721048
0.00296296179295
0.0151193479542




layer number :  37
195.893601519
0.0894345180131

jsonTime
2.77394701191
0.0594024169259
0.00550912693143
0.00445888889953
0.0129397660494
7.05673266505
0.0676074209623
0.00448858295567
0.190254547168
0.0559812479187
0.00835218094289
0.00835227081552
0.00825709616765
0.0268637479749
0.00977240200154
0.00828725099564
0.00841162912548
0.00813597207889
0.00827156100422
0.616418396821
0.00724570988677
0.0217808410525
0.00782973296009
0.00741251395084
0.00707455188967
0.00686138402671
0.00664394907653
3.11669016816
0.00482627097517
0.091028905008
0.0297404320445
4.09096186003
0.133670249954
0.00437834020704
0.0041883920785
0.0042055780068
0.00427099899389

layerTime
33.013851126
0.0028375859838
0.00181946204975
0.00198166910559
0.00523466500454
70.2148082862
0.206694286084
0.00201904284768
1.94263672084
0.0218042521738
0.00439864699729
0.00420663808472
0.00463806395419
0.00756298098713
0.00448687886819
0.00437344308011
0.00452249799855
0.00438499986194
0.0047991250176
5.21167475614
0.00373545009643
0.00680353399366
0.00348429311998
0.00346914399415
0.00361679610796
0.00361922383308
0.00364359398372
35.001191956
0.00208184309304
0.167564871954
0.00723696895875
30.6024597988
0.687399052083
0.0021967778448
0.00220954394899
0.00197691214271
0.00178236002102

checksumTime
0.00210515712388
0.00195945310406
0.00166010600515
0.00168782193214
0.00215034279972
0.0131343218964
0.00205159606412
0.00188503600657
0.0151976430789
0.00415798090398
0.00388716417365
0.00358387990855
0.00385730294511
0.00429358612746
0.00407551904209
0.00387041992508
0.00417183083482
0.00384109606966
0.00383801013231
0.00364725594409
0.00315285893157
0.00346748204902
0.00346353999339
0.00317242904566
0.00315875094384
0.00317983608693
0.00316488789394
0.00216377689503
0.00180838396773
0.00414506392553
0.00383244617842
0.00215049111284
0.00241300882772
0.00195784401149
0.00177709991112
0.0017233309336
0.00809942791238




layer number :  37
192.340253033
0.148014595034

jsonTime
3.1490552621
0.0415823960211
0.00615249504335
0.00456545199268
0.00458276807331
7.22256365814
0.112736922922
0.0244839410298
0.257252810057
0.0354689578526
0.0268567882013
0.00847008707933
0.008144301828
0.0086632319726
0.00973131903447
0.00844568200409
0.0262942870613
0.00855656107888
0.00814541219734
0.594128475059
0.0046398260165
0.00455767009407
0.00437288102694
0.00425309711136
0.0128911270294
0.00455925799906
0.00397676299326
2.91730716801
0.311876631109
0.118013585918
0.0354132049251
3.72656260012
0.115319151897
1.01542565692
0.00835573417135
0.00856651412323
0.00857426389121

layerTime
29.3546521869
0.0201089510228
0.00187163893133
0.00204696995206
0.00196008197963
69.935637329
0.470155427931
0.0046360429842
2.06285831705
0.0221677641384
0.0101620808709
0.0046414968092
0.00447070109658
0.00445081107318
0.00445318105631
0.00432134303264
0.00774136697873
0.00417948700488
0.00447599496692
4.82939692889
0.00236558797769
0.00225658388808
0.00203873799182
0.00184445106424
0.00350380898453
0.00245813908987
0.00214126007631
34.0543629059
0.00458754599094
0.422219129046
0.00498052220792
30.4736207789
0.413302333094
0.00468245707452
0.00451475894079
0.00448319502175
0.00448680110276

checksumTime
0.0159187430982
0.00197804695927
0.00162103911862
0.0019831978716
0.00169997592457
0.00429564202204
0.0178410001099
0.00409351289272
0.00413358700462
0.00412946986035
0.00407133903354
0.00405778619461
0.00367117393762
0.00432122289203
0.00360661000013
0.00399236194789
0.00384217593819
0.00361786689609
0.00400186795741
0.00249257101677
0.00191452796571
0.00206639710814
0.00170578481629
0.00175015791319
0.00179659901187
0.00186110986397
0.00176602602005
0.00222056894563
0.00397890200838
0.00479194498621
0.00400664377958
0.00229158718139
0.0034038759768
0.00405933288857
0.00368382385932
0.00389418401755
0.0170065339189




layer number :  37
195.261640347
0.0976334579755

jsonTime
3.27106541907
0.0408553639427
0.00618341215886
0.00426656194031
0.00548469298519
6.50791783188
0.0472523388453
0.00440448801965
0.24410214508
0.0378021288197
0.00811384292319
0.00817586202174
0.0267811659724
0.00865654507652
0.00974727305584
0.00850011617877
0.0263675951865
0.00852787308395
0.00821405020542
0.5815564082
0.00873090699315
0.00840264884755
0.00847221305594
0.02215222409
0.00874249381013
0.026915497845
0.00902081909589
3.21668585995
0.0274509917945
0.1135887329
0.0307846209034
3.68463456398
0.127040876076
0.00840678298846
0.00731258909218
0.0073149651289
0.00755079300143

layerTime
32.6067973841
0.0204233061522
0.00215634098276
0.00220241304487
0.00181018305011
71.288870136
0.216808364028
0.00200699293055
2.02009009803
0.0204160450958
0.00436150701717
0.00425456790254
0.00747534516267
0.00432776194066
0.0045458918903
0.00434079603292
0.00646036700346
0.0045340959914
0.00439218990505
5.10841987398
0.00447943387553
0.00449824496172
0.00443548103794
0.00446295388974
0.0042705622036
0.00718958699144
0.00456752907485
33.6654232629
0.00926778302528
0.430724366102
0.00747121102177
30.4209450171
0.893926680088
0.00397709407844
0.00360680301674
0.00365754589438
0.00435797893442

checksumTime
0.00196039793082
0.00212689884938
0.00182727491483
0.00187177793123
0.00161015707999
0.0211284521502
0.00207261508331
0.00185726396739
0.00440785102546
0.00428243097849
0.00396393705159
0.00388450408354
0.00416181678884
0.00418520509265
0.00389391393401
0.00399677781388
0.00424686889164
0.00387904280797
0.00367764988914
0.00608870596625
0.00410431018099
0.00374121800996
0.00396886095405
0.00391631014645
0.00391536997631
0.00405291002244
0.00397467799485
0.00443003419787
0.00417537707835
0.0043000660371
0.00371853099205
0.00224422081374
0.00391532084905
0.00343847903423
0.00331709580496
0.00325668603182
0.0175100511406




layer number :  37
194.483186884
0.0965646631084

jsonTime
2.81491736579
0.0599630498327
0.00537548796274
0.00459898100235
0.00416511204094
6.81322663301
0.0673221561592
0.00874687614851
0.249506532913
0.0530403300654
0.00789361796342
0.00756415096112
0.00835979217663
0.00797536899336
0.00968843582086
0.024680149043
0.00799394701608
0.00751917483285
0.00754755595699
0.571918316884
0.00542232301086
0.00443907501176
0.00426655588672
0.0131105959881
0.00427400390618
0.00400560419075
0.00403662817553
2.89339610585
0.00579245411791
0.0788965970278
0.0112587211188
3.95101740211
0.140998911113
0.00974360504188
0.00846662186086
0.00806791102514
0.0266718599014

layerTime
32.0759296771
0.00281993020326
0.0019365651533
0.00206429790705
0.00194836687297
70.1154557161
0.218842705013
0.00459526991472
2.09564103908
0.0316306089517
0.00455652899109
0.00382797606289
0.00391868292354
0.00420070299879
0.00422430015169
0.00592098687775
0.00397790293209
0.00453371414915
0.00384898087941
5.47195672803
0.00197743205354
0.00199702591635
0.00193497398868
0.00367721007206
0.00187967321835
0.00195114989765
0.00200773496181
34.184779014
0.00226694485173
0.390009870054
0.00466619688086
30.6465816719
0.98494336498
0.00446004699916
0.00419071107171
0.00424096384086
0.0078069830779

checksumTime
0.00214884406887
0.00182835385203
0.00159424799494
0.00179385906085
0.00171859399416
0.0214087557979
0.00420841481537
0.00382020208053
0.00575735792518
0.0160504369996
0.0035469790455
0.00410277489573
0.00376125704497
0.00351001205854
0.00346306199208
0.00367946596816
0.00352463917807
0.00338488304988
0.00313108111732
0.00223707105033
0.00184693490155
0.00200378918089
0.00174648407847
0.00197305087931
0.00181795679964
0.00166186690331
0.00200139405206
0.00224711303599
0.00192358903587
0.00429736590013
0.0041737370193
0.00220090895891
0.00575304799713
0.0038655269891
0.00384644209407
0.00381312612444
0.0180904560257




layer number :  37
193.430333002
0.102929482004

jsonTime
3.12747038994
0.0843697690871
0.0107948288787
0.00817194813862
0.0087102020625
7.19099529297
0.103506932035
0.0268213551026
0.248484899988
0.0385838327929
0.0080298630055
0.0264310538769
0.00845077494159
0.00798537395895
0.00971775501966
0.00868931808509
0.00843216199428
0.0263309460133
0.00846949592233
0.586984012974
0.00877075898461
0.00913645420223
0.00854723993689
0.00885424111038
0.00812289817259
0.0264663500711
0.00864532217383
3.16654666606
0.0268753392156
0.108244664036
0.0302794130985
4.03207312501
0.15910502011
0.013232513098
0.00535557605326
0.00462387409061
0.00425770599395

layerTime
31.804574477
0.0468723969534
0.00457643903792
0.00429941900074
0.00483137788251
69.5844523192
0.452084223041
0.0161537011154
1.97140826192
0.0219661360607
0.00444141309708
0.00770352501422
0.00451852497645
0.0043912390247
0.00416414812207
0.00426292489283
0.00413501285948
0.00624704989605
0.00442513008602
4.51366717205
0.00432281312533
0.00452864798717
0.00439225602895
0.0042285239324
0.00431800284423
0.00679159699939
0.00446465681307
33.760687212
0.00922082178295
0.392516374821
0.00741516100243
30.3725070381
0.902623480884
0.00479266000912
0.00230384501629
0.00214113900438
0.0021983589977

checksumTime
0.0041302300524
0.00423212698661
0.00396206392907
0.00387739692815
0.00390333402902
0.0221343408339
0.00432099588215
0.0145790609531
0.0045162581373
0.00382919004187
0.00363675691187
0.00419908110052
0.00363583303988
0.00380638893694
0.00365439290181
0.00359824020416
0.00366471312009
0.00418336410075
0.00405346485786
0.00667328201234
0.0039595537819
0.00384099991061
0.00375976203941
0.00359374587424
0.00392634700984
0.00410207291134
0.0039756980259
0.00408431189135
0.00417727418244
0.00415370496921
0.00400287192315
0.0191741979215
0.00212427601218
0.00218194094487
0.0020237439312
0.0019608149305
0.00879029999487




