layer number :  6
30.747866028
0.0356273369398

jsonTime
0.00837003602646
3.23520522309
0.0601955079474
0.00649206410162
0.00430084601976
0.206594904885

layerTime
0.00461038481444
24.4486320869
0.00297683407553
0.00197976897471
0.00198678695597
2.70696722902

checksumTime
0.00383386504836
0.00216085906141
0.0022144978866
0.00179936503991
0.00165660213679
0.00988310901448




layer number :  6
31.478693743
0.0353268738836

jsonTime
0.00805387180299
3.07608133904
0.0409346141387
0.00560049293563
0.0131386930589
0.186088072835

layerTime
0.00417772307992
25.869366084
0.0201728770044
0.00225919508375
0.00572528294288
2.17967100302

checksumTime
0.00385048892349
0.00216202903539
0.00173910195008
0.00185542693362
0.00202823104337
0.0186951281503




layer number :  6
31.079452476
0.0322593941819

jsonTime
0.0309096178971
3.20143088396
0.0593007190619
0.00509919901378
0.00406696903519
0.189293707954

layerTime
0.00853116810322
25.326321122
0.00280475104228
0.00187274394557
0.00197332794778
2.1901293851

checksumTime
0.00422306591645
0.00201009307057
0.00207326398231
0.00184780196287
0.00196388503537
0.0115121428389




layer number :  6
31.5232632752
0.0374283110723

jsonTime
0.0090794749558
2.88757608901
0.0600089530926
0.0153610107955
0.00449299812317
0.213516955031

layerTime
0.00469741900451
25.7565469479
0.00642488105223
0.0053708171472
0.00221882993355
2.48606548109

checksumTime
0.00411236798391
0.00223555206321
0.00222633499652
0.00211984594353
0.00204774085432
0.0198052150663




layer number :  6
30.402747602
0.0319296228699

jsonTime
0.00829818705097
3.043095815
0.0591558720917
0.00570646114647
0.00478773284703
0.207736867014

layerTime
0.00435951980762
24.5780271071
0.00334085407667
0.0023096408695
0.00206319103017
2.42754704691

checksumTime
0.00413425709121
0.00232961890288
0.00202398281544
0.00206545111723
0.00191663904116
0.0102740190923




layer number :  6
30.223285811
0.0546820140444

jsonTime
0.0087827371899
3.0389209399
0.0413388649467
0.00561103387736
0.00460791611113
0.200919786002

layerTime
0.00475636590272
24.9890519851
0.0196255219635
0.0020322909113
0.00210787705146
1.82667879388

checksumTime
0.00408231304027
0.00234956899658
0.0020376611501
0.00198125303723
0.00195017294027
0.00998984510079




layer number :  6
30.7971774859
0.0414687269367

jsonTime
0.00870515895076
3.11728777993
0.0598282741848
0.00524679501541
0.0133631571662
0.180556782056

layerTime
0.0045829040464
24.8647429892
0.00605397997424
0.00209158007056
0.00549854896963
2.46382095781

checksumTime
0.00395133905113
0.00225249980576
0.00173990288749
0.00184465688653
0.00216899998486
0.0100286500528




layer number :  6
30.022719068
0.0358175789006

jsonTime
0.0324071089271
2.94455328397
0.0595307890326
0.00522286491469
0.00410914095119
0.202740229201

layerTime
0.00765912001953
24.8475976849
0.00724182999693
0.00205770507455
0.00195433804765
1.84674080787

checksumTime
0.00423445901833
0.00222670612857
0.00200443901122
0.00191396498121
0.00191922183149
0.0103337860201




layer number :  6
29.8961935339
0.0333407840226

jsonTime
0.0082647819072
2.8485709941
0.0412614180241
0.00534906890243
0.00426031695679
0.180032371078

layerTime
0.00435395212844
24.603220294
0.0198827281129
0.00206609792076
0.00183511595242
2.10915495805

checksumTime
0.00361031387001
0.00219909194857
0.00209871702828
0.00180127611384
0.00161003298126
0.0214471588843




layer number :  6
30.035709131
0.0394115520176

jsonTime
0.00888229184784
3.17078114999
0.0406129921321
0.00541019812226
0.00386191392317
0.193747831043

layerTime
0.00454948912375
24.370514239
0.0204777708277
0.00229648291133
0.00191883114167
2.14316832996

checksumTime
0.00377613608725
0.00216586492024
0.0018017210532
0.00195583701134
0.00182851497084
0.0161834699102




