layer number :  27
126.411889613
0.108864683192

jsonTime
0.00794605910778
2.93511672714
0.0598700479604
0.00579903204925
0.00501478393562
0.172705698991
0.00474329292774
2.80436900794
0.00558644882403
0.00479901395738
0.0222795649897
0.0046474209521
0.00448197801597
0.00398594816215
4.18658723403
0.00497119408101
0.00484157400206
0.00425164191984
0.0047391410917
0.0129958339967
1.42547627189
0.0132354400121
1.71420768695
0.0136555768549
0.125570559874
0.00487519195303
0.00416366802529

layerTime
0.00422285101376
24.290683463
0.0032257840503
0.00228398200125
0.00210354290903
0.895120530855
0.00222335802391
29.9651976801
0.00218081404455
0.00188041897491
0.0202492519747
0.00217551202513
0.00209722202271
0.00192033499479
31.1071361951
0.00216955086216
0.00227651488967
0.00187260005623
0.00189122790471
0.00377135095187
11.275182625
0.0040327059105
15.073127256
0.00445553706959
0.00237953313626
0.00205683917738
0.00184625806287

checksumTime
0.00382703286596
0.00223238603212
0.00214875186794
0.00169652909972
0.00172654516064
0.00348083605058
0.00203405111097
0.00214240700006
0.00170626514591
0.00163539196365
0.00224169716239
0.00205324590206
0.00164813990705
0.00179568585008
0.00213197199628
0.0019057081081
0.00194625207223
0.00160338496789
0.00178070599213
0.0021510401275
0.00215624202974
0.00218606111594
0.00215323409066
0.0022899210453
0.0020196728874
0.00166537985206
0.00824217800982




layer number :  27
127.50900289
0.161775020882

jsonTime
0.0343743099365
3.20286635193
0.0626503049862
0.0109194559045
0.00875970907509
0.249056552071
0.0131476819515
3.086942208
0.0140172811225
0.00470548612066
0.01449984801
0.0045833599288
0.0044445861131
0.0046468640212
3.75880191405
1.01204505214
0.00769994407892
0.0250278301537
0.00831604702398
0.00861513800919
1.65708856983
0.00520601891913
1.694830355
0.00524401222356
0.00442803604528
0.00462912302464
0.00443860399537

layerTime
0.0123358939309
24.4634620191
0.0409898408689
0.00398202100769
0.00389594491571
0.954239089973
0.00413954094984
30.462300088
0.00555969704874
0.00235941493884
0.0152990550268
0.00216453312896
0.00215949886478
0.00203522806987
30.4105952741
0.00440598884597
0.00401267199777
0.0076153120026
0.004303032998
0.00400231708772
11.07365861
0.00231857318431
14.863171397
0.00210241787136
0.00237992499024
0.00186883704737
0.00204320414923

checksumTime
0.00364003214054
0.00376158696599
0.00344931916334
0.00324111804366
0.00339886988513
0.00217965012416
0.00214742892422
0.00210898602381
0.0020333158318
0.00207917601801
0.00197497894987
0.00193894491531
0.00181644200347
0.00189500884153
0.00205926294439
0.00363398203626
0.00356023083441
0.00350633403286
0.00412291986868
0.00375159503892
0.00248270505108
0.00196114601567
0.0019917357713
0.00165460701101
0.00180424493738
0.00156985293142
0.00826495792717




layer number :  27
126.469629089
0.0725488408934

jsonTime
0.00802279403433
3.24224092392
0.0413943890017
0.0151536839548
0.00534349610098
0.186375451041
0.00435878685676
2.80268414505
0.00517392810434
0.0047919692006
0.0141659341753
0.00478077703156
0.0137252500281
0.00457147601992
4.39341452392
0.00549851288088
0.0127850531135
0.00503167905845
0.00406144792214
0.0047019100748
1.48384288209
0.00601726910099
1.677382814
0.00591435004026
0.0128240380436
0.00578598491848
0.00451340898871

layerTime
0.00427961884998
24.945476006
0.0195480999537
0.00554750999436
0.00237272004597
0.59386760788
0.0023315101862
30.0967254771
0.00244976091199
0.00219639181159
0.0149791508447
0.00208003586158
0.00493485713378
0.00237379898317
30.5906212099
0.00208546803333
0.00429728999734
0.00225767702796
0.00204751314595
0.00199365708977
11.2740810241
0.00215374887921
14.769530654
0.00231984304264
0.00374596612528
0.00226680887863
0.0018894309178

checksumTime
0.00364465313032
0.00214447407052
0.00206384505145
0.00233650486916
0.00196718098596
0.00216960906982
0.00195225281641
0.00209122779779
0.00202706200071
0.00186962401494
0.00185050605796
0.00199222099036
0.0021876739338
0.00175862410106
0.00229100813158
0.00193694396876
0.00205953791738
0.00180173688568
0.00195937789977
0.00162500678562
0.00227164290845
0.00165518000722
0.00230640196241
0.0019624249544
0.0019569050055
0.00201427307911
0.0083774169907




layer number :  27
125.930483507
0.0729779829271

jsonTime
0.0294507641811
3.00632651593
0.0603069409262
0.00610592914745
0.0046689431183
0.188433035975
0.00558881903999
3.05256167892
0.00612847693264
0.00564346788451
0.0224689298775
0.00552500714548
0.00410642405041
0.00410142494366
3.2581352198
0.0049646301195
0.00463965209201
0.00444603990763
0.00410313205793
0.0135735310614
1.45351645304
0.013475261163
1.71219554893
0.0142111920286
0.00435095303692
0.00521986093372
0.0044144669082

layerTime
0.00865447800606
24.632261805
0.00301607209258
0.00209124595858
0.00195864681154
1.15205626003
0.00193256791681
29.7966660862
0.00199636211619
0.00214149989188
0.0200652990025
0.00225382298231
0.00212521501817
0.00208043307066
30.4228957901
0.00189895392396
0.00220628408715
0.00186924613081
0.0019610049203
0.0037649939768
10.9354460929
0.00446526799351
15.8799949482
0.0044898011256
0.00216458109207
0.00205738702789
0.00222630915232

checksumTime
0.00445252284408
0.00217515113764
0.00192949385382
0.00174663495272
0.00187677703798
0.00215279706754
0.00189695204608
0.00203527789563
0.00207497505471
0.00191653519869
0.00229453993961
0.00201964494772
0.00187216396444
0.00180062605068
0.0021229989361
0.00202534697019
0.00152911292389
0.00162688991986
0.00158731802367
0.00214480003342
0.00230229599401
0.00197279988788
0.00208585383371
0.00183130986989
0.00193688389845
0.00185319408774
0.00894877803512




layer number :  27
128.817176538
0.0724780040327

jsonTime
0.0303955448326
3.14841211913
0.0597575870343
0.00598947401159
0.00618654489517
0.137071219971
0.0132254359778
3.3101509118
0.684192771092
0.00500703300349
0.0169062090572
0.00409173802473
0.00446234806441
0.0043878108263
3.2816118428
0.00471423915587
0.00429943599738
0.0129158860072
0.00463701598346
0.00460446299985
2.74528305186
0.00525619299151
1.66375607694
0.00529799400829
0.00434647593647
0.00462839799002
0.00428461795673

layerTime
0.00839714217
24.659629351
0.00270636286587
0.00209021009505
0.00220956001431
1.16771133407
0.00437212781981
30.3968441121
0.00653234589845
0.00207525887527
0.0125369429588
0.00206183688715
0.00197769701481
0.00201397598721
31.3699974171
0.00211060093716
0.0022702049464
0.00413278792985
0.00221950607374
0.00214718910865
11.112715262
0.00272732996382
14.7280945079
0.00233637588099
0.00187918404117
0.00190207501873
0.00227285898291

checksumTime
0.00408243085258
0.00228687399067
0.00195117294788
0.00197769701481
0.00193641800433
0.00227491813712
0.00211378419772
0.00223330501467
0.00216653407551
0.00160178611986
0.00172618101351
0.00165748293512
0.00187055906281
0.00180587521754
0.00183951994404
0.00179447000846
0.00201604096219
0.00203700806014
0.00182935688645
0.00167035707273
0.00216345116496
0.00206214096397
0.00210246513598
0.00199402309954
0.00189614505507
0.00165991904214
0.00830976595171




layer number :  27
126.054977382
0.0730263108853

jsonTime
0.00847351411358
3.17419358389
0.0600117738359
0.00636350293644
0.0139499739744
0.161094815005
0.00539159704931
2.99807258695
0.00645296601579
0.00469157611951
0.0148507750127
0.00460164714605
0.00516077899374
0.0127507059369
3.47201756411
0.00481129903346
0.00434897188097
0.0131397990044
0.00480035715736
0.00478868302889
2.12001361698
0.0055103818886
1.66916417098
0.00523288385011
0.00410228502005
0.00467336596921
0.00389441498555

layerTime
0.00420470093377
24.1524444572
0.00304268416949
0.00242453604005
0.00534959998913
0.896305787843
0.00227221800014
29.9039372171
0.00216374103911
0.00214958400466
0.0149235751014
0.00225829496048
0.00193513208069
0.00465729902498
30.758218067
0.00209867605008
0.00219733011909
0.00391181488521
0.001838022843
0.00199308805168
11.407271039
0.0019246940501
14.9403388891
0.00190207618289
0.00189229985699
0.0018550818786
0.00192821118981

checksumTime
0.00400982401334
0.00219044997357
0.00204398296773
0.00184654491022
0.00218830117956
0.00255058496259
0.00194236310199
0.00232858490199
0.00192457390949
0.00179646885954
0.00190135184675
0.00186349800788
0.00167340599
0.00203555892222
0.00216208887286
0.00197023199871
0.00181952607818
0.00236448296346
0.00188237894326
0.00166265503503
0.00209443410859
0.00171443191357
0.00206252699718
0.00165759399533
0.00200792611577
0.00167167000473
0.00873946002685




layer number :  27
126.369616431
0.072361534927

jsonTime
0.00817087711766
2.78499383992
0.0597766209394
0.00745280110277
0.0138790758792
0.223731342005
0.00432818406262
2.78204544401
0.00526222400367
0.0045639469754
0.0134564121254
0.00448606000282
0.00442253402434
0.012875252869
3.29858272895
0.00541478581727
0.00453719799407
0.0135992448777
0.0047836790327
0.00439763697796
2.58507212903
0.00538930413313
1.67604139308
0.0052489740774
0.00437544193119
0.00442616292275
0.00400561001152

layerTime
0.00430030981079
24.1981649941
0.00308396713808
0.0019165489357
0.00501252501272
1.37610897399
0.00202839192934
30.1263120319
0.00202295207419
0.00205846712925
0.0155064819846
0.00208288803697
0.00199092715047
0.00462953117676
30.7442919291
0.00219425116666
0.00189879909158
0.00398127199151
0.00219685398042
0.0021979638841
11.2962646459
0.00224447390065
14.881040673
0.00211344892159
0.00198932015337
0.00187589903362
0.00185739411972

checksumTime
0.00357601116411
0.00229916186072
0.00201673596166
0.00173999904655
0.00193539494649
0.0023585120216
0.00177107611671
0.00212792097591
0.00181619497016
0.00184543989599
0.00196591182612
0.00179056799971
0.00193130690604
0.00196244893596
0.00239328108728
0.00189006980509
0.0020437950734
0.00187795516104
0.00175908999518
0.00194141105749
0.00223337998614
0.00178449600935
0.00229662493803
0.00178033206612
0.0018349129241
0.00168020790443
0.0082676159218




layer number :  27
127.39127549
0.070913601201

jsonTime
0.00803881394677
3.24631518195
0.0601213069167
0.00615306105465
0.0140637350269
0.166336249094
0.00458277203143
3.26596000185
0.00613421294838
0.00510394317098
0.0136030791327
0.00450584990904
0.004360872088
0.0127761068288
4.27777276491
0.00473932595924
0.00533347809687
0.0128516331315
0.00483434903435
0.00470172287896
1.42054594494
0.00508348387666
1.69756757305
0.00572700705379
0.00473874411546
0.00512117915787
0.00401053903624

layerTime
0.00413997704163
24.5871732649
0.00327648199163
0.00219714595005
0.00527850794606
0.60626972001
0.00215457915328
30.2931875091
0.0021777630318
0.00195885077119
0.0154299109709
0.00181671488099
0.00196858402342
0.00444989302196
30.4415166471
0.00215351791121
0.00204036198556
0.00402836594731
0.00207416410558
0.00189201417379
11.7951570719
0.00211979611777
15.19251238
0.00246596895158
0.00216764002107
0.00224617496133
0.00230839801952

checksumTime
0.00372560508549
0.00195333408192
0.00192915112711
0.0020583209116
0.0020792579744
0.00219447491691
0.00203955196775
0.00225977599621
0.00206020497717
0.00171939004213
0.00189974508248
0.00190775608644
0.00196070596576
0.0021473930683
0.00223666103557
0.00200516404584
0.00211854488589
0.0021320648957
0.00204312196001
0.00165869598277
0.00212679919787
0.00202712696046
0.00224792491645
0.00206854497083
0.00193309783936
0.00184224685654
0.00890467013232




layer number :  27
129.795543452
0.0720129061956

jsonTime
0.00790336495265
2.92080294294
0.0416321640369
0.00662534497678
0.0137246139348
0.191250908189
0.0050784831401
3.19280928699
0.667064097943
0.00920045492239
0.0305697270669
0.00985308783129
0.00911067193374
0.0265849919524
3.95517653716
1.19559142599
0.00430060108192
0.0165277430788
0.00440096994862
0.00448182597756
1.4897112269
0.00509386486374
1.66871313588
0.00516840000637
0.00449700397439
0.00443965708837
0.00410474906676

layerTime
0.0040722261183
24.922823438
0.0202172859572
0.00224702898413
0.00523370504379
0.897658096859
0.00246304483153
30.67067188
0.00443976116367
0.00430522300303
0.013651846908
0.00418683700264
0.00444338005036
0.00954927201383
30.9396438459
0.00227580103092
0.00183850107715
0.0045044538565
0.00214972998947
0.00189933390357
11.3699205441
0.00213846308179
15.2544380641
0.00207630987279
0.00194400595501
0.00216618785635
0.00182758108713

checksumTime
0.00362900993787
0.00216319109313
0.00205137603916
0.00199522008188
0.00217641587369
0.00230459799059
0.00204979814589
0.00205335090868
0.0039774349425
0.00386637100019
0.00426160916686
0.0039666891098
0.00388723704964
0.00430211587809
0.00229800795205
0.00214210897684
0.00183791690506
0.00197201012634
0.00185033911839
0.00178676308133
0.00223002303392
0.00180643401109
0.00219950405881
0.0022793491371
0.00159642403014
0.00155363092199
0.00827807886526




layer number :  27
129.231628538
0.0697677230928

jsonTime
0.0086382990703
3.03209992102
0.0500952270813
0.00652099610306
0.00528266397305
0.202109455131
0.00491556315683
2.82455984596
0.63990036305
0.00473010586575
0.0229883720167
0.0049834959209
0.0040115728043
0.00436693197116
3.54728511511
0.00465826783329
0.00421743118204
0.00452638790011
0.00449859094806
0.0133151798509
2.74235525401
0.0138876538258
1.69321087399
0.0134934529196
0.0045560260769
0.00469401385635
0.00466626603156

layerTime
0.00443476694636
25.1690954361
0.0256488209125
0.00203420780599
0.00185410422273
0.858126788866
0.00197257194668
30.594407679
0.00217898492701
0.00196099607274
0.0201543041039
0.00219213799573
0.00211189314723
0.00190780195408
31.2198762328
0.00245925900526
0.00202749483287
0.00202786014415
0.00190430902876
0.00478912517428
11.3005135709
0.00411742413417
14.9897223411
0.00445632194169
0.00196881103329
0.00217301002704
0.00206671399064

checksumTime
0.0038510770537
0.00236207479611
0.00222054310143
0.0018217000179
0.00155148981139
0.00218505202793
0.00197160500102
0.00214729993604
0.00194890005514
0.00190082192421
0.0022455509752
0.00216785818338
0.0021970840171
0.00190765201114
0.00205022119917
0.00198420695961
0.00206156913191
0.00171103002504
0.00183252198622
0.00209670094773
0.00227557914332
0.00227865786292
0.00210267305374
0.00218111509457
0.00182328000665
0.00196235789917
0.00854163919576




