layer number :  22
69.7267958741
0.0722441030666

jsonTime
0.0304605530109
2.81655337685
0.0600372971967
0.00541568198241
0.00450805621222
0.00502760102972
1.54326336295
0.00583675480448
0.00529396301135
0.0047094640322
0.0139888778795
0.00495064491406
0.00466832402162
0.00525037408806
0.00407274300233
0.00421739602461
0.0126565250102
2.14147330308
0.232911481056
0.01717508398
0.004766512895
0.00425364496186

layerTime
0.00801447010599
24.885930612
0.00308454688638
0.00210571289062
0.00190736097284
0.00190063985065
15.891696861
0.00202885014005
0.00228673103265
0.0020143899601
0.004110311158
0.0019013651181
0.00197105901316
0.0019887839444
0.00193591392599
0.00185502693057
0.0031867059879
20.236872019
1.60718429903
0.00443164212629
0.00196207291447
0.00200623902492

checksumTime
0.00440262397751
0.00214566499926
0.00198486004956
0.00187198398635
0.00172096095048
0.00161583907902
0.00222168513574
0.00175797496922
0.00173029094003
0.00175730907358
0.00194744393229
0.00152563583106
0.00194435706362
0.00182989402674
0.00190161797218
0.00155202113092
0.00188826094382
0.00211072992533
0.00216155382805
0.00219494407065
0.00202588015236
0.00852074497379




layer number :  22
70.2650187151
0.0697122451384

jsonTime
0.0303492220119
2.9317330881
0.0601822969038
0.00541258882731
0.00406185910106
0.00421449705027
1.78828742309
0.00560015998781
0.00524790398777
0.00413940986618
0.0128790200688
0.00498974602669
0.00511397188529
0.00452098203823
0.00498412991874
0.00424874620512
0.0163319429848
2.31613928801
0.231702029007
0.0174910491332
0.00490151392296
0.00412855204195

layerTime
0.00822684401646
24.163535693
0.00293800304644
0.00211115600541
0.00198048097081
0.00188769190572
15.9885526819
0.00204376503825
0.00194290117361
0.00198051612824
0.00418456806801
0.00180937699042
0.00237483810633
0.00192279205658
0.00191815616563
0.00190921779722
0.00383797916584
20.8522814061
1.61245345604
0.00448233098723
0.0020754870493
0.0019551848527

checksumTime
0.00413447385654
0.00187119306065
0.00234874803573
0.00204743607901
0.00173392891884
0.00165904406458
0.012159998063
0.00194711587392
0.0016019269824
0.00171566591598
0.00195292383432
0.00158506608568
0.00168273597956
0.00162798189558
0.00200775382109
0.00170210003853
0.00183749082498
0.00216426304542
0.00216186488979
0.00227260799147
0.00201513594948
0.00834349007346




layer number :  22
68.866392331
0.0698482659645

jsonTime
0.0305783420336
3.000654198
0.0595930858981
0.00533193000592
0.00451330794021
0.00425999984145
1.63527625799
0.0050185858272
0.00591312302276
0.00428917608224
0.0128917139955
0.005031962879
0.00471821497194
0.00462695700116
0.00399874383584
0.00449681794271
0.0127484039403
2.02748204605
0.23310660501
0.0164465680718
0.00425999704748
0.00416813697666

layerTime
0.00829098792747
23.959360675
0.00279640010558
0.00215283711441
0.00203215703368
0.00191878597252
15.673319516
0.00212992099114
0.00193367199972
0.0018700431101
0.00419049616903
0.00238695414737
0.00194916804321
0.00197069486603
0.00186040112749
0.0018456610851
0.00302420207299
20.3647042629
1.61066165986
0.00413119606674
0.002186632948
0.00203280593269

checksumTime
0.00428917212412
0.00230790604837
0.0017851528246
0.00201282207854
0.00185892800801
0.00172098400071
0.00187518121675
0.00195091008209
0.00149738485925
0.00162694882601
0.00180778698996
0.0019027448725
0.00150954211131
0.00153496209532
0.00157411699183
0.0015010049101
0.00206751795486
0.00213488214649
0.0021595209837
0.00179078895599
0.00173180410638
0.00782131007873




layer number :  22
69.6341485919
0.0676672658883

jsonTime
0.0306477139238
2.99902903801
0.0597787650768
0.00557969883084
0.00419689505361
0.00408528908156
1.63781781099
0.00556893995963
0.00608142907731
0.00533644808456
0.0134387109429
0.00513264304027
0.00537438201718
0.00501114199869
0.00392953120172
0.00400283513591
0.0127593919169
2.13701047515
0.327470300952
0.0171360159293
0.00455294293351
0.00414741993882

layerTime
0.00802524294704
23.9391857749
0.00305061787367
0.00189846311696
0.00187468715012
0.00178929697722
15.6167111178
0.00229627196677
0.00197175890207
0.00231611100025
0.00385227007791
0.00211885012686
0.0023146639578
0.00220586010255
0.00212124781683
0.00208356790245
0.00339593808167
20.993729353
1.61576025607
0.00426390208304
0.00195453502238
0.00212005199865

checksumTime
0.00430248305202
0.00218794611283
0.00186113314703
0.00180991785601
0.00172127783298
0.00156713509932
0.00230283616111
0.00179992499761
0.00179512193426
0.00190388201736
0.00191331887618
0.00191843789071
0.00184500101022
0.00173275987618
0.00194335705601
0.00197969004512
0.00167662184685
0.00223898305558
0.00213298597373
0.00212714192457
0.00177383609116
0.0091917719692




layer number :  22
69.1118855421
0.0638186740689

jsonTime
0.0322440201417
2.85723366984
0.0592831601389
0.00518344901502
0.00409152591601
0.00500605511479
1.63773701503
0.00608813902363
0.00546074588783
0.00476509798318
0.00467613711953
0.014191014925
0.00476117013022
0.00477392412722
0.00416256301105
0.00393881299533
0.00391273503192
1.98885226692
0.227120107971
0.0165390679613
0.00422613392584
0.0042525541503

layerTime
0.0082817140501
24.1526376111
0.00356527091935
0.00199611810967
0.00219108816236
0.00202954490669
15.8261475922
0.0019499650225
0.00209016911685
0.00180289987475
0.0019287399482
0.00428123795427
0.00180018995889
0.00196514790878
0.00193427503109
0.0023645630572
0.00215599196963
20.7191562611
1.34978810488
0.00429514795542
0.0021589838434
0.00210622092709

checksumTime
0.00420171697624
0.00227809487842
0.00187763292342
0.00189027399756
0.00201542279683
0.00186486798339
0.00215816590935
0.00152415200137
0.00175634701736
0.0018397429958
0.00192774110474
0.00196609692648
0.00199184496887
0.00149639090523
0.00148876802996
0.00203199102543
0.00167290796526
0.00234444905072
0.00200985814445
0.00196870113723
0.00176794501022
0.0091494100634




layer number :  22
69.042455513
0.0644001960754

jsonTime
0.0308717610314
2.93536224007
0.0410787819419
0.00577831291594
0.00519532314502
0.0045848118607
1.59195638588
0.00560011412017
0.00584542891011
0.00476133287884
0.0130029788706
0.00551637401804
0.004965626169
0.00484766601585
0.00466914195567
0.00415753410198
0.0126339870039
1.99855916179
0.226883477997
0.0173641738947
0.0048554900568
0.00419342098758

layerTime
0.00834249891341
24.055439862
0.019620510051
0.00248207105324
0.00221490603872
0.00199670996517
15.7448591462
0.00229308195412
0.00211330200545
0.00200422410853
0.00418984517455
0.00202143890783
0.0019370468799
0.00202294508927
0.00194976199418
0.00202034297399
0.00325101590715
20.5092368731
1.61595869204
0.00420957710594
0.00199763895944
0.00206924485974

checksumTime
0.0038796570152
0.00224612210877
0.00200795195997
0.0022196918726
0.0017035449855
0.00176374311559
0.00209924788214
0.00181656703353
0.0016229620669
0.00175679801032
0.00193783198483
0.00165016390383
0.00179197103716
0.00197313493118
0.00177405797876
0.00171603495255
0.00205945619382
0.00205885688774
0.00219643814489
0.00211196788587
0.00176546908915
0.00926685403101




layer number :  22
70.388653703
0.0811257180758

jsonTime
0.0431266501546
2.85730825295
0.0599551631603
0.00529324519448
0.00429523806088
0.00425236299634
1.83165475982
0.00576641806401
0.00522681814618
0.00419637002051
0.0127521520481
0.00450944690965
0.0047188620083
0.00443139881827
0.00387349887751
0.00415680115111
0.0131604699418
2.23392708506
0.225799178937
0.0170827379916
0.00480087683536
0.00427046394907

layerTime
0.00833176798187
24.1676857909
0.00285556283779
0.00206172093749
0.0019084031228
0.0018405970186
15.500645844
0.00197384692729
0.00218438287266
0.0019752390217
0.00419784081168
0.00212049111724
0.00206240615807
0.00223316298798
0.0019890461117
0.00196865294129
0.00354972411878
21.5706131288
1.61479992885
0.00456745293923
0.00194238405675
0.00188882602379

checksumTime
0.00400059204549
0.00211469293572
0.0018493370153
0.00165909086354
0.00159069499932
0.00164391496219
0.00198535108939
0.00163193093613
0.00163233699277
0.00174552807584
0.00170303811319
0.00163668184541
0.00153342401609
0.00164674315602
0.0018916008994
0.00154853099957
0.00205137091689
0.00217498419806
0.00181464315392
0.00207224208862
0.00177819514647
0.00823780498467




layer number :  22
69.36727138
0.0660062180832

jsonTime
0.0303513009567
2.88799537392
0.0597296261694
0.0051818001084
0.0042352208402
0.00423630001023
1.73648961401
0.00627988995984
0.00580553710461
0.00435556005687
0.00440445612185
0.013104331214
0.00476387911476
0.00443134200759
0.00401594885625
0.00434304703958
0.0040383329615
1.99810627708
0.236906412058
0.0178625951521
0.00465137301944
0.00425979914144

layerTime
0.00797575898468
24.0907355272
0.00272908993065
0.00207356992178
0.00196538609453
0.0019460010808
15.875211786
0.00253803585656
0.00192108587362
0.00197662995197
0.00189766497351
0.00424096384086
0.00208880798891
0.00186007004231
0.00191819993779
0.00205422681756
0.00183958793059
20.568023229
1.61114457599
0.00437113083899
0.00199959194288
0.00197258987464

checksumTime
0.00380105595104
0.00208000582643
0.00205524987541
0.00163182010874
0.00192082696594
0.00186310894787
0.0118762881029
0.00200782902539
0.00173656106927
0.00182256591506
0.00200551887974
0.00191541505046
0.00185174285434
0.00155226909555
0.00176134216599
0.00177524308674
0.00171878701076
0.00208658189513
0.0022709639743
0.00208893604577
0.00187455699779
0.0097385130357




layer number :  22
69.0565543789
0.0653079668991

jsonTime
0.0367007639725
3.02201434597
0.0604105950333
0.00534929288551
0.00433479109779
0.00457069487311
1.57754491386
0.00507059204392
0.00656159105711
0.00433393684216
0.013197257882
0.00517449295148
0.00479075405747
0.00495311897248
0.0047474950552
0.0040219060611
0.0135732518975
1.98184866807
0.238328027073
0.0163986010011
0.00470007979311
0.00509483600035

layerTime
0.00472847884521
23.8107722211
0.00316732702777
0.00195250008255
0.0019388680812
0.00189842516556
15.779292145
0.00205406383611
0.00194748002104
0.00209130113944
0.00416619493626
0.00217175204307
0.00195020879619
0.00228436011821
0.0018647769466
0.00190179585479
0.00328219309449
20.673683678
1.60676416708
0.00435723783448
0.00213913014159
0.00207376806065

checksumTime
0.00406523304991
0.00215948699042
0.0019254880026
0.00158570287749
0.00179493497126
0.00179902999662
0.00219844700769
0.00184696307406
0.00171117903665
0.00166166201234
0.00187229504809
0.00167409610003
0.00155914807692
0.00166418985464
0.00176737410948
0.00158050912432
0.00199924083427
0.00210146093741
0.00215318799019
0.0019962831866
0.00190167501569
0.0081448268611




layer number :  22
69.5060703801
0.0676264250651

jsonTime
0.0306563489139
3.15559275006
0.0601198719814
0.00512582086958
0.00387650309131
0.00396648491733
1.66990504391
0.00584998400882
0.00549654499628
0.00470247492194
0.00444765016437
0.0131043971051
0.00517169199884
0.0046738430392
0.00411424203776
0.00412268191576
0.00401528598741
1.96798457508
0.249175328994
0.0166309669148
0.00434524496086
0.00441986205988

layerTime
0.00834068609402
24.6082224159
0.00315708294511
0.00207939418033
0.00219884188846
0.00200573308393
15.7166492741
0.00197400595061
0.0020867458079
0.00225172797218
0.00202211993746
0.00418769894168
0.00227860105224
0.00194482109509
0.00210182205774
0.00173791102134
0.00214765896089
20.453337
1.32065040199
0.0043581391219
0.00203463202342
0.00237680808641

checksumTime
0.00406229589134
0.00219013704918
0.0021765511483
0.00184149388224
0.00149435503408
0.00150464405306
0.0118869380094
0.00167731405236
0.00170096522197
0.00185200991109
0.00172275793739
0.00196431600489
0.00184075185098
0.00182487792335
0.00169534492306
0.00175124011002
0.00182297895662
0.00226844009012
0.00211596093141
0.00199300399981
0.00189168588258
0.00993183394894




