layer number :  12
124.768833393
0.0480243950151

jsonTime
2.28628719505
0.00979667785577
0.0103908258025
1.7055693299
0.00606251205318
5.63091922109
0.00628076889552
0.0130535438657
0.509137568995
0.0129995900206
0.00463032606058
0.00445981393568

layerTime
20.619501587
0.0043968281243
0.00461503397673
22.986914298
0.00199837307446
65.321631467
0.00208835606463
0.00494590611197
5.52618936705
0.00418300391175
0.00200257101096
0.00206510093994

checksumTime
0.00484871608205
0.00404893606901
0.00379667314701
0.00227819895372
0.00196625385433
0.00241406005807
0.00197056308389
0.00206241384149
0.00210693804547
0.0020749589894
0.00210402905941
0.00917776604183




layer number :  12
128.165762613
0.0447005219758

jsonTime
2.03320584702
0.0130128010642
0.00614010007121
1.47373440117
0.00480685499497
5.758652844
0.815438342048
0.00800645910203
0.618288071128
0.012847272912
0.00443831388839
0.00417296099477

layerTime
20.867251632
0.00476492801681
0.00206848001108
22.7393895509
0.00205210992135
68.122993316
0.00437037786469
0.004190888023
5.5582533339
0.0041346300859
0.00222005601972
0.00198974413797

checksumTime
0.00208096485585
0.00231638387777
0.0017800219357
0.00230742199346
0.00198444817215
0.0021578099113
0.00379453506321
0.0217710467987
0.00211183005013
0.00215156609192
0.00184987997636
0.00863192998804




layer number :  12
128.078839995
0.0578888370655

jsonTime
2.01742761093
0.00933265197091
0.010652448982
1.70504271705
0.0050188167952
6.17268970795
0.00566500495188
0.0168064618483
0.627475050976
0.0128532689996
0.0045757710468
0.00457534985617

layerTime
20.5402496851
0.00475240615197
0.0044150010217
22.8277138041
0.0115412250161
68.7979628351
0.00190154905431
0.00995036610402
5.159609864
0.00388032803312
0.00200973218307
0.00190997705795

checksumTime
0.0191374758724
0.00380027294159
0.00388930691406
0.00215737405233
0.00882519618608
0.00212847790681
0.00176283204928
0.00414265389554
0.00234560505487
0.00217208289541
0.00218416494317
0.00861042691395




layer number :  12
124.861783569
0.0425673129503

jsonTime
2.21181127895
0.00952602503821
0.0105837781448
1.71609811904
0.00569238117896
5.76244213409
1.22641424718
0.00878525502048
0.65117011196
0.0131219169125
0.00455641304143
0.00408565602265

layerTime
19.896600012
0.00433330587111
0.00439973198809
22.3719266278
0.00232486194
65.984483538
0.00480294995941
0.0042298650369
4.83684158116
0.00416185311042
0.0020478349179
0.00222560903057

checksumTime
0.0190625521354
0.00381919997744
0.00371712795459
0.00232587498613
0.0019755680114
0.0222338738386
0.00376992183737
0.00363826099783
0.0020823199302
0.00181504292414
0.00182740506716
0.00826216093265




layer number :  12
122.105736125
0.0444760539103

jsonTime
2.22471874789
0.0045649879612
0.00521467789076
1.67840439011
0.00544690992683
5.68549760804
0.0145760308951
0.00457212910987
0.500363286817
0.0138897870202
0.00527868093923
0.00429360219277

layerTime
20.1757852971
0.00200016493909
0.00210089888424
20.9807439959
0.0020454749465
64.988213989
0.00504064606503
0.00216447887942
5.71536171902
0.00416741590016
0.00224254396744
0.00189999490976

checksumTime
0.00220771995373
0.00183284119703
0.00151903810911
0.00216678413562
0.00199210899882
0.0022198650986
0.00209837197326
0.00176675408147
0.00203097006306
0.00200897920877
0.00187682989053
0.00922347488813




layer number :  12
123.96159286
0.0515581490472

jsonTime
2.24566023517
0.00911560910754
0.0106131220236
1.67832440115
0.00551487808116
5.46678671311
0.0102398670278
0.00835368898697
0.641828648979
0.00466674403287
0.0260198379401
0.00840398785658

layerTime
20.8093392949
0.00450607505627
0.00465395417996
21.060247753
0.00258255098015
66.548234208
0.00468589412048
0.00408770586364
5.27886301605
0.00238471198827
0.00843638996594
0.00454025599174

checksumTime
0.00438168388791
0.0039217218291
0.00390311679803
0.00219315779395
0.002152482979
0.00409664283507
0.00389138702303
0.00397054804489
0.00216357898898
0.0037110010162
0.00437162118033
0.0213294371497




layer number :  12
127.482123356
0.0412388129625

jsonTime
2.18455079803
0.00501030217856
0.00512988492846
1.51428565895
0.0133845929522
5.65034829197
0.0102594729979
0.00880852085538
0.625959449913
0.00461058295332
0.0138074799906
0.00454222410917

layerTime
21.2767397449
0.0021050258074
0.00195639999583
22.297521584
0.00437435810454
68.078029016
0.00470286700875
0.00443580397405
5.66520760302
0.00219950103201
0.00388514483348
0.00210816506296

checksumTime
0.00213203299791
0.00171822006814
0.00206506508403
0.00201675109565
0.00216298690066
0.0220584571362
0.00385561399162
0.00375865306705
0.0023056101054
0.00215829606168
0.00208982103504
0.00887735979632




layer number :  12
124.162132395
0.0481541377958

jsonTime
2.030262677
0.0088049848564
0.0101765559521
1.73090590001
0.00584685103968
5.66282506101
0.00552790495567
0.00442943209782
0.524186589057
0.00474774790928
0.00443166587502
0.0129792189691

layerTime
20.462060306
0.00459735607728
0.00447143800557
22.7719238589
0.00223962496966
65.664966526
0.00217697094195
0.00236053997651
5.14346683305
0.00202288804576
0.00199060002342
0.00444602104835

checksumTime
0.00437815999612
0.00454535614699
0.00447876099497
0.00214695208706
0.00187863199972
0.00222270097584
0.00159918097779
0.00166529789567
0.00244797999039
0.00216969707981
0.00212597101927
0.0107140471227




layer number :  12
123.806793685
0.0456000010017

jsonTime
2.18540222105
0.00489919097163
0.00535613577813
1.46702667512
0.00929746800102
6.26803308702
1.71233824082
0.00927097699605
0.646502552787
0.00481448695064
0.00495369290002
0.00411104690284

layerTime
20.4354126959
0.00219143996947
0.00227711815387
21.9106430199
0.00466117006727
63.417685118
0.00493307108991
0.0044657678809
5.61020692112
0.00208960706368
0.00184032390825
0.00208340096287

checksumTime
0.00211574905552
0.00190356117673
0.00173229491338
0.003970624879
0.00415610801429
0.00202290504239
0.00433749612421
0.00397522212006
0.00280020805076
0.00166747299954
0.00170212215744
0.0085966209881




layer number :  12
125.66316503
0.0421962679829

jsonTime
2.23539402592
0.0050904029049
0.00640856684186
1.49982928019
0.0272792510223
6.17338709603
0.00542352511548
0.00454821391031
0.51332136686
0.00465247198008
0.0042867239099
0.0193766150624

layerTime
21.0762356571
0.00243651913479
0.00203192210756
22.0309440198
0.00857436214574
66.3259025041
0.00210339389741
0.00198094709776
5.62920492399
0.00228774710558
0.00198905100115
0.00240030698478

checksumTime
0.00236704805866
0.00191954197362
0.00199083890766
0.00336463004351
0.00423405179754
0.00214354787022
0.00197293213569
0.0019618649967
0.002023949055
0.00190931092948
0.00177896907553
0.00856784800999




