layer number :  11
213.823926123
0.0429794290103

jsonTime
1.61965186289
0.00477537908591
0.262513922993
1.76298383297
4.69734800397
0.00512974197045
0.0193128290121
0.00447807507589
12.755391692
0.0386331179179
0.0148212080821

layerTime
16.364099591
0.00216331891716
2.982732984
18.44765238
52.8075250741
0.0021239540074
0.020881535951
0.001800006954
101.862949284
0.0225918279029
0.00459200912155

checksumTime
0.00221113208681
0.00213269796222
0.0052265340928
0.00439640693367
0.00204570405185
0.00184974703006
0.001936100889
0.00181916099973
0.0317869030405
0.00391306099482
0.0176967449952




layer number :  11
208.782600138
0.0392454471439

jsonTime
1.61556071485
0.00465889088809
0.258845234988
1.44459196413
4.25665413495
0.00480318418704
0.0191690721549
0.00457318802364
12.6642588321
0.0226055791136
0.015426519094

layerTime
15.8945611741
0.00193339702673
2.71065342682
18.711713478
52.656117575
0.00200482597575
0.0205802039709
0.00209702900611
98.328026288
0.0223645819351
0.00496577401645

checksumTime
0.00203534704633
0.00158332311548
0.00223096599802
0.00207714294083
0.0127012389712
0.00174516788684
0.00212364597246
0.00200736988336
0.0273066349328
0.00400782097131
0.0175680269022




layer number :  11
209.492832171
0.0445835329592

jsonTime
1.62473743898
0.0094646688085
0.305428677937
1.42584701488
4.75764879212
0.00480284914374
0.018632463878
0.004656793084
13.5338281051
0.0111532530282
0.00777968298644

layerTime
16.18899061
0.00438831700012
2.93866650295
18.1829888602
52.7770344098
0.0021121269092
0.0209485751111
0.0020406160038
97.5604858659
0.00870392587967
0.00242230994627

checksumTime
0.00423888419755
0.00382547220215
0.00301604904234
0.00421347492374
0.00216143997386
0.00197924510576
0.00199630390853
0.00194642390124
0.0197363081388
0.00180013896897
0.00892447307706




layer number :  11
214.406558691
0.022450625198

jsonTime
1.21223922516
0.00493146805093
0.26230315119
1.68189071189
4.28873472102
0.00481799594127
0.0197192679625
0.0132780980784
13.3416170871
0.0382016671356
0.0190723871347

layerTime
15.7630837769
0.00218334211968
2.9739025638
19.1720834451
53.512098969
0.00243716407567
0.0207641399466
0.00525526003912
101.934752073
0.0226425458677
0.0154654120561

checksumTime
0.00229357788339
0.00190827785991
0.0027750171721
0.00215449789539
0.00228796410374
0.00217838794924
0.00194215797819
0.0021618749015
0.0328194359317
0.00395313999616
0.017176895868




layer number :  11
209.496929996
0.0446842249949

jsonTime
1.65254749311
0.00477489409968
0.233036145102
1.86720892182
4.72781754402
0.00883108819835
0.0368720691185
0.00756836007349
12.0794180562
0.0222185200546
0.0129100051709

layerTime
16.0359399989
0.00233838683926
3.06671083788
19.0111719072
51.955379325
0.00390494382009
0.016450694995
0.00387023296207
98.5825827729
0.0223479170818
0.00426400988363

checksumTime
0.00301254400983
0.00197267904878
0.0060044801794
0.00276252580807
0.0160676559899
0.003567148
0.00317742396146
0.00322332791984
0.0322360428981
0.00372568285093
0.0165143490303




layer number :  11
214.89914467
0.0408294890076

jsonTime
1.60734238802
0.00473245303147
0.249013273977
1.37630903185
4.33299151203
0.00499035022222
0.0190931828693
0.0134689051192
12.6020330701
0.019137512194
0.0073418749962

layerTime
15.8595982229
0.00212951609865
2.73686783621
18.9112633711
52.678713561
0.00233708787709
0.0203941289801
0.00542632699944
104.32222177
0.0142914238386
0.00235429801978

checksumTime
0.00234998599626
0.00199773581699
0.00262523000129
0.00194371491671
0.00206983182579
0.00172067806125
0.00164060504176
0.0018681739457
0.0213762628846
0.0167785130907
0.00989781296812




layer number :  11
214.229212781
0.0443469579332

jsonTime
1.59916898212
0.0135171138681
0.256050232099
1.40577932913
4.46980047901
0.00866871606559
0.0421979599632
0.00826557981782
13.3787244339
0.0226963590831
0.0145167289302

layerTime
15.1833824029
0.00457195308991
2.73492602492
18.983841283
54.0161079052
0.00431536999531
0.0220863749273
0.00441303406842
101.88814366
0.0227289400063
0.00507372012362

checksumTime
0.00231397617608
0.00198092288338
0.00230067898519
0.00274977483787
0.0144834758248
0.00432192906737
0.00396767212078
0.00368334213272
0.0227117289323
0.00374526786618
0.0319135219324




layer number :  11
208.769337505
0.0455490280874

jsonTime
1.66964170709
0.00621966389008
0.216394665884
1.89367316989
4.24690751219
0.00478826393373
0.0203776629642
0.00463490909897
12.7668943061
0.0131311640143
0.00836881482974

layerTime
15.915353141
0.00226799305528
2.42197843012
18.5490123441
50.644922802
0.00226658512838
0.0203177169897
0.0020133019425
100.258269199
0.00689599104226
0.00235894718207

checksumTime
0.0024077410344
0.0019017260056
0.00588571000844
0.00233290484175
0.00211354391649
0.00205199792981
0.00192468706518
0.00176247884519
0.0144295850769
0.00199953303672
0.00856657791883




layer number :  11
216.847722595
0.0582956317812

jsonTime
1.64385690214
0.00483529106714
0.204146327917
1.55459379079
4.164782512
0.00913992896676
0.0428249309771
0.00866237911396
13.4848419852
0.0107053169049
0.00814509484917

layerTime
16.984878717
0.00209843995981
2.78094637906
18.884581926
52.770183899
0.00441315420903
0.0154053198639
0.00436041690409
104.1262704
0.00906355609186
0.00220852601342

checksumTime
0.00279608089477
0.0019773170352
0.00295884115621
0.00222284905612
0.0146591239609
0.00391244795173
0.00412169098854
0.00378401600756
0.019818918081
0.00207681697793
0.00837104907259




layer number :  11
204.154030059
0.0420541560743

jsonTime
1.60916854697
0.00979204499163
0.286318398081
1.76934092306
4.5787333441
0.00569282379001
0.0186475259252
0.0134616640862
12.2650675951
0.0455489198212
0.0147015880793

layerTime
16.007249146
0.00445898505859
3.08947792696
17.7884190341
49.597229304
0.00247869919986
0.0210099020042
0.00529686384834
96.8887090138
0.00509771914221
0.00485895387828

checksumTime
0.00415757414885
0.00390321691521
0.00348180485889
0.00417505088262
0.00234034005553
0.00195243791677
0.00194237404503
0.0022753290832
0.0329251391813
0.00386691698804
0.0183534019161




