layer number :  21
86.0918709959
0.0709986519068

jsonTime
0.0307205389254
3.19645703398
0.0597550570965
0.00705805490725
0.0055683311075
0.329171701102
0.00919323298149
0.0268477951176
0.00887491181493
0.00806915387511
4.39096806594
0.0133815188892
2.3750889462
0.00500009208918
0.00540657690726
0.00488362903707
0.00467332894914
0.013209692901
0.00585767300799
0.00428713089786
0.00417574099265

layerTime
0.00802000099793
26.5699828032
0.00768518797122
0.00213088211603
0.00224374700338
3.21781142801
0.00442310003564
0.00912556401454
0.00418559112586
0.00427481904626
32.2500917329
0.00444769207388
13.347323003
0.0019971600268
0.00209090602584
0.00211020885035
0.00182931288145
0.00361040816642
0.00208387407474
0.00195499416441
0.00175602012314

checksumTime
0.00418291892856
0.0022073998116
0.00246258010156
0.00190275488421
0.00166652281769
0.00422816793434
0.00395694491453
0.004166044062
0.00378785608336
0.00401922501624
0.00225292518735
0.00210514082573
0.00245741987601
0.00181786995381
0.00182943209074
0.00164421112277
0.0017027601134
0.00202929484658
0.00190382497385
0.00191742391326
0.00890022190288




layer number :  21
83.9586429459
0.07320289989

jsonTime
0.00840081111528
3.42423293483
0.0596711100079
0.00708913500421
0.00559607706964
0.315768349916
0.00747691700235
0.00466609490104
0.00503944512457
0.00518893380649
3.61499843304
0.00542376516387
1.47892118199
0.0137892891653
0.00514119095169
0.00462403497659
0.00470504397526
0.00465304008685
0.00629946915433
0.013862069929
0.00449680699967

layerTime
0.00492213200778
25.3489712891
0.00842553121038
0.00224153092131
0.00195273500867
3.61665651412
0.00255628209561
0.00243821297772
0.00233133486472
0.00211167614907
33.038831295
0.002125532832
12.777095868
0.00442302087322
0.00215252302587
0.00233690394089
0.00194464903325
0.00211082398891
0.00192351895384
0.00338475592434
0.00204213405959

checksumTime
0.00392142403871
0.00218601082452
0.00230887695216
0.00199551391415
0.00202348502353
0.00233082287014
0.00206107110716
0.00196576397866
0.00202637212351
0.00194818689488
0.00240826397203
0.00199689017609
0.00225192983635
0.00221409508958
0.00191659899428
0.00203442410566
0.00192471384071
0.00191287091002
0.00164470402524
0.00217527314089
0.0088398498483




layer number :  21
83.7920567871
0.0574567860458

jsonTime
0.0369641031139
3.05484781391
0.0594551730901
0.0126753179356
0.0101801659912
0.360853435937
0.0146614420228
0.00471707200631
0.00459314510226
0.00439882907085
3.28843358904
0.00478673609905
1.48251433717
0.00489329383709
0.00516110379249
0.0048957739491
0.00480411015451
0.0143945980817
0.00578296813183
0.00427350308746
0.00500891404226

layerTime
0.00478851492517
25.8962995519
0.0145454159938
0.00467095989734
0.00423689791933
3.06562860287
0.00447720498778
0.00222010514699
0.00224163592793
0.00192922190763
33.4331223529
0.00217511598021
12.8271349499
0.00222671707161
0.00214389315806
0.00229542795569
0.00195079203695
0.00389302195981
0.00240447791293
0.00210663396865
0.00213404209353

checksumTime
0.00463213701732
0.00199302006513
0.00404173205607
0.00375591218472
0.00355357909575
0.00210976600647
0.00232048099861
0.00206869491376
0.00180168496445
0.0018207160756
0.00691994698718
0.00203433283605
0.00225627212785
0.00201332313009
0.0017309889663
0.00191581598483
0.00172078283504
0.0021346739959
0.00197301991284
0.00186277995817
0.00925938296132




layer number :  21
85.6438493552
0.0853153690696

jsonTime
0.00776217808016
3.09343075706
0.0601222959813
0.00655850186013
0.00532815884799
0.293612811016
0.00463178497739
0.00406754086725
0.00408323504962
0.00411305809394
4.15721896593
0.778594288975
1.7486871588
0.00487120007165
0.0148829990067
0.00502146198414
0.00476426491514
0.00468675699085
0.00490835797973
0.00431425403804
0.0130524870474

layerTime
0.00415630987845
25.903096786
0.0082338929642
0.00207182997838
0.00205156812444
3.34898412903
0.00222167605534
0.00196271506138
0.00192838907242
0.00193962198682
33.0214724259
0.00443528802134
12.9589096622
0.00226845801808
0.00457378500141
0.00210931291804
0.00247172499076
0.00212304899469
0.00199299491942
0.00180721492507
0.00336391711608

checksumTime
0.00355557003058
0.00211165403016
0.00203209510073
0.0017737261951
0.00173624884337
0.00203528511338
0.00162898492999
0.001717092935
0.00179953686893
0.00160418008454
0.00226710503921
0.00375270517543
0.00214636186138
0.00194867397659
0.00196521100588
0.00181808811612
0.00174997397698
0.00169801712036
0.00171365099959
0.0015170800034
0.00924285897054




layer number :  21
82.9785423488
0.0651540770195

jsonTime
0.0310181919485
3.13333608699
0.0598083199002
0.0063640079461
0.00550135807134
0.311637087027
0.00461364607327
0.013079544995
0.00463327183388
0.00460350094363
3.24988352181
0.0131140120793
1.43976589292
0.00475282291882
0.00459819007665
0.00458393292502
0.0044723120518
0.0140282881912
0.00573256891221
0.00448557105847
0.00432160915807

layerTime
0.00806473311968
25.8464655641
0.00761180603877
0.0021750300657
0.00209841807373
3.27748947404
0.00207367981784
0.00415247119963
0.00210763607174
0.00205407105386
32.553636654
0.00409907288849
12.8061633671
0.00232728617266
0.00218227203004
0.00194022222422
0.00197216984816
0.0037507598754
0.00197200407274
0.00200765999034
0.00199191598222

checksumTime
0.00444955285639
0.00231893896125
0.00209568510763
0.00195877091028
0.00176532985643
0.00235915998928
0.00207350100391
0.00196675700136
0.0018712610472
0.00197903602384
0.00203081197105
0.00204213312827
0.00226479093544
0.00195770082064
0.00168688595295
0.00188261992298
0.00175393396057
0.00215002801269
0.00165022001602
0.00183909991756
0.00901628681459




layer number :  21
86.3255875281
0.0977717780042

jsonTime
0.00838135182858
2.81234028912
0.0605233309325
0.0061531518586
0.00560591882095
0.312207403127
0.00447582895868
0.0043242580723
0.00437465310097
0.00436556804925
4.03246243112
0.858798708068
1.76771697891
0.00473061716184
0.0181094610598
0.00517461798154
0.00464956299402
0.00466395216063
0.0056125309784
0.00510523188859
0.0175786500331

layerTime
0.00414622412063
25.978232404
0.00345961400308
0.00195567100309
0.00193190900609
3.60661610984
0.00219236989506
0.00226105703041
0.00188446301036
0.00199235486798
33.651189365
0.00450059189461
12.9444022682
0.0024003169965
0.0046103389468
0.00211229012348
0.00217982218601
0.00188776990399
0.00220105308108
0.00195209588856
0.00423185201362

checksumTime
0.00358284590766
0.00201538694091
0.00201737112366
0.00153154716827
0.00159729202278
0.0021608711686
0.00192928197794
0.0020347579848
0.00163807393983
0.00161296594888
0.0021862059366
0.0038582731504
0.00220549083315
0.00219235685654
0.00218668603338
0.0018826178275
0.00201278482564
0.00187365105376
0.00184926600195
0.00182993616909
0.010102635948




layer number :  21
85.9279735691
0.0624147411436

jsonTime
0.00821738014929
3.30438612821
0.0608726870269
0.0156666899566
0.00538039510138
0.297323056962
0.00478599593043
0.0044625280425
0.00441616401076
0.0127856479958
3.72841321095
0.00643294607289
2.77474961802
0.0129600588698
0.00497192912735
0.0047570259776
0.00524374702945
0.00453587295488
0.00518057192676
0.0130945739802
0.00482213287614

layerTime
0.00406954297796
26.204583518
0.00809064507484
0.0055754291825
0.00229730596766
3.24332441902
0.00222206185572
0.0019754099194
0.00192704517394
0.00324943615124
32.7261509739
0.00376604497433
13.3016188471
0.00417894101702
0.00183753599413
0.00206980411895
0.00201346585527
0.00193931814283
0.00203963113017
0.00334810907952
0.00217476091348

checksumTime
0.00397196784616
0.00238043488935
0.00194545090199
0.00192893482745
0.00193947693333
0.00253775320016
0.00196799705736
0.00170273496769
0.00184942083433
0.00196441402659
0.00238531595096
0.00323374499567
0.00221500801854
0.00214842497371
0.00172355491668
0.00173759600148
0.00159180606715
0.00174225587398
0.00168819190003
0.00246541411616
0.00872323312797




layer number :  21
84.5927397131
0.0643840390258

jsonTime
0.0318198211025
2.81878931099
0.060127110919
0.00615921802819
0.0048505589366
0.306369201979
0.00741461687721
0.0127736560535
0.00436299294233
0.00445776781999
3.77623064304
0.0131377039943
1.49022695306
0.00525559484959
0.00503747491166
0.00498514296487
0.00490851211362
0.0152982959989
0.00583861512132
0.00515259592794
0.00459547806531

layerTime
0.00795280793682
26.055581216
0.00292499712668
0.00194009998813
0.00212949397974
3.5902005469
0.00214620819315
0.00431474903598
0.0019432050176
0.00205489317887
33.1318300881
0.00405577803031
13.0608005039
0.00220606499352
0.00227829394862
0.00209880201146
0.00214738794602
0.00416996912099
0.00226365891285
0.00239206291735
0.00257831602357

checksumTime
0.00411883997731
0.00221989303827
0.00211426685564
0.00187434908003
0.0018828031607
0.00211185403168
0.00177612993866
0.00201383186504
0.00208385614678
0.00177820585668
0.00204196199775
0.00180559186265
0.00234557315707
0.00207868707366
0.00203488115221
0.00182789191604
0.00180828198791
0.00216555083171
0.00186302512884
0.00201374199241
0.00881494302303




layer number :  21
85.9048214972
0.102373496164

jsonTime
0.00828609592281
3.05311030382
0.0399022260681
0.00681704701856
0.00554655492306
0.275912339101
0.013110587839
0.00446918606758
0.00402475893497
0.00422586104833
3.59339985903
0.00473692198284
1.49926395109
0.00506311096251
0.00438643805683
0.00491801393218
0.00429459800944
0.0136533558834
0.0052930531092
0.00418482790701
0.00424994993955

layerTime
0.0047668220941
26.7267845292
0.0456366180442
0.00240558502264
0.00238640606403
3.41846290883
0.0042351980228
0.0022396040149
0.00202949997038
0.0018584758509
33.1193147691
0.00214121607132
13.835577874
0.0022443390917
0.00209020101465
0.00187982292846
0.00199478585273
0.00360129098408
0.00197879387997
0.0022908791434
0.00241475994699

checksumTime
0.00393674406223
0.00231273192912
0.00214032782242
0.00189605401829
0.00207695201971
0.0021372991614
0.00215706904419
0.00190708902664
0.00171277904883
0.00188390305266
0.00701662292704
0.00208116695285
0.0021940479055
0.00205852789804
0.00170856108889
0.00177758908831
0.00168069219217
0.00172374397516
0.00172345107421
0.00178991002031
0.00968355406076




layer number :  21
84.7183563318
0.0639747448731

jsonTime
0.0308103298303
2.81715466385
0.0405101878569
0.00651785498485
0.00509076286107
0.291869718116
0.00487794098444
0.0127635728568
0.00492652389221
0.00475591281429
3.18536270107
0.0134445668664
1.47852027207
0.00500824907795
0.00491972011514
0.00547363888472
0.00497754989192
0.0146741401404
0.00579461804591
0.00459013390355
0.00427273404785

layerTime
0.00788232497871
26.8586255701
0.020500295097
0.00234443298541
0.00210283603519
3.05523596704
0.00216459506191
0.00499043497257
0.00243235495873
0.00263617304154
33.70350591
0.00425072922371
12.9680275009
0.00224325596355
0.00201292987913
0.00226539908908
0.00235324515961
0.0040314248763
0.00242683012038
0.00220198696479
0.00218128110282

checksumTime
0.00419361121021
0.00215683202259
0.00189642608166
0.00166759896092
0.00167840602808
0.00219516991638
0.00184880103916
0.00246994011104
0.00220085517503
0.00216508400626
0.00217480701394
0.00211132387631
0.00226133293472
0.00167342601344
0.00194374215789
0.00208062492311
0.00196452788077
0.00205940497108
0.00213615293615
0.00189834600314
0.00891288486309




