layer number :  28
147.688814964
0.0959624189418

jsonTime
0.00783720915206
3.06320486218
0.0691173160449
0.00548620382324
0.948616275098
0.367933879839
0.00844291388057
0.833505793009
0.00527190603316
0.0134387430735
0.00462818215601
5.32104881993
0.00903647299856
0.0040549589321
0.00449172407389
2.73380658193
0.00824616197497
0.0134183061309
0.00457342690788
0.00443489896134
0.00413344288245
0.00441135512665
0.00447785202414
1.40908210492
1.41995688202
0.0135914958082
0.00454406207427
0.00441112904809

layerTime
0.00442726700567
24.5095839328
0.00789461284876
0.00226690410636
7.57039141702
0.00884420610964
0.0043664900586
6.27050889097
0.00217070314102
0.00455643213354
0.00230687996373
43.1065043041
0.00243204180151
0.00208347709849
0.0020157310646
27.7145643339
0.00239751092158
0.00469686998986
0.00214193807915
0.00200122594833
0.00201008701697
0.00187435490079
0.00189391104504
11.0147967362
10.972396858
0.00402345717885
0.00218222988769
0.00214008498006

checksumTime
0.00347220385447
0.00221714214422
0.00231187511235
0.00195284700021
0.00227850093506
0.00420537404716
0.00393146811984
0.00212374585681
0.0017598727718
0.0020294918213
0.00176974502392
0.00237574800849
0.00189101416618
0.0019526258111
0.00178691302426
0.00215144315735
0.00171929900534
0.00215749302879
0.00200785789639
0.00182689819485
0.00163851096295
0.00164602394216
0.0015862910077
0.00218137982301
0.00202438212
0.0024697969202
0.00163780408911
0.00937891285866




layer number :  28
145.02606225
0.0815296878573

jsonTime
0.00877500092611
3.05933658499
0.0596575201489
0.00669192895293
0.902300430927
0.00614239205606
0.00448966096155
0.612825480057
0.0044638661202
0.00420862692408
0.00428419117816
4.887092605
0.0084343040362
0.0132396609988
0.00434684404172
2.64769918611
0.00868468498811
0.00456635514274
0.00401726318523
0.00412388704717
0.0131649959367
0.00592118687928
0.00402303086594
1.42732057604
1.43059051502
0.00572830601595
0.0042799259536
0.00404771813191

layerTime
0.00447750091553
24.411072778
0.0029128449969
0.00211035390384
6.98478101706
0.00229006703012
0.0019663379062
5.98829576606
0.00215562386438
0.00222508702427
0.00201033102348
43.026118014
0.00249561085366
0.00425458792597
0.00203252304345
28.0954083249
0.00247642607428
0.00210192287341
0.0019987327978
0.00189052592032
0.00410515395924
0.00215864414349
0.00187604012899
10.6460256469
10.5240941329
0.00234337593429
0.00200006715022
0.00213203881867

checksumTime
0.00392101099715
0.0023762199562
0.0018893929664
0.00204365421087
0.00228468282148
0.00206186808646
0.00190080096945
0.00280250492506
0.00204769102857
0.00201916997321
0.00180526799522
0.00213033589534
0.001931267092
0.00198511709459
0.00182945490815
0.00220563402399
0.00215754588135
0.00188827398233
0.00181129807606
0.0016166260466
0.00211313017644
0.00172090996057
0.00164042599499
0.00210260297172
0.00223201303743
0.00200262502767
0.00170712685212
0.00828620907851




layer number :  28
145.613156117
0.0733806600329

jsonTime
0.0306059510913
3.18893052102
0.0641051859129
0.028939007083
1.04978059698
0.0049423170276
0.0135368888732
0.782185997115
0.00465394300409
0.00441487901844
0.0131259649061
5.16144113592
0.00849615898915
0.00493825599551
0.00429523712955
2.66665304103
0.00855217920616
0.0043214650359
0.0133004691452
0.00470541394316
0.00433506583795
0.00391092989594
0.00393422693014
1.37413372193
1.42886346905
0.005220774794
0.0132092300337
0.00431494391523

layerTime
0.00837600999512
24.5918802088
0.0672545121051
0.0115084368736
7.19572489895
0.0020950390026
0.00419222400524
6.52220630087
0.00222842791118
0.00211248197593
0.00398775399663
43.038017801
0.002620061161
0.0019024789799
0.00194204389118
27.7441743691
0.00239675794728
0.00202611507848
0.00429920596071
0.00226145307533
0.00190307898447
0.0019540139474
0.00188082107343
9.95198777714
10.3897120059
0.00208828016184
0.00395004311576
0.00211189012043

checksumTime
0.00413555605337
0.00425319606438
0.00411328393966
0.00407945620827
0.00207163905725
0.00191915594041
0.00193309504539
0.00209239101969
0.00198955601081
0.00180787616409
0.00193562800996
0.00210914504714
0.00191157497466
0.00189068983309
0.00170963001437
0.00206471979618
0.0019212688785
0.00191940390505
0.00191356590949
0.00216138409451
0.0015911841765
0.00164136616513
0.00170002994128
0.00215298496187
0.0022796371486
0.00194630585611
0.00192448101006
0.0102421189658




layer number :  28
145.080579375
0.0731487830635

jsonTime
0.00829005497508
3.01065822784
0.0595926451497
0.00549615710042
1.01618919591
0.00490645412356
0.0132992190775
0.657075027004
0.00465123681352
0.00466910400428
0.0137028589379
5.13040595315
0.0087418819312
0.00555481086485
0.00441693793982
2.70880390098
0.00839487509802
0.00447233999148
0.0139644169249
0.00469255889766
0.00401636795141
0.00429879897274
0.00410446501337
1.41535251797
1.38962674816
0.0050217139069
0.0135157678742
0.00470600090921

layerTime
0.00420057098381
24.8011178891
0.00446650595404
0.00212590605952
6.32444858807
0.00185027695261
0.00440081697889
6.37694889586
0.00211958214641
0.00218170299195
0.0039847700391
43.0786251719
0.00247239787132
0.00214222609065
0.00213360693306
26.7960723909
0.00226460304111
0.00210380693898
0.00431716116145
0.00187809206545
0.00197253003716
0.00204496295191
0.00208969484083
11.271901723
10.7064483869
0.00218555610627
0.00404686410911
0.00201561814174

checksumTime
0.00417264108546
0.0022007508669
0.00204688194208
0.00180446100421
0.00198715180159
0.00196022097953
0.00207421206869
0.00216224114411
0.00228326395154
0.00201939302497
0.00199243891984
0.00208478514105
0.00175531511195
0.0020203080494
0.00186313013546
0.00217323703691
0.00189820094965
0.00203155004419
0.00206053000875
0.00158994691446
0.00159653811716
0.00176183204167
0.00202418118715
0.00216134288348
0.00223775301129
0.00177360605448
0.00204487401061
0.00875801686198




layer number :  28
144.741280727
0.0710254809819

jsonTime
0.00818087719381
3.15046203998
0.059572129976
0.00639136205427
0.916852904949
0.0141445340123
0.00458662281744
0.784638996003
0.00486251921393
0.0130908868741
0.00436092098244
5.18282179395
0.00933258188888
0.00440103095025
0.0045096159447
2.87528940313
0.00896316603757
0.0140994780231
0.00423796684481
0.00402093422599
0.00431764312088
0.00399577291682
0.0041763051413
1.53511189786
1.41848092992
0.0139978281222
0.00474109896459
0.00441329390742

layerTime
0.00436331494711
23.996477803
0.003403714858
0.00194795802236
7.04117144295
0.00454238895327
0.00207491614856
6.5015491331
0.00243527488783
0.00417320616543
0.00219616293907
42.2474284691
0.00255916616879
0.0020691298414
0.00207533803768
27.368092943
0.00228859507479
0.00448514102027
0.00212066411041
0.00207920279354
0.00209937803447
0.00205430807546
0.00184544292279
10.708741656
10.6193222071
0.00413561193272
0.00219428702258
0.00205513602123

checksumTime
0.00390282692388
0.00398191716522
0.00212142406963
0.00191525602713
0.00218341709115
0.00215381104499
0.00177691085264
0.00213030586019
0.00178014207631
0.00200492097065
0.00195981399156
0.00218267296441
0.00171188102104
0.00191843905486
0.00199306802824
0.00204575085081
0.00163658289239
0.00196064007469
0.00155104487203
0.00170729705133
0.00161638297141
0.00161040388048
0.00179098406807
0.00209701806307
0.00218220194802
0.00209938595071
0.00182613404468
0.00878535211086




layer number :  28
144.631852565
0.0806937499437

jsonTime
0.00810871901922
3.021274806
0.0605045899283
0.00628798804246
0.943714149995
0.00516683189198
0.0133121300023
1.12677158602
0.00557103101164
0.00473867193796
0.0130437850021
5.16750571295
0.00853968411684
0.00414909003302
0.00444171414711
3.05319157406
0.00846363999881
0.00419308710843
0.0130757398438
0.00454334402457
0.00431592389941
0.00402745697647
0.0041103749536
1.424313172
1.39175884286
0.00509347789921
0.0129258111119
0.0047387490049

layerTime
0.00415319111198
24.443019314
0.00468893093057
0.00220007798634
7.17428414105
0.0021094661206
0.00414993613958
6.48567698384
0.00220739305951
0.002037554048
0.00414909701794
42.8089178719
0.00206905882806
0.0020414669998
0.00226115202531
26.7112766879
0.00239179912023
0.00209759105928
0.00438885297626
0.00195698300377
0.00201702513732
0.00198334711604
0.00195307005197
10.429805405
10.0469576281
0.00206949398853
0.00405130092986
0.00232593901455

checksumTime
0.00362844089977
0.00219660415314
0.00192669499665
0.00178241799586
0.00211793510243
0.0020340718329
0.00204314198345
0.00215642899275
0.00216465210542
0.00204672501422
0.00223583495244
0.00213738204911
0.00155133008957
0.00176516687497
0.00193864386529
0.00219523301348
0.00183219183236
0.00182125903666
0.00210551801138
0.00189364608377
0.00206930586137
0.00172495702282
0.00171658489853
0.00214099418372
0.00213415804319
0.00200106296688
0.00206559593789
0.00895576295443




layer number :  28
144.633767536
0.0853186021559

jsonTime
0.00877847103402
3.09555096296
0.0635313759558
0.00955050811172
1.14655477996
0.00510783889331
0.012843829114
0.652443334926
0.00480181002058
0.0131817369256
0.00456019397825
5.16915475298
0.00906477496028
0.00443531898782
0.00420995499007
2.66408158885
0.00940019101836
0.00445923907682
0.00462324195541
0.00441462988965
0.0041043900419
0.0132554890588
0.00509237800725
1.44974827394
1.420876669
0.00532683520578
0.00456299399957
0.00420250906609

layerTime
0.00434251502156
24.0062785139
0.04025052418
0.00414795102552
6.74463516194
0.00213259994052
0.00446984893642
6.50093885395
0.00233529484831
0.0043674109038
0.00222460203804
42.986520163
0.00249257707037
0.00216714595445
0.00194210698828
27.2799787091
0.00252790888771
0.00211164401844
0.00185669609345
0.00186505308375
0.0018694838509
0.00380033394322
0.0020878969226
10.4900552051
10.5607912438
0.00211687688716
0.00211426313035
0.00196465197951

checksumTime
0.00401276396587
0.021097562043
0.00343498587608
0.00336543191224
0.00215994613245
0.00179964001291
0.00220307009295
0.00217554112896
0.00197807420045
0.00220558606088
0.00193305197172
0.00190834398381
0.00188998505473
0.00200993008912
0.00182501203381
0.00215439405292
0.0019185510464
0.00181379192509
0.00166054302827
0.00161334197037
0.00158461998217
0.0019912191201
0.00206908397377
0.0021440021228
0.00236941501498
0.00211738189682
0.00191695499234
0.00881138397381




layer number :  28
144.275906864
0.0751399050932

jsonTime
0.00782114290632
2.88648150209
0.0412299518939
0.0144683630206
0.939666265855
0.00511099002324
0.0147246948909
0.646724097198
0.00447804504074
0.00448159198277
0.0132774258964
4.91452545091
0.00865478999913
0.0041926021222
0.00460050697438
2.83367453609
0.00835298094898
0.0044408601243
0.0137547850609
0.00475342199206
0.00434149615467
0.00425038998947
0.00401641987264
1.48816949688
1.43071111105
0.0051967499312
0.0130259769503
0.00475664390251

layerTime
0.00463784602471
24.5317779519
0.0200454399455
0.0054254680872
7.07039649412
0.00211829203181
0.00290737114847
6.55180640984
0.00194712192751
0.00230292393826
0.00423374096863
42.6511641671
0.00237801601179
0.00188484392129
0.00190908485092
27.255281565
0.00232429709285
0.00219705584459
0.0042734851595
0.00216321600601
0.00208658003248
0.00181799801067
0.00193197396584
10.2743746911
10.394624233
0.00214841216803
0.00384302297607
0.00235558813438

checksumTime
0.00355880288407
0.00223748618737
0.00194345298223
0.00220216508023
0.00222807889804
0.00163904600777
0.00210784585215
0.00227410509251
0.00209071906283
0.00195425911807
0.00193000608124
0.00214317091741
0.00179802696221
0.00168143911287
0.00178227596916
0.00212234794162
0.00172651698813
0.00189316994511
0.00195826194249
0.00193383684382
0.00194953102618
0.00168616394512
0.00161756016314
0.00209423201159
0.00215336191468
0.00200963090174
0.00191835314035
0.0101809999906




layer number :  28
145.410013541
0.084118437022

jsonTime
0.00916201295331
2.88270040299
0.0405684919097
0.00582561199553
0.943110977067
0.00493717216887
0.0162525689229
0.644348969916
0.00485112098977
0.0137008060701
0.00456387014128
5.22589529096
0.00841167010367
0.00462501496077
0.00423422991298
2.59424267686
0.0142151971813
0.0133551799227
0.00461087119766
0.00439713895321
0.00427579414099
0.00401329691522
0.00433650310151
1.58581934287
1.40265054116
0.0137452320196
0.00453307596035
0.00430863280781

layerTime
0.00436960393563
24.4470100862
0.0203947511036
0.001967163058
7.12616677792
0.00235977582633
0.00245981197804
6.13708679494
0.00225594104268
0.00437434692867
0.00194309093058
43.628671244
0.00238026189618
0.00221102801152
0.00204705703072
27.219777704
0.00224103592336
0.0044155260548
0.002290509874
0.00191917503253
0.00186644494534
0.00190906296484
0.00185738597065
10.487594031
10.673596536
0.00406641303562
0.00201644306071
0.00200486113317

checksumTime
0.00388022698462
0.00372466794215
0.00188985001296
0.00164716993459
0.00202478794381
0.00209455518052
0.00193057209253
0.00206280709244
0.00186430895701
0.00218746787868
0.00170966400765
0.00208547594957
0.00214176415466
0.00182716106065
0.00174062303267
0.00212778197601
0.00201117503457
0.00235862587579
0.0017664830666
0.00182581692934
0.00157827907242
0.00161468796432
0.00154071301222
0.00208874396048
0.00221575284377
0.00219889194705
0.0019316971302
0.00922153005376




layer number :  28
145.311967837
0.0970110020135

jsonTime
0.00851391092874
3.20496099512
0.040825731121
0.00558799784631
0.938478610013
0.00494844606146
0.00452056596987
0.686991377035
0.00503283203579
0.00423799501732
0.00426799687557
5.15876614209
0.00845966394991
0.0137539741118
0.00529696117155
2.68202642701
0.00828975415789
0.00421208213083
0.00431630690582
0.00399319804274
0.0134227799717
0.00426042289473
0.0039594930131
1.42178274295
1.53765385505
0.00492700305767
0.00407331390306
0.00417929398827

layerTime
0.00444495189004
24.178580242
0.0202873630915
0.00210591801442
6.94143965002
0.00233817496337
0.00193196418695
6.55154840392
0.00198146793991
0.00198826892301
0.00212888210081
42.4044422379
0.00225829402916
0.00401461590081
0.00222970894538
27.70013496
0.00219020899385
0.00182880391367
0.00172256305814
0.00195742584765
0.00390289118513
0.00206463108771
0.00183289009146
10.7954152799
10.7164269581
0.00217172689736
0.00211038906127
0.00193007290363

checksumTime
0.00387930101715
0.00224944786169
0.00186351593584
0.00178847718053
0.00263907085173
0.00206227693707
0.00174595788121
0.00308886612765
0.00194531097077
0.00192707311362
0.00171769992448
0.0021123001352
0.00201130588539
0.00199699494988
0.00195169704966
0.00224947580136
0.00192317483015
0.00184502312914
0.00149140204303
0.00163951795548
0.00201752898283
0.00149681395851
0.00169714190997
0.00240922905505
0.001962848939
0.00188397010788
0.00175914098509
0.0103046961594




