layer number :  18
118.592879136
0.17896748404

jsonTime
0.0306338530499
2.62081539701
0.0409564219881
0.00973069295287
1.06570075103
0.00513929594308
0.00445891707204
0.659447374055
0.00450514885597
0.00467787799425
0.00479086511768
4.82201109896
0.0101185359526
0.00513575109653
0.00432769791223
3.10413045296
0.00880600884557
0.00440088217147

layerTime
0.00877489591949
23.475720813
0.0213357990142
0.00417670002207
6.80578536098
0.00195545819588
0.00198656506836
6.66238078405
0.00218056398444
0.00209138682112
0.00199899589643
41.7483556319
0.00231729191728
0.00195763609372
0.0020794630982
27.183493569
0.0022919611074
0.00212634284981

checksumTime
0.00431806594133
0.00200124108233
0.00381342601031
0.00367304193787
0.00331175001338
0.00178982177749
0.00194459594786
0.00383642897941
0.00223164120689
0.00189238903113
0.00192558509298
0.010529498104
0.00212300894782
0.00207043089904
0.00165670295246
0.013409932144
0.00188069790602
0.00859425310045




layer number :  18
119.206075973
0.0549321121071

jsonTime
0.00782643584535
2.96023937804
0.0683184650261
0.00615277583711
0.933053421089
0.0201845588163
0.00501593505032
0.649417000124
0.013601943152
0.00479470007122
0.00411124899983
4.91350469203
0.0178768921178
0.00507315411232
0.00450054300018
2.59883328807
0.00845704204403
0.00427197990939

layerTime
0.0042380981613
24.0449773879
0.00743685709313
0.00228109699674
6.89097051905
0.0043226131238
0.0022066810634
6.28907071706
0.00435174093582
0.00224436912686
0.00190564082004
41.9544275419
0.00406479579397
0.00206458894536
0.00216533290222
27.650949986
0.00240452308208
0.00194739806466

checksumTime
0.00356507790275
0.00236782804132
0.00845206505619
0.00188248394988
0.00211506406777
0.001979050925
0.00203755684197
0.00220374180935
0.00226361490786
0.00189982401207
0.00155053311028
0.00222132098861
0.00217406405136
0.00195241207257
0.00210879696533
0.00211632600985
0.00190866598859
0.00921999593265




layer number :  18
120.348484622
0.0550294828136

jsonTime
0.00886681000702
2.8542536539
0.0601821900345
0.00638470682316
0.969334176974
0.00501556717791
0.00435816007666
0.64549826202
0.00503413798288
0.00478331418708
0.00444938498549
5.21065352089
0.00842531188391
0.00424024392851
0.00424769404344
2.68149770494
0.00879244878888
0.00434922403656

layerTime
0.00438509811647
24.1731969991
0.00314225000329
0.00194442318752
6.63253248599
0.00211643986404
0.00214932509698
6.54011922795
0.00247065210715
0.00219886587001
0.00195577181876
42.9612074241
0.0025395960547
0.00207737297751
0.00217240396887
27.405809398
0.00223300606012
0.00198475690559

checksumTime
0.00407509994693
0.0140016069636
0.00212175003253
0.00179675291292
0.00213067093864
0.00225548795424
0.00169219193049
0.00223483797163
0.00197215285152
0.00195008213632
0.0016382841859
0.00236385199241
0.00199375813827
0.00182278594002
0.00163498008624
0.00213717110455
0.00206572399475
0.00910361204296




layer number :  18
119.401393856
0.0579592871945

jsonTime
0.00890500191599
2.85691671097
0.0594620648772
0.00617566518486
0.936995093944
0.00513004115783
0.00411848607473
0.651458713925
0.0045536889229
0.00424107396975
0.00424648914486
4.83607272897
0.0207248360384
0.00509317405522
0.00422903196886
2.8269966261
0.00959891104139
0.00446831202134

layerTime
0.00419186591171
23.989054478
0.0153393689543
0.00196926784702
6.73935911409
0.00223285099491
0.00206583109684
6.53393456293
0.00227415421978
0.00215840898454
0.00212551187724
42.620710253
0.0167689570226
0.00187053112313
0.00211095111445
27.1028461158
0.00230525387451
0.00217803893611

checksumTime
0.003695624182
0.0023645539768
0.00197111000307
0.00175681011751
0.0032046828419
0.00202978285961
0.00166267994791
0.00333793205209
0.00157427787781
0.00192338298075
0.00160310510546
0.00214500492439
0.00169679988176
0.00171206286177
0.0018933119718
0.004533409141
0.00194669305347
0.00970812607557




layer number :  18
120.979275018
0.0541033749469

jsonTime
0.0307213999331
3.06742752111
0.0597178051248
0.00557143613696
0.919495414943
0.00597342289984
0.00433393404819
1.05833807006
0.00476799788885
0.00533056701533
0.00433275802061
4.98145322897
0.0228231898509
0.00419669901021
0.00419842894189
2.46597839193
0.0253781410865
0.0127896959893

layerTime
0.00869560218416
24.01030258
0.0030171580147
0.00205952883698
6.92312917509
0.00237605208531
0.00188062014058
6.29979104688
0.00216717622243
0.00206777802669
0.00192336784676
43.7970813629
0.00755670294166
0.00213698786683
0.00169017608277
27.119544161
0.00234337686561
0.00458536599763

checksumTime
0.00433718389831
0.00221493886784
0.00197119289078
0.00165899703279
0.00317151704803
0.0020295009017
0.00160279893316
0.00341829401441
0.00191866094247
0.00169053697027
0.00175040215254
0.00229114713147
0.0021222801879
0.00181155302562
0.00163567205891
0.00198103697039
0.00156410899945
0.0110351340845




layer number :  18
120.573032311
0.055009922944

jsonTime
0.00802722200751
3.02189737209
0.0599877811037
0.00541475694627
0.847140713828
0.00506511097774
0.00438375910744
0.630503578112
0.00479349214584
0.00423080893233
0.00428279885091
4.84301011497
0.00891423993744
0.00421692384407
0.0040738361422
2.81964943605
0.00940874498338
0.00425807386637

layerTime
0.00431275297888
24.5120498878
0.00293575087562
0.00222986494191
6.75843969407
0.00228408002295
0.0017890969757
6.51443620096
0.00229144492187
0.00196654209867
0.00210355012678
43.362906591
0.00234870007262
0.00195735506713
0.00190408690833
27.0062363308
0.0023701179307
0.00200795917772

checksumTime
0.00385551108047
0.00212999503128
0.001953327097
0.00161796319298
0.00223483401351
0.00186631991528
0.00177187100053
0.00215678685345
0.00170059897937
0.00189095805399
0.00187459797598
0.00205524801277
0.00166207901202
0.00170010793954
0.00172063009813
0.00220954813994
0.00155717204325
0.00847305986099




layer number :  18
120.391169137
0.0601698269602

jsonTime
0.00877049216069
2.87362419092
0.0594236140605
0.00597956799902
0.934692201903
0.00485743395984
0.00547199510038
0.636981522897
0.00522947404534
0.00453314301558
0.00445059593767
5.04632475902
0.00866613001563
0.00420892611146
0.00405488000251
2.84084275505
0.00896799308248
0.0129771591164

layerTime
0.00421633687802
24.067962063
0.00318188592792
0.00209849397652
6.86719716014
0.00204974412918
0.00223262584768
6.51283215499
0.00203556404449
0.00200238102116
0.00181163102388
42.9179618082
0.00225088209845
0.00191199593246
0.00173726887442
27.403653204
0.00260459701531
0.00423890003003

checksumTime
0.00410884502344
0.00228771101683
0.00209406716749
0.00191624392755
0.00349375396036
0.0019814139232
0.00193682708777
0.0118523030542
0.00187699589878
0.00167845003307
0.0018461139407
0.00228339084424
0.00197954382747
0.00159555114806
0.00183525797911
0.00205346103758
0.00172858685255
0.0104866409674




layer number :  18
121.579924236
0.0601039391477

jsonTime
0.00885259592906
2.75577666913
0.0606490410864
0.00520154391415
0.852254542988
0.00501019880176
0.00399111886509
0.628835930023
0.0294703990221
0.00451601296663
0.00428749108687
4.76715778979
0.00949997385032
0.00421262602322
0.0041012049187
2.93712607818
0.00840437598526
0.00434780400246

layerTime
0.00432995799929
24.339847008
0.0038813969586
0.00218906789087
6.38141417294
0.00222512101755
0.0022209379822
6.96460880199
0.00213648984209
0.00200901785865
0.00202013505623
44.1189522911
0.00249645509757
0.00180528499186
0.00215237704106
27.542566292
0.00248933699913
0.00210670917295

checksumTime
0.00406253989786
0.002031104872
0.00205834116787
0.00202114018612
0.002578380052
0.00199061515741
0.00165131106041
0.0024168130476
0.0019059071783
0.00192945706658
0.00184490298852
0.00203365506604
0.00197392702103
0.00159203400835
0.00166692491621
0.00236007804051
0.00171730783768
0.00924995890819




layer number :  18
119.084890742
0.056298103882

jsonTime
0.00831396295689
2.89240038814
0.0595361599699
0.00583789683878
0.891299921088
0.00533834705129
0.00482908915728
0.586458684178
0.00481036002748
0.00438499706797
0.00412401510403
5.04883412505
0.011006600922
0.00420704297721
0.00405638618395
2.61298601492
0.010885297088
0.00500142294914

layerTime
0.00419558002613
24.547509416
0.00360751897097
0.00260821403936
6.54644206399
0.00249383994378
0.00212966185063
6.36938518402
0.00231205299497
0.00188428489491
0.00216969987378
42.4082701851
0.00233311299235
0.0022248418536
0.00190707785077
26.8948629769
0.00265968195163
0.00197552819736

checksumTime
0.00397534389049
0.00234218104742
0.00216136802919
0.00209537404589
0.00244044489227
0.00207200297154
0.00202352297492
0.00337766786106
0.00179224996828
0.00178647600114
0.00153712299652
0.0105734060053
0.00177116808482
0.00162360002287
0.00162140815519
0.0108312850352
0.00225224997848
0.00935410987586




layer number :  18
119.476856708
0.0553790640552

jsonTime
0.0307595299091
2.77619276196
0.0409836808685
0.00561498687603
0.93674466107
0.00504172197543
0.00423713494092
0.615911311004
0.00520231481642
0.00441362289712
0.00407542800531
4.93031747895
0.017574241152
0.00499029806815
0.00402252003551
2.82644585008
0.0150623500813
0.0130580039695

layerTime
0.00874220114201
24.207349044
0.0203381129541
0.00189384911209
6.65315760905
0.00213937507942
0.00201375503093
6.31315639196
0.00203691003844
0.00226953905076
0.00186487706378
42.8747677309
0.00428273691796
0.00191228487529
0.00175024894997
27.029233082
0.00224514002912
0.00433375686407

checksumTime
0.00421587890014
0.00219477410428
0.00197220011614
0.00188221991993
0.00210794899613
0.00193078885786
0.00165690714493
0.00349091202952
0.00204298715107
0.00187066593207
0.00154390907846
0.0021539919544
0.00213669892401
0.0016897090245
0.00194065202959
0.00201519601978
0.00149658694863
0.00920231617056




