layer number :  15
54.4674432988
0.0505589579698

jsonTime
2.11947521102
0.00503540621139
2.9975522391
0.00589287304319
0.17528030579
0.431643110933
0.0133977017831
0.00553836883046
0.00482869194821
0.0048379630316
0.0054078779649
0.00529634184204
0.0129738040268
0.00443699979223
0.0043946930673

layerTime
16.839932902
0.00201407982968
24.6461153629
0.00204175594263
1.34467807808
5.72721166699
0.00439576408826
0.0021852219943
0.00200656615198
0.00204894202761
0.00200756406412
0.00200604321435
0.00313900900073
0.00190228200518
0.00198218296282

checksumTime
0.00220578792505
0.00192508404143
0.00210612500086
0.00144030316733
0.00216632708907
0.00216557411477
0.00180755811743
0.00220068008639
0.00164272286929
0.00164365000091
0.00163172697648
0.00163678382523
0.00204957113601
0.00196882314049
0.00891112582758




layer number :  15
54.702070904
0.051618067082

jsonTime
1.99443104793
0.00509271398187
3.18174507096
0.00602792808786
0.192169065122
0.454917476978
0.128341999836
0.00482696620747
0.00443006609567
0.00501365703531
0.00534053402953
0.0131544750184
0.00453663803637
0.00412633107044
0.00427251285873

layerTime
16.4760351081
0.00202887412161
24.4926385479
0.00215931795537
1.80056159687
5.8083678931
0.00220854510553
0.00224641198292
0.00207963283174
0.00227977288887
0.00208771997131
0.00348004512489
0.00221400801092
0.00188935897313
0.00188341597095

checksumTime
0.00218639499508
0.00200366601348
0.00216084998101
0.0019502309151
0.0022555780597
0.00348256505094
0.00180399185047
0.00175631092861
0.00178249110468
0.00202905805781
0.00185047090054
0.00228057685308
0.00178201100789
0.00188826303929
0.0088659580797




layer number :  15
54.4397780418
0.0507811079733

jsonTime
2.02739749802
0.00498010893352
2.72379754693
0.00573323690332
0.176694517024
0.430349281989
0.013906640932
0.00564689002931
0.00485013495199
0.00506033096462
0.00550217600539
0.00432212720625
0.0127494989429
0.00463048205711
0.00462091108784

layerTime
16.6049195488
0.00253604608588
24.5215980331
0.00220096413977
1.80239600199
5.96462833113
0.00428610597737
0.00228474196047
0.00202867505141
0.00206834683195
0.00193281797692
0.00194730283692
0.00323666608892
0.00216219597496
0.00202852883376

checksumTime
0.00230477610603
0.00208720099181
0.00236830394715
0.00180073082447
0.00221185898408
0.00221887603402
0.00207433709875
0.00183774204925
0.0019070149865
0.00167349609546
0.00190556491725
0.00165681401268
0.00200705905445
0.00202899496071
0.00857536494732




layer number :  15
54.565102875
0.0525944971014

jsonTime
2.17188405013
0.00499917403795
2.776631532
0.00570273096673
0.177826849045
0.460000874009
0.099176916061
0.00555120012723
0.0047520371154
0.00474434997886
0.00601388886571
0.00441943504848
0.0133149120957
0.00444577704184
0.00427800905891

layerTime
16.6392212498
0.00216785399243
24.5820824341
0.00230987905525
1.61698508402
5.86437867815
0.00434195692651
0.00251874397509
0.00210698693991
0.00226633599959
0.00202985899523
0.00200330489315
0.00327087892219
0.00225652405061
0.00186677300371

checksumTime
0.00215157493949
0.00212349602953
0.00228449399583
0.00218358892016
0.00218444783241
0.00206208787858
0.00221207900904
0.00202897493728
0.00182076706551
0.00190904503688
0.00157033302821
0.00171656603925
0.00181321799755
0.00174438394606
0.00945244682953




layer number :  15
54.5555461291
0.0511758031789

jsonTime
2.04413787602
0.00514236302115
3.03802467999
0.0058458740823
0.189461476868
0.448258178076
0.0134802300017
0.00551259098575
0.00445048208348
0.00489434786141
0.00524324807338
0.00430703884922
0.0126847119536
0.00448855315335
0.00409561907873

layerTime
16.3512800829
0.00234001595527
24.566092904
0.00219300808385
1.76967874006
5.96356781293
0.00404788111337
0.00218210206367
0.00198104488663
0.00187263311818
0.0022874539718
0.00193082215264
0.00317703699693
0.0021663128864
0.00201560300775

checksumTime
0.00217633205466
0.00200336892158
0.00216150702909
0.00164905493148
0.00196462706663
0.00222349492833
0.00211765989661
0.00168923800811
0.00165908411145
0.00168613390997
0.00168656301685
0.00153426895849
0.00193083193153
0.00189992203377
0.00904577597976




layer number :  15
54.553111119
0.0552619090304

jsonTime
2.14460546197
0.00605759490281
2.76016929094
0.00681649101898
0.173100525979
0.450189615833
0.0137583599426
0.00524709699675
0.0050644648727
0.0049711628817
0.00541556300595
0.00423424690962
0.0129134070594
0.00430121691898
0.00412458600476

layerTime
16.67404383
0.00252571911551
24.49491688
0.00242901500314
1.60691530886
6.05410614796
0.0044856169261
0.0023482600227
0.00191781017929
0.00205931114033
0.00203505204991
0.00203657406382
0.00320504489355
0.00230430695228
0.00195695878938

checksumTime
0.00253136106767
0.00220949901268
0.00234236381948
0.00199451413937
0.00193873420358
0.00205589621328
0.00199668202549
0.00220965500921
0.00189680093899
0.00180742098019
0.00165555696003
0.00179238501005
0.00213953712955
0.0018557771109
0.00941903307103




layer number :  15
55.398779039
0.0544778150506

jsonTime
2.05310695898
0.0130364110228
2.65072416491
0.00637438381091
0.193263452966
0.441393062007
0.276425604941
0.00974155100994
0.0270277380478
0.0322488101665
0.0103121569846
0.00833755196072
0.00818298314698
0.00845503713936
0.0261936211027

layerTime
17.2545030829
0.00478749698959
24.512743233
0.00211473111995
1.82543605403
5.83842246514
0.00448443484493
0.00445367395878
0.00800537480973
0.00426089880057
0.00430165603757
0.00458869314753
0.00481042289175
0.00459825294092
0.00614126306027

checksumTime
0.00224937405437
0.00227879406884
0.00218857708387
0.00194127205759
0.0155467358418
0.00223811506294
0.00415549706668
0.00384240411222
0.0040385320317
0.00383374700323
0.00388407101855
0.0040910828393
0.00408271304332
0.00381153589115
0.0358793239575




layer number :  15
53.8859974029
0.0526731221471

jsonTime
2.06898267916
0.00460730609484
2.65344648692
0.0185305888299
0.186284862226
0.44669949892
0.00591949885711
0.00605842215009
0.00456322403625
0.00511887785979
0.00630897399969
0.00424868892878
0.016233345028
0.00429673399776
0.00410780496895

layerTime
17.3986296209
0.00208854395896
23.9053880291
0.00515131116845
1.07211485389
5.90258333413
0.0119521880988
0.00212353398092
0.00209372211248
0.00208962406032
0.00192688312382
0.00185247394256
0.00348639604636
0.00225939694792
0.00192383606918

checksumTime
0.0195685559884
0.00194897805341
0.00239860801958
0.00217405380681
0.00216994504444
0.00221465597861
0.00315882288851
0.00208522286266
0.00174250500277
0.00176766794175
0.00170035404153
0.00164128304459
0.00198567193002
0.00189898209646
0.0340022668242




layer number :  15
54.162509219
0.0488625850994

jsonTime
2.13312197709
0.0047325680498
2.73083951906
0.00623559788801
0.182421575068
0.449087797897
0.0137389579322
0.00541510991752
0.00506559596397
0.00507888803259
0.00548277399503
0.00414488185197
0.0128605030477
0.004608836025
0.0042518239934

layerTime
16.5643325639
0.00226039486006
24.413444872
0.00202906015329
1.59024493396
5.89946310106
0.00439045997337
0.00192622398026
0.00218728999607
0.0019119840581
0.00196504988708
0.00201298110187
0.00360943493433
0.0021386439912
0.00198026001453

checksumTime
0.00201720208861
0.00218710605986
0.00228077196516
0.00200293888338
0.0170427521225
0.00220427894965
0.00210876017809
0.00158427609131
0.00166023592465
0.00179984001443
0.00175124313682
0.00182684790343
0.00215166714042
0.00189194688573
0.00828549894504




layer number :  15
54.7280693459
0.0517055490054

jsonTime
2.07083217311
0.00486737093888
3.15132166492
0.00639727618545
0.184726116946
0.476922719041
0.00688673486002
0.00551628600806
0.00496442406438
0.00553976511583
0.0136746880598
0.00428452389315
0.00436845282093
0.00394365913235
0.00397918187082

layerTime
16.5170737249
0.00190678611398
24.5298044761
0.00244830688462
1.63707869803
5.97441851301
0.00229004211724
0.00205029407516
0.00194400292821
0.0018478250131
0.0031209778972
0.00205266498961
0.00191579712555
0.00209302688017
0.001904057106

checksumTime
0.00220604101196
0.00195348006673
0.0020583558362
0.00208663311787
0.00208142097108
0.0103211139794
0.00204658787698
0.00180276995525
0.0018108820077
0.00169663084671
0.00184300309047
0.00181963620707
0.00150554184802
0.00155576621182
0.00961106782779




