layer number :  24
107.116294557
0.0721828108653

jsonTime
2.78819481097
0.0596323190257
0.017245472176
0.00512478104793
0.004502160009
0.00416958099231
1.07382546109
0.00501697021537
0.0147168359254
0.00514373811893
0.0172920278274
0.00510756112635
0.00566970789805
0.0152662619948
0.00607649912126
0.0053148351144
0.0765272919089
0.00526907807216
0.00483379489742
0.0144987080712
0.00490676797926
4.26096264902
1.23324793112
0.317620082991

layerTime
26.2009206952
0.0030000701081
0.00226078485139
0.0023058259394
0.00220406102017
0.00187396188267
7.96755244606
0.00224504689686
0.00443297787569
0.00218284898438
0.013878962025
0.00253503606655
0.00235216598958
0.00362318800762
0.00209515797906
0.00224564597011
0.116195291979
0.00239398283884
0.00228383997455
0.00360578903928
0.00252378499135
45.3935936149
12.7714602628
4.52775680297

checksumTime
0.00212395982817
0.00204858183861
0.0016704259906
0.00188340316527
0.00168988597579
0.00155668798834
0.0020664317999
0.00193595909514
0.00188096100464
0.00194457708858
0.00189341395162
0.00195065699518
0.0019006440416
0.00224250089377
0.00212056189775
0.00201486400329
0.00221168110147
0.00192830618471
0.00205399794504
0.00239832606167
0.00233577890322
0.00206470908597
0.00256239715964
0.0102503870148




layer number :  24
110.715931874
0.0662573520094

jsonTime
3.10512662982
0.0415788940154
0.00548900803551
0.00516653410159
0.00438590394333
0.00422913185321
0.886894896859
0.0272391899489
0.0223934531678
0.0100000358652
0.0343673240859
0.00928371702321
0.0100528269541
0.0276947580278
0.00932993786409
0.00981144304387
0.0727109499276
0.0102578690276
0.0260839508846
0.00836176797748
0.00828344002366
4.45895427186
1.18504860811
0.318291133037

layerTime
27.010251554
0.0203877401073
0.00237438781187
0.00215186178684
0.00226119696163
0.00220338418148
8.50837014802
0.00945325195789
0.00473608798347
0.0043061489705
0.0227339810226
0.00425038486719
0.00423488509841
0.00591096980497
0.00425867503509
0.00420080102049
0.253357382026
0.00427477899939
0.00646781013347
0.00470546097495
0.00451549584977
47.2226735111
12.699995717
4.4448707439

checksumTime
0.00233948905952
0.00174086797051
0.00197446811944
0.00184212112799
0.00172276911326
0.00170809403062
0.00419048010372
0.00426375190727
0.00408245902508
0.00362400105223
0.00386186991818
0.00362675706856
0.00370884407312
0.003805359127
0.00360040995292
0.0038475941401
0.00421666796319
0.00367639400065
0.0040437260177
0.00408211303875
0.00382183911279
0.00195497786626
0.00207620789297
0.0200855331495




layer number :  24
116.475373434
0.067384603899

jsonTime
2.94226640696
0.0632304809988
0.00895720813423
0.00758604588918
0.0231083310209
0.00719986320473
1.11327464203
0.00540501205251
0.00579421711154
0.00550724309869
0.0190407901537
0.00571978301741
0.00559649593197
0.0156141791958
0.00523232691921
0.00498304795474
0.0667458989192
0.00946990004741
0.0263200940099
0.00860843504779
0.0081329960376
4.23294196604
1.24449834297
0.391984760994

layerTime
29.0711738348
0.0413355869241
0.00411240989342
0.00366236199625
0.00929681700654
0.00374995288439
9.32178207091
0.0024368329905
0.00225726608187
0.00243211281486
0.0126299499534
0.00243672402576
0.00234572193585
0.0045932258945
0.00246066902764
0.0023208509665
0.137247923063
0.00455686193891
0.00660456204787
0.00408099312335
0.00429619499482
49.407142767
13.6705105479
4.36309630401

checksumTime
0.0162983410992
0.00374531000853
0.00324533809908
0.0034987910185
0.00352824991569
0.00403708498925
0.00259887706488
0.00229017087258
0.00201175990514
0.00196929997765
0.00206095888279
0.00196790811606
0.00182158499956
0.00196665897965
0.00207419018261
0.002138185082
0.00431910483167
0.00419899797998
0.00409376597963
0.00376412482001
0.00387380295433
0.00233385409229
0.00472801108845
0.00976878893562




layer number :  24
120.440811165
0.0700145550072

jsonTime
3.05593582708
0.0638336830307
0.0101349239703
0.00914811901748
0.0267573629972
0.0091902280692
1.17811144213
0.00922210887074
0.00975040206686
0.0122891420033
0.0349687659182
0.00970712001435
0.0285394790117
0.00995158497244
0.009322861908
0.00980200711638
0.0722658790182
0.00959174893796
0.0262832529843
0.00842626602389
0.0081959690433
4.17577820201
1.12437373097
0.328008469194

layerTime
29.703517756
0.0671813099179
0.00451777502894
0.00554131180979
0.0103624709882
0.00417295796797
9.78126764786
0.00435999711044
0.00448847794905
0.00291266408749
0.0222253741231
0.00453097186983
0.00787447881885
0.00460238615051
0.00445432099514
0.0043787159957
0.251555138966
0.00463134003803
0.00652094488032
0.00457119895145
0.00423554191366
51.626712657
13.8027486561
4.68224045984

checksumTime
0.00421768496744
0.0041491871234
0.00375811499543
0.00400576810353
0.00385558698326
0.00406547589228
0.0154236331582
0.00387346092612
0.00410368992016
0.00388350104913
0.00439443998039
0.00361484312452
0.00427838601172
0.00377758801915
0.00400523492135
0.00359402992763
0.00403526215814
0.00387087301351
0.0039727780968
0.00404929905199
0.00361719401553
0.00226715183817
0.00225447886623
0.0107952910475




layer number :  24
126.070122154
0.0721944628749

jsonTime
2.83233415894
0.0595857398584
0.00559588102624
0.0131044550799
0.00590726197697
0.0082491170615
1.18376241601
0.00511251506396
0.00527448696084
0.00594747695141
0.016855126014
0.0136393001303
0.0059536700137
0.00570966396481
0.00531944609247
0.00527725298889
0.0663673700765
0.00559820793569
0.00461232592352
0.00454413797706
0.00434651598334
4.30701569794
1.23616137495
0.378856459167

layerTime
31.2101733871
0.00264202500694
0.00202976795845
0.00511053297669
0.00452662911266
0.004313405836
9.71173480409
0.0020455638878
0.00220908503979
0.00211733300239
0.0140099860728
0.00435452000238
0.00232491292991
0.00230847788043
0.00233339099213
0.00203711492941
0.140421801014
0.00256372010335
0.00222344510257
0.00219247909263
0.00201399205253
54.2400406131
15.359918776
5.02469231095

checksumTime
0.00236770813353
0.00183234503493
0.00166028202511
0.00199379888363
0.00400207098573
0.00426039798185
0.00274454802275
0.00174611900002
0.00198629498482
0.00179969007149
0.00159912486561
0.00233368994668
0.00207079411484
0.00175647507422
0.00205602287315
0.00193287199363
0.00235491502099
0.00202346802689
0.00198917393573
0.00193409086205
0.00173727702349
0.00205471203662
0.00407578190789
0.0103102750145




layer number :  24
127.930774236
0.0669537880458

jsonTime
2.81960819592
0.0597503040917
0.00528218620457
0.0051770680584
0.00450018490665
0.0042236300651
1.3565259329
0.00934229092672
0.0364240219351
0.00554258888587
0.0216037281789
0.00457377103157
0.00520982895978
0.00506854313426
0.0171918380074
0.00503426697105
0.0666514439508
0.00515143782832
0.00430170004256
0.0127594228834
0.00502846110612
3.9604074161
1.15563298599
0.360943417065

layerTime
31.9298217152
0.00304246298037
0.00197529187426
0.00190522801131
0.00207003694959
0.00211811484769
10.3857935721
0.00446822098456
0.0106744810473
0.00219174800441
0.020624361001
0.0020130330231
0.00211646500975
0.00198317086324
0.00358559703454
0.00196575885639
0.105976017192
0.00217040395364
0.00208667689003
0.0031431610696
0.0020333759021
54.7484924891
15.7003931361
4.89187264908

checksumTime
0.00223695090972
0.00202054879628
0.00199072505347
0.00185140501708
0.0016424190253
0.00172078609467
0.022729214048
0.0039210410323
0.0154509050772
0.00196906900965
0.00168513786048
0.0018360519316
0.00169078307226
0.00201631593518
0.00209880713373
0.00171860703267
0.00215677102096
0.00196280516684
0.00163727207109
0.00190621195361
0.00161365792155
0.00211887387559
0.00481189182028
0.0109253728297




layer number :  24
128.064913152
0.0640185000375

jsonTime
2.45414656494
0.0406125430018
0.0052937278524
0.00614257808775
0.0266081681475
0.00830712402239
1.21274174703
0.00486106309108
0.00512724695727
0.00503044715151
0.0172888480593
0.00505428295583
0.0137563880999
0.00513839395717
0.0046678869985
0.00441343407147
0.0658887049649
0.00488745584153
0.0140300460625
0.00460449210368
0.00426132208668
3.89155903412
1.39520954504
0.307605050039

layerTime
32.6415795321
0.020350077888
0.00225738994777
0.00426726182923
0.0106034998316
0.00451370887458
10.29570999
0.00211518397555
0.00213802489452
0.00188122689724
0.0142291879747
0.00205688900314
0.00366360205226
0.00217637908645
0.00186003209092
0.00207821000367
0.0872140738647
0.00184674817137
0.00331112602726
0.00199014693499
0.00231806305237
55.1645911408
15.2879504811
4.85922051896

checksumTime
0.00206370698288
0.00191413913853
0.00204840907827
0.00376951601356
0.00425103213638
0.00383640313521
0.00315418490209
0.00180392805487
0.00216821697541
0.00167248700745
0.00202501006424
0.00184381287545
0.00214500189759
0.00175076699816
0.00173757388256
0.00184886506759
0.00201113615185
0.00173620390706
0.00181890279055
0.00179396895692
0.00210876995698
0.00235977605917
0.0126477298327
0.00938225514255




layer number :  24
124.670135952
0.0996278640814

jsonTime
3.19996865699
0.0594952041283
0.00570230092853
0.00528619601391
0.0048202930484
0.00498444400728
0.957649581134
0.00499298004434
0.0137134050019
0.00522426795214
0.015913174022
0.00472745508887
0.00507805519737
0.00494776293635
0.0138313970529
0.0044673839584
0.0663181100972
0.00966837792657
0.00810338393785
0.0260828358587
0.00850147590972
4.3534288099
1.28444793285
0.321053490974

layerTime
30.411680883
0.00328737404197
0.00218231021427
0.00206034397706
0.00204605399631
0.00233604805544
9.01962962584
0.00222302507609
0.00435557193123
0.00211988412775
0.0148234548979
0.00208137510344
0.00212706485763
0.00196871301159
0.00329342088662
0.00218603410758
0.187803103821
0.00434928294271
0.00420687790029
0.00663618301041
0.0044409041293
54.235943085
14.7450500291
5.43520192895

checksumTime
0.00226015085354
0.00200720387511
0.00212244992144
0.00187326502055
0.00188065483235
0.0018165409565
0.0129285280127
0.00185611005872
0.00208918191493
0.00185758597218
0.00197566999123
0.00169656379148
0.00193552812561
0.00172338099219
0.00195302302018
0.00186525494792
0.00391549710184
0.00371018820442
0.00402057217434
0.00386329600587
0.00391065701842
0.00236195512116
0.00224863388576
0.0124456901103




layer number :  24
126.404613082
0.0726494069677

jsonTime
2.74831096502
0.0596600649878
0.00513614411466
0.00436400901526
0.00433956016786
0.00401687202975
1.36377185117
0.0100260460749
0.0277090338059
0.00990891316906
0.034956217045
0.00915148900822
0.00955380196683
0.0274247170892
0.00937626883388
0.00911859190091
0.0721414098516
0.00943948002532
0.00788070005365
0.0265554629732
0.00831689499319
4.14260882209
1.17064485606
0.309095873963

layerTime
33.0030254719
0.00275833206251
0.00198372988962
0.00206967908889
0.0020004499238
0.00201564305462
9.04825437581
0.00453596608713
0.00898891710676
0.00442065787502
0.0221777779516
0.00434342888184
0.00508142006584
0.00645736791193
0.00453582196496
0.00416242703795
0.263564584078
0.00417426112108
0.00418665609322
0.0066206981428
0.00460829911754
54.6018385589
15.094690012
4.01339456695

checksumTime
0.0021745080594
0.0020395629108
0.00195786799304
0.00193472788669
0.00155388494022
0.00174816185609
0.00441609905101
0.00371162500232
0.00410471786745
0.00396949006245
0.00358240003698
0.0038343090564
0.00412042695098
0.0042197201401
0.00420637917705
0.00377101707272
0.00427028094418
0.00392603082582
0.0036614309065
0.0040082198102
0.00387914595194
0.00230036000721
0.0124143778812
0.0409567481838




layer number :  24
125.466940045
0.0665414270479

jsonTime
3.13876576582
0.064007949084
0.0106362111401
0.0082035320811
0.0265715757851
0.00827742693946
1.25708321505
0.00612276303582
0.00545163895003
0.00469691492617
0.016231697984
0.0135293239728
0.00601006788202
0.00488617783412
0.00544919795357
0.00461265607737
0.0522491869051
0.0056534090545
0.00414274912328
0.0047519239597
0.00415422185324
4.03836428095
1.1410163159
0.381932895863

layerTime
31.8337867411
0.0667384709232
0.00430849893019
0.00417736684904
0.0105092790909
0.00425756513141
9.63428389886
0.00194525392726
0.00203923601657
0.0019989439752
0.0144788911566
0.00397652992979
0.00217643100768
0.00199086219072
0.00199763406999
0.00194783695042
0.0914819980972
0.00208227708936
0.00230850582011
0.00229313294403
0.00189500511624
53.0456596541
15.2461424482
5.11246339604

checksumTime
0.00446777394973
0.00378313893452
0.00388600700535
0.00363283418119
0.00420953403227
0.00398455793038
0.01173939812
0.00206399196759
0.00181523710489
0.00186244701035
0.00194619991817
0.00187434512191
0.0018855871167
0.00167135288939
0.00171019998379
0.00162059511058
0.0150281058159
0.00179299991578
0.00183684611693
0.00160894915462
0.0015600239858
0.00213577691466
0.00434274598956
0.0104874521494




