layer number :  21
77.391737977
0.064337197924

jsonTime
2.01750269299
0.00570371095091
0.539365272038
0.0206015228759
0.00466372515075
0.00455152895302
0.00427395710722
0.00437740096822
3.29760158202
0.0601934441365
0.269152213819
0.0241463279817
0.00479529704899
0.751250077039
0.00471937679686
0.00502063613385
0.00455926801078
0.0130228421185
0.0867271430325
0.00477277510799
0.00477225892246

layerTime
16.89589055
0.00209711818025
6.10733352392
0.0960186531302
0.00207639299333
0.00222097896039
0.00230895495042
0.00237474800088
39.342866828
0.00596313201822
2.02883355506
0.00237829703838
0.00230409996584
5.51530891401
0.00224537821487
0.00221036886796
0.0023468399886
0.00355212390423
0.107831494883
0.00201634201221
0.00206427997909

checksumTime
0.00243772799149
0.00189645891078
0.00213475106284
0.00365153187886
0.00206338404678
0.00183574995026
0.0017950090114
0.00204053800553
0.00231422297657
0.00199116300792
0.00256078108214
0.00211845384911
0.00203997804783
0.00258188904263
0.00201829778962
0.00191878620535
0.00206104689278
0.00207015802152
0.00241105095483
0.00184814096428
0.0199421471916




layer number :  21
76.7670025541
0.0616622520611

jsonTime
2.04719084408
0.0134959560819
0.560737319989
0.0632749379147
0.0136331270915
0.00443507009186
0.00404034880921
0.00411374401301
3.48885724903
0.059873502003
0.268741523847
0.00495548499748
0.0046851800289
0.714256213047
0.00448302202858
0.00464812014252
0.00392089318484
0.0126309948973
0.0822129831649
0.00454237591475
0.00426542805508

layerTime
16.471241015
0.00462797097862
5.92555022286
0.0556764078792
0.00392262497917
0.00223123189062
0.00196063797921
0.00206234701909
39.0888343491
0.0254926458001
1.73616904113
0.0102970849257
0.00218325806782
5.799195464
0.00217698095366
0.002260904992
0.00196000793949
0.00392827298492
0.116163995815
0.00222348002717
0.00209584995173

checksumTime
0.0022745039314
0.00219738902524
0.00233533419669
0.00203367206268
0.0022068428807
0.00181209621951
0.00184845202602
0.00170923094265
0.00199616909958
0.00221080216579
0.00204337807372
0.0039498838596
0.00197820900939
0.0165540860035
0.00189031590708
0.0018280048389
0.00178211205639
0.00194991193712
0.00203518709168
0.00177400698885
0.0179027181584




layer number :  21
77.214319183
0.0651345038787

jsonTime
2.14789814199
0.0133517188951
0.571132423123
0.063085742062
0.0129870288074
0.00473112100735
0.00434153410606
0.00495592295192
3.38325496297
0.0602610500064
0.281534889946
0.00477715092711
0.0153744949494
0.730479232036
0.00463128415868
0.00485204486176
0.00454328209162
0.013165614102
0.0730901889037
0.00549952778965
0.00454464298673

layerTime
16.7481741752
0.00466300919652
5.84806058696
0.0555950340349
0.00369610614143
0.00206218892708
0.00198265281506
0.00174119602889
39.284064142
0.0155386249535
1.75439024507
0.00213409704156
0.00230988906696
5.80093291006
0.00244283094071
0.00223086797632
0.00205347896554
0.00369871105067
0.126189759001
0.00221009599045
0.00243448885158

checksumTime
0.0022217289079
0.00218380684964
0.00227857590653
0.00200854707509
0.00218909000978
0.00198875600472
0.00154859106988
0.00189925497398
0.00228349608369
0.00199632602744
0.00203579198569
0.00199536699802
0.00208594999276
0.0161880238447
0.0018682400696
0.0016749559436
0.00190521497279
0.001901099924
0.00197339220904
0.0020287851803
0.0182062741369




layer number :  21
78.8809122581
0.061530864099

jsonTime
2.17821368296
0.00524609792046
0.588906751014
0.0713182019535
0.00455343793146
0.00457570399158
0.00460394192487
0.0133195410017
3.57817446091
0.0691465239506
0.266523872968
0.00505142798647
0.00407169898972
0.742169514066
0.00471553299576
0.00553891109303
0.0127219748683
0.00471797003411
0.0793586748186
0.0046369349584
0.0130303839687

layerTime
17.1842476591
0.0021613962017
6.1245312409
0.0556390138809
0.0021119560115
0.00187645596452
0.00239374721423
0.00308310310356
39.603696852
0.00984183093533
2.26867808495
0.00251666712575
0.00207156292163
5.68707060604
0.00196518003941
0.00218502199277
0.00390831520781
0.00221389601938
0.126125478186
0.00211592204869
0.00342410989106

checksumTime
0.00206679897383
0.00197869492695
0.00234901811928
0.00345714809373
0.00171689712442
0.00193642894737
0.00181688484736
0.00195207400247
0.00207953411154
0.0161758901086
0.00256257201545
0.00200187996961
0.00192627497017
0.00203053792939
0.00207179388963
0.00198266701773
0.00205150782131
0.00197036610916
0.00203070882708
0.00169072812423
0.00939161702991




layer number :  21
78.631847366
0.0644876018632

jsonTime
2.06000047806
0.00502052810043
0.597794214962
0.063065839
0.0126609939616
0.0045768530108
0.00474852812476
0.00454217684455
3.33334090491
0.0602704810444
0.274433200946
0.0130076920614
0.00493905390613
0.724640244152
0.00463660201058
0.00453192205168
0.00409717997536
0.00422371295281
0.0871319440193
0.00481668510474
0.0126372450031

layerTime
17.1200625829
0.00229400699027
6.03668835689
0.0555492450949
0.00405649701133
0.00213403790258
0.00202323589474
0.00181506900117
39.7046281029
0.00589324301109
2.32231831597
0.00425266404636
0.00224123103544
5.82574369595
0.00223371386528
0.00217728409916
0.00188313890249
0.00188869307749
0.126170072937
0.00224327598698
0.00342588988133

checksumTime
0.00244172196835
0.00193269504234
0.00207713502459
0.00203066994436
0.0021240520291
0.00206906208768
0.00184606108814
0.00186351616867
0.00219636410475
0.00192178087309
0.002212732099
0.0021066640038
0.00192296388559
0.00258976104669
0.00197148998268
0.00185053795576
0.00177343911491
0.0015575978905
0.00216751103289
0.00195905100554
0.00975905614905




layer number :  21
76.178162853
0.0622111768462

jsonTime
2.18046969105
0.0138183780946
0.538409753004
0.0425837321673
0.00567472889088
0.0138572249562
0.0046452388633
0.00422590598464
3.26615797193
0.0607991099823
0.27423681505
0.0320609170012
0.00485205301084
0.732701468049
0.0136175400112
0.00498458696529
0.00432423083112
0.0040866821073
0.0734657701105
0.0085743709933
0.00826777983457

layerTime
16.1987254738
0.00481403595768
6.3496310201
0.0858282719273
0.00213797017932
0.00425192411058
0.00226946407929
0.00198269286193
38.761297748
0.00587807805277
2.01157302316
0.00217907689512
0.00211742287502
5.07827457297
0.00439731799997
0.00214149407111
0.00216785399243
0.0019754068926
0.228319655871
0.00453101121821
0.00426022219472

checksumTime
0.002100429032
0.00211561890319
0.00229845289141
0.00222399202175
0.00212443689816
0.00228049000725
0.00190641009249
0.00190421915613
0.00212379894219
0.00179403694347
0.00224261288531
0.00221362919547
0.00188455893658
0.00209461408667
0.00235327496193
0.00175687205046
0.00183340208605
0.00170068000443
0.00414223992266
0.00373029895127
0.0188773570117




layer number :  21
77.669340245
0.0839820001274

jsonTime
2.21016251901
0.0047677019611
0.574981986079
0.0627865388524
0.00462278304622
0.0157674967777
0.00459432601929
0.00452280300669
3.29642998613
0.0601849991363
0.26435483899
0.0425684880465
0.00942413904704
0.923942174995
0.0136008001864
0.0052646480035
0.00416568806395
0.00466009206139
0.0723585409578
0.00475074211136
0.00430924096145

layerTime
16.7877081549
0.00225129583851
5.83029862493
0.055562506197
0.00191336194985
0.00241539510898
0.00212317798287
0.0019509200938
39.6161335139
0.00594726786949
2.008873516
0.00358173507266
0.0038000959903
5.42837628699
0.00404269690625
0.00214572204277
0.00211320002563
0.00225132005289
0.151995555032
0.00213122786954
0.00219797599129

checksumTime
0.0174222572241
0.00206370512024
0.00220344099216
0.00199501286261
0.00177225517109
0.002397590084
0.00225092982873
0.00173532194458
0.00208418397233
0.00180984614417
0.00232832087204
0.0035128488671
0.00334335397929
0.00214822497219
0.00189191196114
0.00187595398165
0.00163934682496
0.00170557806268
0.00217804592103
0.00182872102596
0.00900263199583




layer number :  21
78.3963900888
0.0647180178203

jsonTime
2.09334672196
0.00788200204261
0.659886671929
0.0640037569683
0.0135480740573
0.00437531410716
0.00419370806776
0.00426541292109
3.21178861102
0.0445445030928
0.261164029129
0.0128986949567
0.00477101001889
0.697527074954
0.00509205297567
0.00455506914295
0.00416137208231
0.00406006211415
0.0869884870481
0.00472147809342
0.0156459810678

layerTime
17.4012686179
0.0038674660027
6.2782232631
0.0555754131638
0.00404673488811
0.00229675788432
0.00185954896733
0.00183991692029
38.8550467549
0.0172935840674
2.42487333086
0.00402910402045
0.00193904200569
5.86684136395
0.00227038306184
0.00197519897483
0.00193999498151
0.00194973289035
0.136008121073
0.00221011997201
0.00421390798874

checksumTime
0.003612075001
0.0034725270234
0.00204099295661
0.00168404495344
0.00178015697747
0.00174140301533
0.00159127707593
0.0016018091701
0.00222377688624
0.00199789181352
0.00198453012854
0.00218972493894
0.00198502512649
0.0024622369092
0.00203928095289
0.00172959687188
0.00173682393506
0.00162900006399
0.00210601883009
0.0020004529506
0.00934785394929




layer number :  21
77.242098724
0.0671664520632

jsonTime
2.08618831099
0.0133457321208
0.562471414916
0.0630748469848
0.00507208192721
0.0134997500572
0.00446141604334
0.00424375501461
3.3889055131
0.0602142119315
0.259656923125
0.00450553512201
0.00446959584951
0.736512774136
0.0127793948632
0.00490451604128
0.00467037409544
0.00438896403648
0.0730802568141
0.00499292602763
0.00478908303194

layerTime
17.169652404
0.00509722181596
6.26155483094
0.0656639540102
0.00191544904374
0.00364146800712
0.00190297607332
0.00184804014862
38.8532405088
0.00645102700219
1.74013556796
0.00209627905861
0.00204052310437
5.52925683884
0.00420366600156
0.00216568307951
0.00204957695678
0.00214351015165
0.147157402011
0.0021403839346
0.00232020905241

checksumTime
0.00207199389115
0.0020394041203
0.00196675700136
0.00200043013319
0.00194412004203
0.00212675682269
0.00203388486989
0.00195558788255
0.0018838471733
0.00175884296186
0.0020938438829
0.00208260095678
0.0018674179446
0.00200593215413
0.00202453602105
0.00189338880591
0.00183045794256
0.00171277299523
0.00260508409701
0.00207753898576
0.0104127859231




layer number :  21
77.6168042701
0.0990537898615

jsonTime
1.95676550199
0.00482268002816
0.575794605073
0.0632633219939
0.00470534595661
0.0132689450402
0.00465578003787
0.0041027541738
3.19527993421
0.0605654260144
0.26108707604
0.0049941521138
0.00411930610426
0.730382216861
0.012815955095
0.00503880693577
0.00425424799323
0.00422182190232
0.0803621888626
0.00477317092009
0.00419073598459

layerTime
16.9736345741
0.00195523397997
5.84901675
0.0464849399868
0.00188734009862
0.00386803993024
0.00215403898619
0.00210340390913
39.4121764549
0.00593994092196
2.27095516189
0.0023401370272
0.00185729702935
5.74225781206
0.00442524603568
0.00210187514313
0.00202944991179
0.00210862001404
0.134258138947
0.00231705792248
0.00205233111046

checksumTime
0.00231898482889
0.00168141000904
0.00213614199311
0.00195048097521
0.00196635001339
0.00227568508126
0.00195299880579
0.001863963902
0.0021414370276
0.0020406730473
0.00216572894715
0.00208764593117
0.0018378039822
0.00222003390081
0.00242422497831
0.00223222398199
0.00191333307885
0.00191136612557
0.00221140915528
0.0019750520587
0.00895856204443




