layer number :  6
88.487801773
0.0337651418522

jsonTime
1.62306660903
0.00476488703862
0.00478496402502
0.269719599979
0.0221015862189
6.28637601202

layerTime
12.8039278318
0.00248104496859
0.00229915813543
2.3405210739
0.0207096969243
65.0358989658

checksumTime
0.00245097908191
0.00199741590768
0.00221594702452
0.00342693692073
0.00313654704951
0.0222532241605




layer number :  6
87.3521001639
0.0410912330262

jsonTime
1.65782648092
0.0134823841508
0.00475170998834
0.223940965021
0.0218469309621
6.09544199309

layerTime
12.1683264871
0.00447252579033
0.00195340486243
2.43167932611
0.0200305480976
64.645259219

checksumTime
0.00216486188583
0.0019741691649
0.0018872700166
0.00226777791977
0.00219052587636
0.00965664396062




layer number :  6
88.949719839
0.03611158696

jsonTime
1.65995815303
0.004955915967
0.00434866198339
0.252928496804
0.0223030389752
6.07540694112

layerTime
12.512045434
0.00208995700814
0.00201167701744
2.42993325903
0.0198938630056
65.9054008909

checksumTime
0.00213901489042
0.00205927412026
0.00185119104572
0.00213231006637
0.00198154198006
0.0103505870793




layer number :  6
90.157695997
0.0362070079427

jsonTime
1.67160603893
0.00498390407301
0.00458063185215
0.248566969996
0.0151509388816
6.16024556803

layerTime
12.287081735
0.00208809692413
0.00216465909034
2.38752211002
0.0179658711422
67.2788406122

checksumTime
0.00217951205559
0.00181911303662
0.001936258981
0.0021742710378
0.00217316183262
0.0284784960095




layer number :  6
91.7179661549
0.0328612099402

jsonTime
1.655001309
0.00488745118491
0.0134392920882
0.258555023
0.0233934929129
6.05269777891

layerTime
13.311508629
0.00222994294018
0.00450495700352
2.57337945001
0.0198971491773
67.7293863602

checksumTime
0.00221947790124
0.00190264289267
0.0018323098775
0.00222055008635
0.00222326093353
0.0238953297958




layer number :  6
90.4852240242
0.0387694071978

jsonTime
1.63709784392
0.00467548216693
0.0045943108853
0.251227934845
0.0224714989308
5.90451875585

layerTime
13.1404077951
0.0022128499113
0.00184142496437
1.83691104013
0.0104333278723
67.590130968

checksumTime
0.00201788195409
0.00189661607146
0.00163808115758
0.00203733704984
0.00205484917387
0.0277705111075




layer number :  6
90.6860036331
0.0347301629372

jsonTime
1.66621761001
0.00494705117308
0.0044616709929
0.244184322888
0.0224477809388
5.95271817385

layerTime
13.2612788789
0.00245999894105
0.00206687604077
2.36864763009
0.019633220043
67.0696386811

checksumTime
0.00196050200611
0.00206090905704
0.0118307089433
0.00212902599014
0.00214116205461
0.0106279030442




layer number :  6
90.0724860269
0.0363307208754

jsonTime
1.6090399099
0.0047814277932
0.00494798412547
0.255929643055
0.0200743479654
5.86161700101

layerTime
12.562126043
0.00190913304687
0.00212845299393
2.38985243998
0.00585109600797
67.2935806739

checksumTime
0.00219474616461
0.00202964805067
0.00158931780607
0.00214380398393
0.00208372110501
0.0126081891358




layer number :  6
90.613442119
0.0365042521153

jsonTime
1.63864337304
0.00490338914096
0.0128396160435
0.198438426014
0.0217599058524
6.03572917008

layerTime
12.8864358098
0.00219219899736
0.00455346191302
2.16859586793
0.0200684100855
67.559474238

checksumTime
0.00208839005791
0.0019530178979
0.00216904003173
0.00232613016851
0.00221883389167
0.010195431998




layer number :  6
91.2295381331
0.0405585730914

jsonTime
1.65618450195
0.00473380601034
0.00466236681677
0.278533004923
0.0137104650494
5.99686173396

layerTime
13.230227055
0.00201843190007
0.00206477800384
2.13143635099
0.0165108358487
67.8293722039

checksumTime
0.00205902894959
0.00192082021385
0.0019264491275
0.00222558202222
0.00200348417275
0.00999084115028




