layer number :  24
62.4261053589
0.0718422438949

jsonTime
0.0298234790098
2.03588751098
0.00496344896965
0.00476604886353
3.16400513798
0.0148674109951
0.00469531700946
0.00409278902225
0.00422140303999
0.00395973585546
0.00492064305581
0.0132635720074
0.359192963922
0.00514773000032
0.0131459080148
0.18166059698
0.00550210406072
0.012889394071
0.0064179750625
0.415517023066
0.00476091192104
0.0125975450501
0.00457854988053
0.00431184400804

layerTime
0.00820703012869
16.935190706
0.00226851506159
0.00216658902355
31.6662946981
0.00529781891964
0.00184903712943
0.00180501886643
0.00176779483445
0.00182907702401
0.00205095391721
0.00378713407554
3.06395963416
0.00219761813059
0.00388573901728
0.951259810012
0.00187581195496
0.00343619589694
0.00203814078122
3.30998338899
0.00192523002625
0.00411084783264
0.00223609409295
0.00195630802773

checksumTime
0.00444868393242
0.00218029203825
0.00192579603754
0.0017959990073
0.00233352091163
0.00213800603524
0.00161309889518
0.0015951921232
0.00162482820451
0.00180958304554
0.00152781000361
0.00199950789101
0.0022393479012
0.0018808778841
0.00207495200448
0.00214402796701
0.00165890296921
0.00213621812873
0.00151924113743
0.00208783592097
0.00182083505206
0.0020358171314
0.00189600302838
0.0093523839023




layer number :  24
63.8406751412
0.0305936820805

jsonTime
0.0152879499365
1.70333470497
0.00551178888418
0.00468672905117
3.35254092189
0.0146207751241
0.00453167012893
0.00429521407932
0.00400443491526
0.00418614596128
0.00426508905366
0.0131956611294
0.355420021806
0.00516298017465
0.0135437611025
0.16912002
0.00431973394006
0.0130763452034
0.00546875991859
0.394559103996
0.00523162004538
0.0130971339531
0.00464201509021
0.00450253393501

layerTime
0.00397767801769
17.3103377291
0.00204215408303
0.00221544201486
31.953883149
0.00504999887198
0.00195706193335
0.00185815594159
0.00181113905273
0.00165525707416
0.00187983596697
0.00327624497004
3.25449945009
0.00213886285201
0.00379806291312
1.45570631488
0.00234984094277
0.00362253189087
0.00203002407216
3.6103194349
0.00227136607282
0.00399311399087
0.00228994805366
0.00201581092551

checksumTime
0.00201909802854
0.00221912399866
0.00180411781184
0.00198376108892
0.00215827208012
0.00210784096271
0.00184973794967
0.00181219214574
0.00178363290615
0.00189365888946
0.00186730502173
0.00188394403085
0.00218256493099
0.00181007105857
0.00196040305309
0.00205314205959
0.00198471499607
0.00204955902882
0.00165836908855
0.00241259695031
0.00190046499483
0.00213057990186
0.00192875904031
0.0101002261508




layer number :  24
64.328947583
0.108845054172

jsonTime
0.00818238593638
2.04630238004
0.00466848001815
0.0128699280322
3.11929940013
0.00620264792815
0.00438947300427
0.00420780805871
0.00422430015169
0.00461150007322
0.0131205059588
0.0045089898631
0.356391255045
0.0133220409043
0.00496663013473
0.172583735082
0.0131920629647
0.0044689711649
0.0050674919039
0.416012130911
0.0128876080271
0.00502622011118
0.00434543495066
0.00393338617869

layerTime
0.00458880700171
16.9483585779
0.00238460395485
0.00493362895213
32.49760049
0.00225269212388
0.00203811912797
0.00209656893276
0.0019586798735
0.00184959103353
0.00483109010383
0.0019990040455
3.25496451696
0.0041956321802
0.00218145083636
1.59812766779
0.0032784899231
0.0019559469074
0.00206442712806
3.56416895008
0.00413039093837
0.0022271128837
0.0020382120274
0.00180605985224

checksumTime
0.00402780505829
0.00205085310154
0.00199478701688
0.00221842085011
0.0022029329557
0.00207718391903
0.00157731492072
0.00176181690767
0.00183461001143
0.00155734596774
0.00206262199208
0.00210305606015
0.00204598996788
0.00213234685361
0.00194039009511
0.00225710612722
0.00208654603921
0.00161357899196
0.00194249697961
0.00218122592196
0.00183706101961
0.00196019303985
0.00177892600186
0.00849095196463




layer number :  24
62.9791114461
0.118586228928

jsonTime
0.00854477798566
1.92959797499
0.0057117829565
0.0126816160046
3.20673150592
0.00636640982702
0.00448384112678
0.00449323095381
0.00433105812408
0.00419475603849
0.0129329699557
0.00452092895284
0.359450652963
0.0139917151537
0.00450495397672
0.184539284091
0.0138118220493
0.00523357698694
0.00505225989036
0.41102894512
0.0132008150686
0.00497998599894
0.00419166707434
0.00437410385348

layerTime
0.00452522211708
16.1955576371
0.00236125802621
0.00462087313645
32.2919769001
0.00231871800497
0.00208395300433
0.00194642296992
0.00189671898261
0.00183221511543
0.00474942312576
0.00213557388633
2.99405319407
0.00415294594131
0.00219437712803
1.45573899406
0.00342089007609
0.0022418119479
0.0019933921285
3.58275333885
0.00425677490421
0.00242855818942
0.00237138289958
0.00188704696484

checksumTime
0.00373458187096
0.00227679708041
0.00207526283339
0.00218384899199
0.00228840601631
0.00187845807523
0.00176257686689
0.00164525606669
0.00156339281239
0.00161374593154
0.00209602899849
0.00173987913877
0.00211719586514
0.00194138498046
0.00191050884314
0.0022100508213
0.0022012500558
0.00182894896716
0.00166246993467
0.00243543903343
0.00212855497375
0.00190506386571
0.00207146513276
0.00888264016248




layer number :  24
63.010652456
0.0699395600241

jsonTime
0.0305390711874
2.02683767513
0.00518859806471
0.00439214496873
3.2636848751
0.0153470640071
0.00463919294998
0.00420464598574
0.00401267013513
0.00468718493357
0.00424037897028
0.0127765790094
0.374127944
0.00516819488257
0.0129743658472
0.202954349108
0.00458673201501
0.0127972420305
0.00555933197029
0.413126474945
0.00501575716771
0.012450982118
0.00472578592598
0.0046019020956

layerTime
0.00852505979128
16.2847076389
0.00202403101139
0.0018938689027
31.7008354519
0.00520829088055
0.00207431707531
0.00201786705293
0.00209725205787
0.00182205298916
0.00188648491167
0.00338648399338
3.26635054592
0.002520699054
0.00385040300898
1.67844799487
0.0020411380101
0.00310625997372
0.00224086898379
3.458951612
0.00198094383813
0.00411836290732
0.00204842700623
0.00192961585708

checksumTime
0.00437741307542
0.00214721797965
0.00202673696913
0.00190121307969
0.00209417799488
0.0020975060761
0.00176797993481
0.00169934891164
0.00201388588175
0.0016180712264
0.00174197996967
0.00193085311912
0.00212241499685
0.00176947610453
0.00201968709007
0.00207540602423
0.00174043094739
0.00201494898647
0.00186365609989
0.00211886898614
0.00210193893872
0.0022994230967
0.00215373304673
0.00846091797575




layer number :  24
63.886192196
0.0770502551459

jsonTime
0.0319504810032
2.05854249489
0.00568387191743
0.00485870288685
3.672018226
0.0147385580931
0.0045781689696
0.00442064204253
0.00414124992676
0.00415401998907
0.00446598092094
0.0132735380903
0.357168618822
0.00541730108671
0.0129300029948
0.187772489153
0.00476750195958
0.012821100885
0.00585887208581
0.410429910989
0.0045457337983
0.0125421360135
0.00442304019816
0.00431282795034

layerTime
0.008842256153
17.145801594
0.00198936113156
0.00214234204032
31.3472586982
0.00522912410088
0.00221361895092
0.00221061217599
0.00174886803143
0.00169949489646
0.00177136622369
0.00313209905289
3.19951886614
0.00222493498586
0.00395889487118
1.67963058385
0.00214051315561
0.00339061394334
0.00182665791363
3.47811594605
0.00207398412749
0.00413244101219
0.00204971199855
0.00181939196773

checksumTime
0.00402303505689
0.00220968201756
0.00184969301336
0.00187484687194
0.00237347581424
0.00200545601547
0.00194264785387
0.00188964395784
0.00172343407758
0.00166053697467
0.00162121281028
0.0021129490342
0.00224745296873
0.00196522800252
0.00200448394753
0.00212244107388
0.00231205695309
0.00210696901195
0.00172669906169
0.00210249610245
0.00195192894898
0.00204372988082
0.00193146802485
0.00889951898716




layer number :  24
63.876346118
0.0803898391314

jsonTime
0.0303240208887
2.07527836203
0.00498946500011
0.00424634199589
3.3178143031
0.0148049530108
0.00466055702418
0.00494488002732
0.00400329683907
0.00423572701402
0.00409041391686
0.0129828869831
0.351561176125
0.00569750997238
0.0126731749624
0.15606134804
0.00447013298981
0.0130817850586
0.00607193098404
0.410008463077
0.00490792491473
0.0128053440712
0.00474569480866
0.00419326592237

layerTime
0.00886070798151
16.7501551891
0.00231046508998
0.00213679089211
32.3279371629
0.0050702241715
0.00201056618243
0.0020281940233
0.00194872706197
0.00200467905961
0.00199187011458
0.00330397603102
3.49154681293
0.00214951601811
0.00469512608834
1.34455906297
0.00230657006614
0.00342799304053
0.00221826112829
3.29836591706
0.00203803600743
0.00391115900129
0.00219656014815
0.00186862004921

checksumTime
0.00407943292521
0.00226610293612
0.00193408108316
0.00172238890082
0.0022163039539
0.00199809181504
0.00184793095104
0.00160424294882
0.00157973100431
0.00173006695695
0.00164766190574
0.00203388603404
0.00245702895336
0.00192012498155
0.00215873494744
0.00206483504735
0.00211821985431
0.00212167296559
0.00190849183127
0.00212858594023
0.00196578796022
0.00213186815381
0.00200898991898
0.00887948903255




layer number :  24
64.5521974321
0.0688762150239

jsonTime
0.0305312729906
2.10163203906
0.00481042801403
0.00488373101689
3.20343472902
0.795289983973
0.00870174705051
0.00825349311344
0.00818007695489
0.00837969500571
0.00854401802644
0.0262484978884
0.44947015401
0.00532626896165
0.012765367981
0.177987667965
0.00473670219071
0.0127581730485
0.00560174696147
0.405076833908
0.00471284100786
0.0134698019829
0.00530240591615
0.00404313090257

layerTime
0.00857080495916
16.7253778439
0.00186964683235
0.0021686910186
32.072249244
0.0105585372075
0.00429570884444
0.00434259697795
0.00425770203583
0.00438045384362
0.00420289090835
0.00651804800145
3.26161020412
0.00223078415729
0.0038882070221
1.74969722098
0.00215743482113
0.00329023995437
0.00223469594494
3.21510983212
0.00245209690183
0.00399715988897
0.00211336207576
0.00206710095517

checksumTime
0.00417835498229
0.00213002506644
0.00215506902896
0.0018704389222
0.00231289002113
0.00421485793777
0.00419928506017
0.00402021198533
0.00363109400496
0.0042963961605
0.0037100519985
0.00412509404123
0.00218725390732
0.00185645394959
0.0021629370749
0.00209688884206
0.00185417709872
0.00211961800233
0.00170464511029
0.00203531095758
0.00242441613227
0.00204774015583
0.00205877795815
0.00840564421378




layer number :  24
62.219434395
0.0665449530352

jsonTime
0.0302742328495
2.04577034293
0.00793939898722
0.00800952501595
3.65419876296
0.0148319317959
0.00445879600011
0.00401993398555
0.00415259203874
0.00434835790657
0.00442471704446
0.0128696800675
0.355607592966
0.00509180594236
0.013481000904
0.179775620112
0.00535746407695
0.0125993059482
0.00570299499668
0.417435016017
0.00466513098218
0.0130512930918
0.00482303905301
0.00455629802309

layerTime
0.0080434482079
16.1469895549
0.00400441908278
0.00345089682378
31.323640296
0.00499510602094
0.00205263611861
0.00211899005808
0.00185335194692
0.00179437687621
0.00203604903072
0.0032202929724
3.26637758804
0.00225568097085
0.00373995606788
1.19354929891
0.00209753704257
0.00329997902736
0.0020831329748
3.28464162885
0.00230039493181
0.00398651696742
0.00239145592786
0.00233542895876

checksumTime
0.00408858899027
0.00365563202649
0.00373999006115
0.00319864810444
0.00203231815249
0.00194875895977
0.00180375599302
0.00169278495014
0.00149226211943
0.00147841405123
0.00160302594304
0.00214222702198
0.00217961100861
0.00187382404692
0.00206906395033
0.00203082500957
0.0019766530022
0.00195664702915
0.00165312504396
0.00227542105131
0.00188185903244
0.00237348699011
0.00209927000105
0.0092350600753




layer number :  24
62.686637152
0.0815900098532

jsonTime
0.0304485971574
1.98979802104
0.0054923731368
0.00459136487916
3.1793675588
0.418631042121
0.00442941510119
0.00438359309919
0.00425351317972
0.00433396501467
0.00474667199887
0.0127980911639
0.359742492903
0.0053264091257
0.0133211580105
0.174703573808
0.00562998396344
0.0132057759911
0.00548619008623
0.411691647023
0.00454140687361
0.0125590779353
0.00437754602171
0.00420608185232

layerTime
0.00829055299982
16.216017968
0.0020483629778
0.00223271502182
31.6103642222
0.0060274170246
0.00223335204646
0.00177108496428
0.00204007490538
0.00179752591066
0.00194225902669
0.00329562695697
3.49480418907
0.00244966894388
0.00403539184481
1.19378916407
0.00223327893764
0.00340809696354
0.00219068489969
3.29838076397
0.00218650908209
0.00383782107383
0.002198030008
0.00188990402967

checksumTime
0.00411489396356
0.00212488486432
0.0016727889888
0.00166336912662
0.00228662486188
0.0020406357944
0.00176377990283
0.00161649589427
0.00201213010587
0.00164073496126
0.00157570489682
0.00173111096956
0.00211784197018
0.00163125805557
0.00209816917777
0.00210244208574
0.00179004413076
0.00216733687557
0.00172123406082
0.00220137415454
0.00216749799438
0.00225437898189
0.00178960501216
0.00954415509477




