layer number :  23
37.3366001118
0.0676817188505

jsonTime
0.0306999909226
2.94716460211
0.0595598290674
0.00655621406622
0.00533034303226
0.277557343943
0.0126693211496
0.00457872403786
0.218932976946
0.00483604613692
0.312720314832
0.00543467490934
0.00465947086923
0.00515997409821
0.00562990712933
0.0141131889541
0.00604816712439
0.00458747684024
0.00449424795806
0.00454923301004
0.00454075494781
0.0133804401848
0.00471223099157

layerTime
0.00808957917616
25.2131368578
0.00312880799174
0.00222641602159
0.00216091005132
2.67199661699
0.0040966628585
0.00215171882883
1.79721590085
0.00226906780154
3.51992159197
0.00213315198198
0.00212985114194
0.00224267295562
0.00203090789728
0.00307620503008
0.00245633698069
0.00202347501181
0.00225494708866
0.00206398800947
0.00217087590136
0.00318723684177
0.00233477493748

checksumTime
0.0040099339094
0.0022805579938
0.0019490479026
0.00178700499237
0.00186276901513
0.00226507289335
0.00202975212596
0.00206814520061
0.00213778903708
0.00186530221254
0.00234788213857
0.00189587916248
0.00220337882638
0.00188703997992
0.00185483600944
0.00196776096709
0.00188166601583
0.00195215106942
0.00208295392804
0.00170654105023
0.00171666103415
0.00206620316021
0.00876649585553




layer number :  23
38.329681251
0.0639340099879

jsonTime
0.00799866882153
3.07865507901
0.0596280770842
0.0058888331987
0.00552279013209
0.297961053904
0.012763123028
0.00436370586976
0.204905830091
0.00440396787599
0.330154394964
0.00500207906589
0.0047832520213
0.00559985591099
0.00444774189964
0.0133049329743
0.0056657588575
0.00421230890788
0.00404625199735
0.0040307729505
0.00404255418107
0.0135885400232
0.00503103481606

layerTime
0.00428000511602
25.8913935269
0.00575743778609
0.00221174582839
0.00201011588797
2.95430242689
0.00431863311678
0.00213700300083
1.76453962806
0.00196341006085
3.46733825514
0.00206215400249
0.00206838408485
0.00213522510603
0.00192897906527
0.00339517416432
0.00218051997945
0.0021802529227
0.00187352788635
0.00170120992698
0.00197867094539
0.00300263613462
0.0021101590246

checksumTime
0.00360817299224
0.00225650705397
0.00184678100049
0.001636472065
0.00160865811631
0.00211292202584
0.00178404501639
0.00178496493027
0.00210416503251
0.00187663291581
0.00210429192521
0.00193161191419
0.00175615795888
0.00180268497206
0.00165250594728
0.0019419840537
0.00169775914401
0.00170770217665
0.0014871370513
0.00172413000837
0.00154580385424
0.00189737905748
0.00922130607069




layer number :  23
37.03608002
0.066488889046

jsonTime
0.00835062307306
3.0864002991
0.0593763680663
0.00645742495544
0.00545109715313
0.283953060163
0.0130032170564
0.00456087198108
0.234586464008
0.00438393093646
0.337304241955
0.00510772899725
0.00477192201652
0.00473219202831
0.00451709888875
0.0139649319462
0.00568451103754
0.00446666893549
0.00508208805695
0.00420026411302
0.00390722998418
0.0132360160351
0.0045899101533

layerTime
0.00426406483166
25.8773468949
0.00616036402062
0.00243036611937
0.00206615380011
3.07541370997
0.00405708607286
0.00222297315486
1.41409440199
0.00209167809226
2.35756480903
0.00230057910085
0.00195646798238
0.00200172909535
0.00190906599164
0.00337970792316
0.00200081104413
0.00194224296138
0.00226107798517
0.00198595179245
0.00209872005507
0.00332099408843
0.00209652190097

checksumTime
0.0034337900579
0.0216411689762
0.00204804190435
0.00214513787068
0.00163414701819
0.00222673686221
0.00207106792368
0.00214643077925
0.00208764406852
0.00207974808291
0.00213257595897
0.00182008487172
0.00165446498431
0.00181716494262
0.00166337611154
0.00216228002682
0.00183309707791
0.00177892297506
0.00198115198873
0.00165808014572
0.00185604789294
0.00213187886402
0.0108525920659




layer number :  23
37.0024561121
0.0644237231463

jsonTime
0.00912990397774
3.23957333085
0.0593859029468
0.00610669609159
0.00476673198864
0.382585479179
0.0131197909359
0.0044393229764
0.206519628875
0.00437718583271
0.338159874082
0.00486271898262
0.00441922806203
0.00496483105235
0.00520376907662
0.0197775529232
0.00562244607136
0.00393986492418
0.00390612799674
0.00397177296691
0.0046667100396
0.0163551939186
0.00427564582787

layerTime
0.00429637893103
25.1816119482
0.0254076251294
0.0022553880699
0.00212266598828
2.64156849287
0.00428317906335
0.00200813706033
1.75806599203
0.0022829931695
2.88565144385
0.00218481197953
0.00211086007766
0.00192484306172
0.00197878084145
0.00248001795262
0.0024501690641
0.00189100718126
0.00198579905555
0.00199763290584
0.00188834988512
0.00293426611461
0.00215256307274

checksumTime
0.00371613912284
0.00231029186398
0.0018722738605
0.00196747691371
0.0018044449389
0.00184952304699
0.00179525208659
0.00162920099683
0.00210304907523
0.00175301590934
0.00206310115755
0.00170388491824
0.00181928183883
0.00172526296228
0.00149352615699
0.00185819994658
0.00196923594922
0.00147751788609
0.00155963096768
0.00177009310573
0.00180825707503
0.00198300206102
0.00861657597125




layer number :  23
36.9998901859
0.0661762128584

jsonTime
0.00832687714137
2.85065543302
0.0409422719385
0.00649430300109
0.00555501598865
0.272488633869
0.0126542821527
0.00434848014265
0.215933979023
0.00451790192164
0.318121513817
0.0051871209871
0.00525044417009
0.00451695802622
0.00430127279833
0.60366577981
0.010949451942
0.00778595684096
0.00800605094992
0.00793661898933
0.00816127914004
0.0262274229899
0.0166941599455

layerTime
0.00411617290229
25.0252028198
0.0195321680512
0.00229770806618
0.00224028201774
2.68210844113
0.00416651694104
0.00231052003801
1.75179050188
0.00217186915688
2.86335622519
0.00231986003928
0.00203319196589
0.00216088700108
0.001927199075
0.00649586413056
0.00458741607144
0.00452628917992
0.00412935414352
0.00419504800811
0.00449968199246
0.0061872410588
0.00418941513635

checksumTime
0.00341940810904
0.00222181202844
0.00234836898744
0.00183447008021
0.00176937901415
0.0020625598263
0.00202245288529
0.0018258979544
0.00217936304398
0.00169291603379
0.00231331493706
0.0019051078707
0.00180468498729
0.0018126280047
0.00181522010826
0.00427795597352
0.0040123690851
0.00403244188055
0.00391999399289
0.00379837281071
0.00405057589523
0.00439006299712
0.0170698149595




layer number :  23
36.3245659599
0.0716978718992

jsonTime
0.00804123585112
2.98110251315
0.0597065309994
0.00602880585939
0.00506978109479
0.288803027943
0.013134870911
0.00452582421713
0.20666562207
0.00523084797896
0.343363441993
0.00598928099498
0.00443603377789
0.00493154511787
0.00433578691445
0.0133786029182
0.00578998913988
0.00420824997127
0.00403278600425
0.00409721094184
0.00417100195773
0.0124006690457
0.00451696990058

layerTime
0.00401720311493
24.4427405789
0.00592637993395
0.0022411190439
0.00206983997487
3.17698098207
0.00432752887718
0.00221787695773
1.71933458
0.00208256603219
2.81547142309
0.00227196491323
0.00190561218187
0.00201300787739
0.00184783595614
0.00333399698138
0.00215572980233
0.00190472300164
0.00217639305629
0.00196853792295
0.00182690401562
0.00333862099797
0.00208439002745

checksumTime
0.00371701386757
0.00223009008914
0.00195731711574
0.00188824394718
0.00179721601307
0.00204418506473
0.00197199499235
0.00179008184932
0.00208673696034
0.00215344503522
0.00213203299791
0.00190242612734
0.00160276982933
0.0015839592088
0.00161520112306
0.00202301796526
0.00193998916075
0.00183303491212
0.00190855306573
0.00173898600042
0.00166255515069
0.0018552809488
0.00941812596284




layer number :  23
37.3436695421
0.0651265010238

jsonTime
0.0304214691278
3.192774795
0.059255230939
0.00606336584315
0.00478470697999
0.288243963849
0.0138102930505
0.00444949185476
0.213995394064
0.158399414038
0.374199311016
0.00468158605509
0.00449543003924
0.00447949604131
0.00462969508953
0.0131931588985
0.00556838000193
0.00400046282448
0.00397454481572
0.00380605994724
0.00414661108516
0.0126022910699
0.00428669992834

layerTime
0.00803777598776
25.2943276539
0.00321675697342
0.00222140620463
0.00207802304067
3.34886546014
0.00455595203675
0.00190712115727
1.74629969895
0.00392424291931
2.36366422614
0.00256144185551
0.00204212893732
0.00182185391895
0.00197531096637
0.00311419810168
0.00199171691202
0.00180460396223
0.00166322896257
0.00175187387504
0.00168405286968
0.0034359190613
0.00207757297903

checksumTime
0.00431626709178
0.00226198602468
0.00198676506989
0.00169330998324
0.00191107997671
0.00218053394929
0.00184576795436
0.00166229088791
0.0020468221046
0.00333836092614
0.00230511487462
0.0017367771361
0.00175609695725
0.0014943650458
0.00171187706292
0.00183920492418
0.00177450617775
0.00185240921564
0.00190646620467
0.00203869608231
0.0014839109499
0.00213988800533
0.0104109600652




layer number :  23
37.9252311292
0.0727072211448

jsonTime
0.0082325709518
3.10953285894
0.0602807481773
0.00913479900919
0.00946089997888
0.37216521916
0.0129083949141
0.00453503406607
0.243812784087
0.00477413600311
0.331783659058
0.00520113902166
0.00471237604506
0.00509487697855
0.00479437294416
0.0141957739834
0.00614533992484
0.00474842195399
0.00439716409892
0.00414101104252
0.00435622991063
0.0134617621079
0.00426773284562

layerTime
0.00435038888827
25.3866827269
0.00263830297627
0.00448484206572
0.00497791799717
3.32787623885
0.00419879704714
0.00226889085025
2.15093658189
0.0021503069438
2.62472403585
0.00251025683247
0.00214760890231
0.00197774008848
0.00209939200431
0.0105076171458
0.00238567800261
0.00221510883421
0.00197501084767
0.00194090395235
0.00191769888625
0.0034661849495
0.00224530999549

checksumTime
0.00386283919215
0.00221771397628
0.00196625688113
0.00367508688942
0.00379611202516
0.0021294511389
0.0020717990119
0.00200067902915
0.00214643706568
0.00195493502542
0.00226788618602
0.00195673503913
0.00201693410054
0.00170694384724
0.00180890201591
0.00217584799975
0.00194390513934
0.00169655308127
0.00186708010733
0.00162915908732
0.0016337770503
0.00200055004098
0.00958449719474




layer number :  23
35.6429624041
0.0683081960306

jsonTime
0.0302814198658
3.12119134516
0.0602039541118
0.00739218504168
0.00502250692807
0.279392861994
0.0253187320195
0.00431962800212
0.218389246846
0.00451569212601
0.34616418113
0.00556803890504
0.00461638206616
0.00583517691121
0.00488818692975
0.0147729429882
0.00626246700995
0.00473031098954
0.00489685195498
0.00456174300052
0.00440575694665
0.0140109779313
0.00496273022145

layerTime
0.00828281999566
24.9427022389
0.0036605198402
0.00237038801424
0.00214585615322
2.82274383213
0.00430372101255
0.00216478202492
1.51451140409
0.00228310492821
2.00208602194
0.00228845514357
0.00210955902003
0.00212235213257
0.00200820388272
0.00377717614174
0.00250935694203
0.00236700498499
0.00213703908958
0.00202499097213
0.00201336294413
0.00356087205
0.00216672685929

checksumTime
0.00422262190841
0.00236926903017
0.00195543211885
0.00190528389066
0.0016716378741
0.00221756682731
0.00199547596276
0.00187248317525
0.00224461592734
0.0019823028706
0.00215538707562
0.00172233488411
0.00227635493502
0.00176034704782
0.00169456703588
0.00207863398828
0.00193986110389
0.00176034285687
0.0016357160639
0.00185435009189
0.00185005110689
0.00217288779095
0.00937649607658




layer number :  23
36.6615047751
0.0649038450792

jsonTime
0.0081607978791
2.85445279418
0.0596542048734
0.00590156111866
0.00494557991624
0.32168056001
0.0133011178114
0.00467147189192
0.225187927019
0.00460457103327
0.323512776988
0.00593445007689
0.00474152597599
0.00461801118217
0.00452411500737
0.013365654042
0.00579034700058
0.00453755399212
0.00407328200527
0.00420190906152
0.00412584189326
0.0130644747987
0.00490715098567

layerTime
0.00420259311795
24.6878448608
0.00466882600449
0.00196417002007
0.00190866109915
3.1199767862
0.0038026671391
0.00223226309754
2.27386442712
0.00213266490027
2.512503637
0.00212956289761
0.00217212294228
0.00190495303832
0.00200733589008
0.00321719096974
0.0021716139745
0.00220999494195
0.00202206289396
0.00195767800324
0.00201609008946
0.00317063299008
0.0019103710074

checksumTime
0.00400783889927
0.00216860813089
0.001965445932
0.00175322196446
0.00153868389316
0.00223403098062
0.00221112696454
0.00180160091259
0.00201043300331
0.00202338793315
0.00208950811066
0.00172529299743
0.00185289699584
0.00164488796145
0.00182837201282
0.00206748698838
0.00185314402916
0.00164923118427
0.00175836891867
0.00185396708548
0.00182195403613
0.00209062104113
0.00905598606914




