layer number :  9
77.3260587109
0.0407778609078

jsonTime
2.98217275809
0.0498513081111
0.00554696610197
0.00465356907807
0.00430290400982
0.285407339921
4.348402109
0.00938957417384
0.00438351114281

layerTime
23.9503668479
0.0254827649333
0.00221723597497
0.00202220887877
0.0019119430799
1.9971187741
43.5804446042
0.00257336185314
0.00221478799358

checksumTime
0.00208527897485
0.00223909504712
0.00192854995839
0.00194249092601
0.00179560901597
0.0022720368579
0.00204949988984
0.00188327999786
0.00885405484587




layer number :  9
78.1922163861
0.042937685037

jsonTime
2.91455399501
0.0636522960849
0.00892018992454
0.00748208118603
0.00749831600115
0.324578468921
4.75327601703
0.0188145521097
0.00457241898403

layerTime
24.1008686542
0.0564090250991
0.00361967016943
0.00394441885874
0.00369774992578
2.4328569069
43.4024389831
0.0050820610486
0.00222684699111

checksumTime
0.00374737381935
0.00346026290208
0.00338557478972
0.00306000001729
0.00358245219104
0.00193234905601
0.00217257486656
0.00208828295581
0.00944747100584




layer number :  9
78.6620139019
0.0487272939645

jsonTime
3.28169529908
0.0595954738092
0.0166855307762
0.00495292805135
0.00424948800355
0.291460177163
4.71883404604
0.0087672888767
0.00480258115567

layerTime
23.870046773
0.0151986251585
0.0051166000776
0.00190905109048
0.00200228719041
2.40476061101
43.891151719
0.00253175618127
0.00222668796778

checksumTime
0.00214870204218
0.00199089804664
0.00215566693805
0.00192018784583
0.00191544182599
0.00196127989329
0.00197107996792
0.00205169385299
0.00929732783698




layer number :  9
78.3171638211
0.0409716651775

jsonTime
2.82455096906
0.0596299041063
0.00618699914776
0.00467772292905
0.00450236117467
0.297128036851
4.192432496
0.00937309418805
0.0128543390892

layerTime
23.4561920129
0.00306539796293
0.00220672786236
0.00212008599192
0.00203109392896
2.58313799417
44.781651112
0.0022928440012
0.00450818799436

checksumTime
0.00235178507864
0.00196822988801
0.00199863105081
0.00182737899013
0.00168811203912
0.00214644800872
0.00232917978428
0.00153845292516
0.0100056799129




layer number :  9
77.77209745
0.0456303819083

jsonTime
2.71970499796
0.0406874099281
0.00511303008534
0.00444717193022
0.00469423201866
0.407147507882
4.41185715911
0.00988989509642
0.00491058803163

layerTime
24.226510674
0.0204713770654
0.00211914489046
0.00201538205147
0.00202508899383
2.30068207812
43.5340501699
0.00250618299469
0.00193118094467

checksumTime
0.00212380802259
0.00211055600084
0.00166056700982
0.00173425907269
0.00196513300762
0.00196102494374
0.00205755303614
0.00188621995039
0.00842948001809




layer number :  9
77.871992622
0.037331358064

jsonTime
2.98030354083
0.0597320520319
0.00519225490279
0.00427536014467
0.0041281839367
0.286161910975
4.63906767988
0.00958712399006
0.00513605307788

layerTime
24.3701002202
0.00320030399598
0.00206971005537
0.00194934383035
0.00195119297132
2.00230804202
43.4165716521
0.00263289408758
0.0106837959029

checksumTime
0.00209849188104
0.00195722398348
0.00199657096528
0.00177853717469
0.0017508501187
0.00204026699066
0.002318152925
0.00160753796808
0.0123302950524




layer number :  9
77.1652005978
0.0402379869483

jsonTime
2.95988982799
0.0488941660151
0.00560570997186
0.00477516488172
0.00426660315134
0.297969170148
4.27537172497
0.008924348047
0.00432707299478

layerTime
23.8870081932
0.0355165309738
0.00224446505308
0.00225887913257
0.0020826428663
2.04965143302
43.503494659
0.00226724892855
0.00220157392323

checksumTime
0.00214405683801
0.00442488607951
0.00200975500047
0.00194530887529
0.00174383702688
0.00224062195048
0.00204338994808
0.00163636216894
0.00834302091971




layer number :  9
78.2873852979
0.0378240849823

jsonTime
3.19006999605
0.0598514471203
0.00532851391472
0.00424721208401
0.00428158114664
0.306160921929
4.20714022801
0.00888214097358
0.0044960740488

layerTime
23.8510969849
0.00269728992134
0.00195281789638
0.0020547749009
0.00184760801494
1.97641452402
44.577785196
0.00226965290494
0.00199655583128

checksumTime
0.0159343800042
0.00206885114312
0.00188412307762
0.00181775493547
0.00191995594651
0.00201830710284
0.0022334549576
0.00205251108855
0.00913339410909




layer number :  9
78.2866244458
0.0392896388657

jsonTime
2.99625700596
0.0606619508471
0.00532896793447
0.00438138796017
0.00410423590802
0.268832407892
4.21379294898
0.00884932698682
0.0127926410642

layerTime
24.7525963502
0.00308097316884
0.00222671614029
0.00193280493841
0.00184440612793
2.2930881721
43.5817666871
0.00246538501233
0.00496731186286

checksumTime
0.00211592996493
0.00201503094286
0.00188452401198
0.0017236280255
0.00172119797207
0.00233641592786
0.00212066806853
0.00165521190502
0.0109829569701




layer number :  9
77.8558676539
0.0382132809609

jsonTime
3.17909780587
0.0598443420604
0.00548669788986
0.00444246898405
0.00462985900231
0.318865547189
4.15206900006
0.020425288938
0.00488531892188

layerTime
23.891113403
0.00462605990469
0.00219521299005
0.00201054592617
0.00213659997098
2.27107653487
43.8529665931
0.0108864950016
0.00225717620924

checksumTime
0.00215272000059
0.00202216813341
0.00193267315626
0.00164552708156
0.00176976481453
0.0021149199456
0.00216608401388
0.00214698794298
0.0109285528306




