layer number :  19
139.48670479
0.0559313590638

jsonTime
0.0301382050384
2.05715530505
0.00491572497413
0.547671562061
1.950434156
4.99306628085
0.0997005759273
0.012549348874
0.0272053680383
0.0163379840087
0.966368919006
0.149910392938
0.00472860992886
0.00436692987569
0.0203080540523
0.174845358822
0.00442319200374
0.0161328539252
0.00408435682766

layerTime
0.00826600613073
23.2078144969
0.00228429306298
8.17167674797
21.4856277599
62.053933871
0.285873494111
0.00447907415219
0.0123370559886
0.0177457460668
10.154129158
1.18361557112
0.00231445604004
0.00199373695068
0.0213156978134
1.64998492505
0.00225682603195
0.00410866411403
0.00215366994962

checksumTime
0.00405979598872
0.00227625085972
0.00177271198481
0.00409856298938
0.00208231317811
0.0150628201663
0.00406053592451
0.0044011939317
0.00449507101439
0.00400630198419
0.00260733184405
0.00203912309371
0.00209931400605
0.00163258216344
0.00173764117062
0.00208858307451
0.00210118293762
0.00193545804359
0.0101955251303




layer number :  19
136.069962378
0.0579577488825

jsonTime
0.00784300686792
2.00341842999
0.00561250792816
0.549253071891
1.56761284685
4.97813186795
0.162041065982
0.00872030598111
0.00872951583005
0.0164130982012
0.976774483919
0.139893457992
0.0133639378473
0.00489880912937
0.0197758839931
0.140900142025
0.00522475899197
0.00418831617571
0.0166468280368

layerTime
0.00421878206544
21.369241369
0.00223038205877
8.02852931502
20.4441720331
61.466470896
0.308100386057
0.00454505602829
0.00477273506112
0.0174377618823
10.2308718429
1.72077715886
0.00378144998103
0.002354668919
0.0213514741044
1.67210899293
0.00213333591819
0.00197580386885
0.00456792698242

checksumTime
0.00395255396143
0.00218593515456
0.00189179298468
0.00236858706921
0.00222229002975
0.0156967360526
0.0044137199875
0.00429119495675
0.00381598295644
0.00382181606255
0.00293565914035
0.00211733020842
0.00222454802133
0.001939086942
0.00172263802961
0.00203503808007
0.00180271291174
0.00184618798085
0.00992442900315




layer number :  19
137.814604143
0.0592360720038

jsonTime
0.00840088096447
2.08685401687
0.0132312751375
0.544832718093
1.73772269185
5.42418268905
0.134840277955
0.00877333292738
0.00842233886942
0.0159229959827
0.963112435071
0.200486256042
0.0267742860597
0.00829503801651
0.0502629259136
0.208846305031
0.00488189188763
0.00415712199174
0.0043976160232

layerTime
0.00454034493305
22.386108337
0.00478621199727
7.61982805887
21.5758614
61.498393429
0.324758125003
0.00476443185471
0.00446026818827
0.0178045670036
9.72042489005
1.48050342291
0.00821418012492
0.00468165311031
0.0154285160825
1.53033805289
0.00228041294031
0.00204437598586
0.00207681604661

checksumTime
0.00354717415757
0.00225330004469
0.00203571887687
0.00225065415725
0.00426533212885
0.021638922859
0.00719690020196
0.00406902213581
0.00406900187954
0.00385299301706
0.00434188288637
0.00413949997164
0.00438775587827
0.00396894803271
0.00410899985582
0.00285332021303
0.00175396702252
0.00175176304765
0.00937927397899




layer number :  19
139.092338365
0.0558637259528

jsonTime
0.036638293881
1.93960844795
0.00958920293488
0.668511789991
1.8550160632
5.03321833396
0.0999676121864
0.00496848300099
0.00486526195891
0.00875169294886
0.830501210876
0.19479376683
0.00461902702227
0.00433389283717
0.0483834580518
0.160077073146
0.00494775897823
0.0040486920625
0.0129155919421

layerTime
0.0189215210266
22.6317103361
0.004436457064
8.20082113985
21.7373825419
61.864618117
0.1352733979
0.00236034183763
0.00227139494382
0.00263007194735
10.090924388
1.66053517605
0.0020433049649
0.002059585182
0.00324983894825
1.68249353999
0.00228508515283
0.00184529903345
0.00369419902563

checksumTime
0.00417401711456
0.00431138998829
0.00414791703224
0.00399035494775
0.00229061301798
0.00196990696713
0.00453010806814
0.00215653609484
0.00203786115162
0.00181772606447
0.00430092518218
0.00241942610592
0.00160295399837
0.00197248882614
0.00217615300789
0.00212051090784
0.00186020089313
0.00167716387659
0.00984597415663




layer number :  19
140.212544028
0.0586067370605

jsonTime
0.00850273994729
1.95169175602
0.00935653108172
0.654602190014
2.29385533207
5.377008565
0.143735908205
0.0090750369709
0.00807972811162
0.016165678855
0.964221596019
0.154517350951
0.0135729410686
0.00489028310403
0.0213706430513
0.154532632092
0.00457007903606
0.00424544000998
0.0127343749627

layerTime
0.00441314605996
22.6177523499
0.00452249892987
8.20234703296
21.407745647
62.645348954
0.326066727983
0.00458795297891
0.00443547684699
0.0170033290051
10.363075197
1.73205345892
0.00359171093442
0.00250559695996
0.0202665280085
0.901093048975
0.00206539500505
0.00198113592342
0.0037142240908

checksumTime
0.00393676501699
0.0188797309529
0.00346667505801
0.00439145090058
0.004133020062
0.00443148380145
0.00422539794818
0.00392351695336
0.003964522155
0.00425338209607
0.00232370011508
0.00216508097947
0.00213121902198
0.00183237087913
0.00179835502058
0.00205804593861
0.00197062594816
0.0015975330025
0.00950245698914




layer number :  19
137.589168665
0.0593358410988

jsonTime
0.00888396217488
2.12024591118
0.0285155379679
0.609642354073
1.95081604994
5.05716137006
0.0681960061193
0.00476086116396
0.00528422184289
0.00774237513542
0.773600680055
0.198739669984
0.0130305150524
0.00535426498391
0.020753097022
0.151293225121
0.00516326003708
0.0046428879723
0.0132502850611

layerTime
0.00419743382372
22.704151622
0.0100667900406
7.95174291381
20.9134827231
61.1909464039
0.140777895926
0.00214737397619
0.00205205916427
0.00118008395657
10.179271217
1.61229693494
0.00357151497155
0.00222715991549
0.0210071459878
1.67318116385
0.00238467706367
0.00235505611636
0.00386717589572

checksumTime
0.00351864495315
0.00409612990916
0.00423265201971
0.00222796807066
0.00294583407231
0.00216752197593
0.0021391029004
0.00174873298965
0.00189424585551
0.00165704102255
0.00413454300724
0.00184736005031
0.00837050401606
0.00195983494632
0.00180220603943
0.0022426249925
0.00185299897566
0.00188104691915
0.00934507395141




layer number :  19
137.119289752
0.05459509301

jsonTime
0.00819645705633
2.02872803691
0.0142842940986
0.589016044978
1.59498260682
5.45868474105
0.617726956028
0.00887872814201
0.00919417617843
0.0165770510212
1.01375768404
0.207992369076
0.012878874084
0.00453014299273
0.0247091569472
0.212536854902
0.00461380695924
0.00441686715931
0.0125946369953

layerTime
0.004307129886
21.4722508031
0.00533521990292
7.77582286205
21.705476176
60.9067355788
0.329390306026
0.00437083980069
0.00440214690752
0.0163958421908
9.77878145687
1.51138098701
0.00371177005582
0.00218793097883
0.0186407370493
1.58936966304
0.00198531686328
0.00206223502755
0.0037510599941

checksumTime
0.00401197909378
0.00228311284445
0.00236561801285
0.00228439713828
0.00571872014552
0.0158566480968
0.0074750399217
0.00397367798723
0.00406605890021
0.00406747288071
0.00428532902151
0.00225043692626
0.00206000288017
0.00212316308171
0.0037642060779
0.00219757505693
0.00189437600784
0.00193376094103
0.00979087688029




layer number :  19
137.984866868
0.0545233089942

jsonTime
0.00820023589768
2.00731431297
0.0134878230747
0.57775946497
1.88857664703
5.01563740196
0.133095307974
0.00860322406515
0.00858816714026
0.0164958459791
0.9844796611
0.159376511117
0.0135037340224
0.00479109818116
0.0206525130197
0.173848188948
0.00550054199994
0.00403030496091
0.00489076413214

layerTime
0.00432619010098
21.981862877
0.00469294912182
7.66107536806
21.6764195999
62.517511158
0.326064351015
0.00468584080227
0.00417780387215
0.0174148590304
9.96886038105
1.18325782381
0.00359373399988
0.00237285182811
0.0206037589815
1.42460149108
0.00215626694262
0.00192263000645
0.00215339194983

checksumTime
0.00387498294003
0.00214554695413
0.0020730048418
0.00421781511977
0.0027491399087
0.0156178520992
0.00433267303742
0.00411333702505
0.00383120705374
0.00390915689059
0.00196366594173
0.00227025710046
0.00196306686848
0.00191785697825
0.00176243018359
0.00287917489186
0.00196545617655
0.00166637683287
0.0087339610327




layer number :  19
138.181885685
0.0558796250261

jsonTime
0.00804535392672
1.95228804997
0.013528194977
0.54189060186
1.75937409885
4.77972024586
0.099694595905
0.00455650989898
0.00438217096962
0.00760778016411
0.974326147931
0.153662700905
0.0265730938409
0.00808341801167
0.0501230449881
0.17800520407
0.00511273508891
0.00483539211564
0.0124373629224

layerTime
0.00431503099389
22.8173902209
0.00438655912876
7.80540073104
21.0583415781
62.161198044
0.126208843198
0.00223280396312
0.00207976205274
0.00132655585185
10.709491163
1.1846746651
0.00743805314414
0.00453069503419
0.015940516023
1.56976441806
0.00223519001156
0.00215565599501
0.00365187600255

checksumTime
0.00362448417582
0.00209151091985
0.00196211901493
0.0022645581048
0.00268679205328
0.00216668611392
0.00365013699047
0.00190479401499
0.00182587793097
0.00169433606789
0.00215229811147
0.00420272396877
0.00430198595859
0.0036981778685
0.00409302604385
0.00199210783467
0.00198944285512
0.00166756496765
0.00939337001182




layer number :  19
138.129437777
0.0561600471847

jsonTime
0.00827858806588
1.96200034698
0.0269466519821
0.651915776078
2.18130454514
4.80827467586
0.123051109957
0.00877818511799
0.00913704000413
0.0167937290389
1.01414473006
0.200870665954
0.0133687090129
0.00465422403067
0.0216331279371
0.214857592015
0.00462361192331
0.00479861185886
0.0128297780175

layerTime
0.00430281693116
22.6622574441
0.0103014630731
8.18130032695
21.1564002389
61.5249504421
0.337429938139
0.00441377400421
0.00475126807578
0.016156245023
9.61490653502
1.56041086302
0.00361916096881
0.00211726897396
0.0210538690444
1.60093458695
0.00207993714139
0.0021728600841
0.00388341490179

checksumTime
0.00411073002033
0.00433121295646
0.00401713186875
0.004203021992
0.00237670610659
0.00431370991282
0.00430925888941
0.00415294081904
0.00380375701934
0.00383724691346
0.00440914393403
0.00216936599463
0.00203966000117
0.00209552003071
0.00392100098543
0.00223138206638
0.0019535520114
0.0016718399711
0.00988979102112




