layer number :  10
52.0100528619
0.0539199509658

jsonTime
1.55148684699
0.00554583501071
0.00473653199151
1.9483653889
0.00559665309265
0.00419324194081
0.00457737105899
1.37367680809
0.0728190431837
0.00806739507243

layerTime
12.92270559
0.00201116898097
0.00194939295761
19.337907339
0.00213813199662
0.00221913889982
0.00213472289033
14.322141937
0.338886728976
0.00378157896921

checksumTime
0.00262315501459
0.001835858915
0.00164439319633
0.00215659104288
0.00169747695327
0.00214218907058
0.00188730005175
0.00414322386496
0.00424124486744
0.0171180169564




layer number :  10
51.9315121039
0.0461436619516

jsonTime
1.65161762293
0.00490291905589
0.00489378510974
2.08700041915
0.071934215026
0.00535056786612
0.00613403110765
1.30024604197
0.13273088797
0.0070396210067

layerTime
12.8352206121
0.00239036791027
0.00192022998817
19.4651909259
0.00212791399099
0.00200931611471
0.0021110130474
13.9905538959
0.260599156143
0.0038359479513

checksumTime
0.00224516983144
0.00178219098598
0.00180289288983
0.0143060369883
0.00156728317961
0.00167156383395
0.00186342396773
0.00216545397416
0.00358909205534
0.0148200679105




layer number :  10
51.457432084
0.0426097761374

jsonTime
1.60687401588
0.00527695310302
0.00477462098934
2.30175039195
0.00524279102683
0.0043317398522
0.00447994284332
1.27728452091
0.0743303420022
0.013298003003

layerTime
12.300053613
0.00198317598552
0.00211503100581
19.5871128752
0.00207646097988
0.00189829501323
0.0018895950634
14.0511780661
0.136163300136
0.00404902617447

checksumTime
0.00203525298275
0.00205981195904
0.0016829399392
0.00232400279492
0.0021290301811
0.0017951161135
0.0016959880013
0.00212964601815
0.00191297079436
0.00899876188487




layer number :  10
50.593517676
0.0412868289277

jsonTime
1.591336868
0.00541949691251
0.004582246067
2.00163285807
0.00473442091607
0.00426615099423
0.00422068382613
1.31705227518
0.0726124900393
0.00839162897319

layerTime
12.3486434491
0.00217346497811
0.00218111881986
18.8378405611
0.00282849906944
0.00183290522546
0.00201125908643
14.0898798008
0.208021187922
0.00420250394382

checksumTime
0.00209475890733
0.00202647410333
0.0018699769862
0.00222630496137
0.0014078959357
0.001699144952
0.00179724395275
0.00205068616197
0.00426143594086
0.0171637441963




layer number :  10
51.300094604
0.0389633020386

jsonTime
1.62386158784
0.0158734570723
0.00429695192724
1.96051603486
0.0130207149778
0.00472512515262
0.0047775330022
1.27814312093
0.07562633208
0.00442135287449

layerTime
12.087554184
0.00217316579074
0.00234880112112
19.689053447
0.00491137709469
0.00226153386757
0.00211121304892
14.3279727332
0.12619333691
0.00191208301112

checksumTime
0.00233297306113
0.00196984014474
0.00198337901384
0.00217535509728
0.00211067777127
0.00213652802631
0.00181715399958
0.00234491983429
0.00203710910864
0.00877872016281




layer number :  10
51.4557567129
0.0408297320828

jsonTime
1.59978406015
0.015981819015
0.00437638699077
1.91515590879
0.00459123612382
0.00430678180419
0.341529937927
1.66606912203
0.0724854189903
0.00439990893938

layerTime
12.7181818071
0.00570049416274
0.0020652061794
19.043717131
0.00214340188541
0.00220009218901
0.00466566393152
13.848285909
0.126110939076
0.0019969730638

checksumTime
0.00223622377962
0.00182358385064
0.00187822501175
0.00226065702736
0.00183667615056
0.00188756198622
0.00407913001254
0.00199359888211
0.00178305408917
0.00975659489632




layer number :  10
51.6086743281
0.0375732069369

jsonTime
1.65212632413
0.0137301399373
0.00451168697327
2.16675834591
0.0046192558948
0.00440884497948
0.00441871280782
1.83432680694
0.0725081129931
0.00449424097314

layerTime
12.2766351139
0.00469236797653
0.00199094600976
19.487101278
0.00226666312665
0.00208277883939
0.00198930501938
13.872954594
0.125972694019
0.00209042592905

checksumTime
0.00220473413356
0.00210980908014
0.00192557298578
0.00218475307338
0.00242464407347
0.00184721918777
0.00193032505922
0.00224760803394
0.00187272904441
0.0109038671944




layer number :  10
51.6990706031
0.0421015131287

jsonTime
1.63768608705
0.00468632695265
0.00436929194257
1.94612464099
0.007875330979
0.00709536299109
0.00776941003278
1.54600091605
0.0873967399821
0.00446308986284

layerTime
12.721373627
0.00214488897473
0.00201457599178
19.069776403
0.00397456903011
0.00403131288476
0.00395743595436
14.420691611
0.138411370106
0.00235638394952

checksumTime
0.00238086399622
0.00189233315177
0.00169724505395
0.0035857129842
0.00353936199099
0.00395004102029
0.00342811900191
0.00213139201514
0.00220782496035
0.00820221821778




layer number :  10
50.920580586
0.0411136269104

jsonTime
1.58722013189
0.00480595300905
0.00482534104958
2.04435850191
0.00468968995847
0.0046089051757
0.00558916898444
1.33243961888
0.0725371169392
0.00496652093716

layerTime
12.7865847151
0.0024810670875
0.00202353298664
19.0612403662
0.0023532861378
0.00221881689504
0.00213194196112
13.795458063
0.126004979946
0.00216832500882

checksumTime
0.00235946290195
0.0018289599102
0.0018114419654
0.0024737638887
0.00211110385135
0.00198059296235
0.00169105711393
0.00285115814768
0.00194960506633
0.00952978502028




layer number :  10
51.519187646
0.0406648861244

jsonTime
1.652122973
0.00574449100532
0.0129848120268
1.95597738889
0.0131346031558
0.00483790505677
0.00477379909717
1.61942271795
0.0686758218799
0.00452433503233

layerTime
12.3710207921
0.0022397460416
0.0042410439346
19.1781387799
0.00478142104112
0.00230535701849
0.00209005898796
14.41375412
0.126064508222
0.00190001400188

checksumTime
0.00239103497006
0.00190864899196
0.00228498107754
0.00202578096651
0.00203670887277
0.00216379086487
0.00178482197225
0.00211580609903
0.00204365095124
0.00934822484851




