layer number :  18
136.183483225
0.0539498589933

jsonTime
2.23986316705
0.00523467501625
0.00582536193542
3.27293304494
0.834125346038
5.09292509896
0.0958954750095
0.111453667982
0.344151376979
0.005374094937
0.00519155804068
0.00455318111926
0.357761533
0.004821568029
0.00742570101283
0.0136757220607
0.00463246903382
0.00403654389083

layerTime
21.3530330008
0.00224214303307
0.00246548489667
37.3634609629
7.90743292193
49.7732419248
0.228855037829
0.236933314009
3.30043314304
0.00258404598571
0.00221896194853
0.00223704101518
3.44885189994
0.0020153678488
0.0022974240128
0.00372081692331
0.00245489203371
0.00203318917193

checksumTime
0.00235521211289
0.00200164900161
0.00205860915594
0.00250920513645
0.00741240708157
0.0150926741771
0.0182407021057
0.00208167708479
0.00530229997821
0.00218067900278
0.00204542092979
0.00222294591367
0.00217018811963
0.00199599703774
0.00178595003672
0.00201144092716
0.00170351006091
0.00828239880502




layer number :  18
136.752961389
0.0562468578573

jsonTime
2.51386045385
0.00509770889767
0.00557670602575
3.68925266503
0.797566129128
5.09672556189
0.0926524999086
0.105511656962
0.392184482887
0.00499596307054
0.004716622876
0.00395618216135
0.361864567967
0.0049055069685
0.00706437486224
0.0135964539368
0.00445917597972
0.00409310287796

layerTime
20.5156445461
0.0021546871867
0.00248595001176
37.854964711
7.92724131094
49.3384117309
0.532560284017
0.544317523949
3.25739016919
0.00217903684825
0.00199130107649
0.00199333694763
3.52959484607
0.0021496640984
0.00225694710389
0.00366289401427
0.00185677409172
0.00192757905461

checksumTime
0.00225332891569
0.00196906086057
0.00209489301778
0.00220935884863
0.0026627171319
0.0168468430638
0.00386401615106
0.00377179402858
0.00436856993474
0.00195515411906
0.00172252091579
0.0017378909979
0.0019660119433
0.00206642202102
0.00183845800348
0.00200302596204
0.00162069802172
0.00919590005651




layer number :  18
137.364984743
0.0577355648857

jsonTime
2.32547405292
0.0046375291422
0.00533345504664
3.48012320418
0.932273908984
5.47694171686
0.0995178909507
0.0964536659885
0.403843105072
0.00590225984342
0.00498469616286
0.00462551414967
0.357448838884
0.00910091097467
0.0150067228824
0.0405205669813
0.00840811501257
0.0081003641244

layerTime
20.640869674
0.00212982785888
0.00196723709814
37.6192398248
7.82852219511
50.8177418101
0.236866296967
0.4826946822
2.89021770796
0.00253390218131
0.0023511168547
0.00202531600371
3.39924385003
0.00463901599869
0.00489228009246
0.00496689719148
0.00420922506601
0.00418646796606

checksumTime
0.00209740386344
0.00207367306575
0.00174251082353
0.00224009901285
0.002293511061
0.0119286049157
0.00210906402208
0.00447935191914
0.00536620500498
0.00233384082094
0.00178033998236
0.00177215202712
0.00423978106119
0.00401354907081
0.00379673182033
0.00423229089938
0.00388608686626
0.0170376088936




layer number :  18
137.499799477
0.0542630280834

jsonTime
2.43964797002
0.00473413988948
0.005341229029
3.25008473312
0.816134202993
5.21805706201
0.113617045805
0.104272059165
0.344459487125
0.00478213909082
0.00495445798151
0.00516138505191
0.404087788891
0.00538757699542
0.00685383495875
0.013251853874
0.00421963306144
0.00392147502862

layerTime
20.822135794
0.00198701303452
0.00213232310489
38.2786629789
8.13374917302
49.8184987381
0.429544301005
0.564911850961
3.09404671099
0.00227541197091
0.00224405503832
0.00410622195341
3.46902160696
0.00182043202221
0.00201784702949
0.00347918504849
0.00209477404132
0.00218776101246

checksumTime
0.00180047797039
0.00194855290465
0.00180498394184
0.00235377298668
0.00209442595951
0.0126274300274
0.00397708802484
0.00212872982956
0.0049588419497
0.00190588296391
0.00185791100375
0.00389062310569
0.0020930650644
0.00191447604448
0.00165231595747
0.00174871901982
0.00181854097173
0.00927443080582




layer number :  18
136.537225623
0.0548324370757

jsonTime
2.51580195897
0.0052454918623
0.00525895296596
3.41320067178
0.962093343027
5.27687525097
0.0778449759819
0.109584153863
0.351036918117
0.00493083894253
0.00510313012637
0.00439304905012
0.369635934941
0.00531226489693
0.00695381010883
0.0135709450115
0.00465422403067
0.00467323302291

layerTime
21.0643805258
0.00247552315705
0.00208861497231
38.4342761212
7.584324094
49.571357917
0.297255519079
0.267128091073
2.75802358496
0.00209297100082
0.00221581989899
0.00205514580011
3.28754809499
0.00207595992833
0.00203305203468
0.00349785201252
0.00236329599284
0.00186160998419

checksumTime
0.00216685212217
0.00220794999041
0.00175190414302
0.0022735837847
0.00229476415552
0.0125051378272
0.00225015007891
0.00203827093355
0.00507470709272
0.00168639793992
0.00207768403925
0.00185739411972
0.0022773721721
0.00206401897594
0.00172250089236
0.00202684104443
0.00193259096704
0.00900981505401




layer number :  18
134.950326631
0.0593489368912

jsonTime
2.34286692808
0.00537542905658
0.00548030016944
3.23764824192
0.839718219126
5.37168181408
0.0970146618783
0.0978194279596
0.354165246943
0.00515022804029
0.00453444407322
0.00449198810384
0.357590935193
0.00451070000418
0.0182082939427
0.00503573007882
0.0042212579865
0.00402650097385

layerTime
20.717918074
0.00232488499023
0.00220558489673
38.0296660191
7.49753393396
48.6090709378
0.398024635157
0.240992232924
2.98427798599
0.00223830598406
0.00187763408758
0.00194814987481
3.54999477696
0.00215087714605
0.00263127405196
0.00209640408866
0.00196834397502
0.0021114719566

checksumTime
0.00245850300416
0.00195922586136
0.00189450196922
0.00215929187834
0.0022426689975
0.0207301101182
0.00227382499725
0.0164385410026
0.00422954908572
0.00198177690618
0.00194371188991
0.00160700595006
0.00227567786351
0.00243640504777
0.00217161281034
0.00190579285845
0.00198742910288
0.00994513998739




layer number :  18
133.686458459
0.0553791741841

jsonTime
2.54341145908
0.0170127979945
0.00544854509644
3.33630731702
0.784017076949
5.45173423388
0.0897312930319
0.118630565004
0.348427981837
0.00501732691191
0.0137502378784
0.00462095905095
0.352515053935
0.0131934189703
0.00731322309002
0.0046197748743
0.00387779995799
0.00397791317664

layerTime
19.786733001
0.00535356113687
0.00233949790709
36.7086868889
8.65292740101
47.8202170371
0.409325836925
0.610432913061
3.10414549406
0.00212675402872
0.00436080805957
0.00198047002777
3.34794683219
0.00333673902787
0.00208004401065
0.00204109097831
0.00214688200504
0.00185187603347

checksumTime
0.00222705793567
0.00214794790372
0.00181947601959
0.00264528603293
0.00218249019235
0.0138106439263
0.00421336106956
0.00212022894993
0.00229986314662
0.00193764502183
0.00223722890951
0.00227716797963
0.00232286099344
0.0021086349152
0.00162865896709
0.00168357114308
0.0016405088827
0.00843771290965




layer number :  18
134.087954585
0.0535654150881

jsonTime
2.3234710109
0.00497363111936
0.0134660550393
3.2104024929
0.995283365948
5.20234650583
0.0957596141379
0.125686645973
0.413023761008
0.00488341599703
0.0130824490916
0.0041286109481
0.367403753102
0.0131575851701
0.00736792921089
0.00456296093762
0.00511958822608
0.00400824402459

layerTime
20.3266562759
0.00223646196537
0.00474067102186
37.2834729
7.58873700607
48.0729743131
0.470012758859
0.570865440881
3.31543012196
0.00225127115846
0.00362806301564
0.00207464117557
3.4994535388
0.0036298118066
0.00217483891174
0.00194570305757
0.00186299486086
0.0018572867848

checksumTime
0.00198198202997
0.00206343200989
0.00206049392
0.00206541502848
0.00221698707901
0.0201040259562
0.00418607820757
0.0100022989791
0.00205039698631
0.00204056594521
0.00192705285735
0.00191114190966
0.00219301204197
0.00185108999722
0.0015648980625
0.0017085717991
0.00198498810641
0.00858154403977




layer number :  18
133.094446537
0.0538236659486

jsonTime
2.33409870905
0.00495790806599
0.00518191209994
3.22801401187
1.04888290912
5.1065558088
0.12099867221
0.115686664823
0.368911883095
0.0133310060482
0.00504997000098
0.00412448891439
0.371282000095
0.0044457600452
0.0073976428248
0.00472870306112
0.00389893888496
0.00433756015263

layerTime
20.281135041
0.00204034498893
0.00210930779576
36.3691054662
7.88974206103
48.506107616
0.226559052011
0.2185611811
3.297548217
0.00464053684846
0.00245792604983
0.0018441551365
3.39939676481
0.00218859198503
0.00213024904951
0.00190289691091
0.00177744007669
0.002058358863

checksumTime
0.00218016188592
0.0018064880278
0.00182799715549
0.00412938278168
0.00201560906135
0.0214740349911
0.00242877495475
0.00209803995676
0.00214640097693
0.00182257709093
0.00205442798324
0.00168071291409
0.00227907812223
0.00167998601682
0.00168413901702
0.00156120606698
0.00174193992279
0.0211598861497




layer number :  18
134.724626547
0.0585804469883

jsonTime
2.52940472984
0.00520508899353
0.00509420502931
3.24584792601
0.816036201082
5.14174638921
0.0968605100643
0.101829870837
0.414809478913
0.00487584900111
0.00459906505421
0.00432414584793
0.354745062999
0.00462514697574
0.0071508528199
0.0138599588536
0.00485923886299
0.00429103593342

layerTime
20.591875331
0.00225864490494
0.0020877989009
37.220310471
7.66317910608
48.4402246508
0.338757253019
0.624294306152
3.45419299998
0.00189554714598
0.00201471778564
0.0020794600714
3.49946479499
0.00215862807818
0.0020727221854
0.00342452106997
0.00199853000231
0.00215305201709

checksumTime
0.00433851405978
0.001959372079
0.00181261100806
0.0022261289414
0.00208761682734
0.00243124901317
0.00397421512753
0.00399725791067
0.00218657404184
0.0018895319663
0.00196984317154
0.00199884106405
0.00205246196128
0.00205370201729
0.00191442295909
0.00188921508379
0.00183499418199
0.00885360292159




