layer number :  10
9.50723477802
0.0385040249676

jsonTime
0.00825743493624
0.152118414873
0.00487559195608
0.00500028207898
0.321477117948
0.0188813800924
0.0810270181391
0.00865924591199
0.695911702001
0.0048131630756

layerTime
0.00404668808915
1.71971430397
0.00197908608243
0.00189260998741
2.97708911612
0.00214543496259
0.359341417905
0.00458386307582
3.05665902188
0.0021252350416

checksumTime
0.00369334896095
0.00211305706762
0.00193993397988
0.00163222290576
0.00218822387978
0.00209001498297
0.00426385202445
0.00395946507342
0.00468872394413
0.00974155194126




layer number :  10
10.0993890848
0.0571501119994

jsonTime
0.0186890969053
0.176440234995
0.00587617605925
0.00534730800427
0.320436151931
0.00533883692697
0.08387312782
0.0261324599851
0.733316014055
0.0044722550083

layerTime
0.00402499712072
1.3780169338
0.00203431304544
0.00230362615548
3.80913063814
0.00219276314601
0.379656600999
0.00728704407811
3.03223795188
0.002010141965

checksumTime
0.00411845603958
0.0101026920602
0.00206428789534
0.00188247091137
0.00215253792703
0.00181810301729
0.00427565304562
0.00405456894077
0.00209222501144
0.00912851304747




layer number :  10
8.958543377
0.0503135661129

jsonTime
0.00845396285877
0.153440662893
0.00487450510263
0.00457610096782
0.407473962056
0.00472986907698
0.0824988610111
0.00857402500696
0.72305131983
0.0151334749535

layerTime
0.00420598406345
1.20839008992
0.00243343389593
0.00215914309956
3.36759218108
0.00224818801507
0.177669964032
0.00445736106485
2.68469666108
0.0051560329739

checksumTime
0.00389919709414
0.00209000706673
0.00198892597109
0.00189852691256
0.00210688286461
0.00197902694345
0.00412338390015
0.00381355010904
0.00237283413298
0.0103390838485




layer number :  10
9.44684545905
0.0388259810861

jsonTime
0.00797089701518
0.161182175158
0.0048633669503
0.00466875801794
0.313863381976
0.00479925097898
0.0803054880816
0.0046733780764
0.552315826062
0.00490493304096

layerTime
0.00442347396165
1.40872541792
0.00214303517714
0.00192608498037
3.50833532494
0.00199501705356
0.176509467885
0.00218993006274
3.119172693
0.0021830808837

checksumTime
0.00377573794685
0.00210089399479
0.0018811058253
0.00188324414194
0.00212313304655
0.00170685094781
0.00202504196204
0.00200807885267
0.0118895110209
0.00931090209633




layer number :  10
8.65834292793
0.0761063289829

jsonTime
0.00845426297747
0.142939388985
0.00491422601044
0.0046143529471
0.33964502695
0.00469390209764
0.0816600921098
0.00443805614486
0.480507249944
0.00514227105305

layerTime
0.0042414390482
1.21594555909
0.00214074295945
0.00201770104468
2.94945011195
0.00192313594744
0.195794642903
0.00222704489715
3.09802924818
0.00248551298864

checksumTime
0.00378351192921
0.00205835909583
0.00201687193476
0.00197140709497
0.00224695098586
0.00193232693709
0.00205817096867
0.00179080897942
0.00237462483346
0.00884420005605




layer number :  10
9.13090595813
0.0411747870967

jsonTime
0.0303871519864
0.155465210089
0.00456486595795
0.0047630299814
0.308429412078
0.0149604859762
0.104301897809
0.00496182497591
0.680737261893
0.00872918008827

layerTime
0.00818640296347
1.33783078799
0.0020669340156
0.00182140897959
3.00026642298
0.00493787718005
0.186817333102
0.00241824006662
3.1786070501
0.00468009687029

checksumTime
0.00420757709071
0.00326175685041
0.00218082312495
0.00193910696544
0.00241175992414
0.00222986098379
0.00234248396009
0.00215004407801
0.00416475487873
0.0180687191896




layer number :  10
9.24275409407
0.0428822939284

jsonTime
0.0078793540597
0.173118981998
0.00504916906357
0.0043495988939
0.30648744083
0.00512782414444
0.0732036980335
0.00473424093798
0.713820946869
0.0086143319495

layerTime
0.00439770380035
1.39913294301
0.00196875701658
0.00218056095764
3.08282774105
0.00211193901487
0.206924018916
0.00208128895611
3.14909818606
0.00445874105208

checksumTime
0.00378073100001
0.00274782301858
0.00200730003417
0.00165255717002
0.0025667459704
0.00193733396009
0.00208024610765
0.00179084902629
0.00433253007941
0.0175600789953




layer number :  10
8.40310585895
0.0417849689256

jsonTime
0.00811834912747
0.172012574039
0.0052315320354
0.00528366398066
0.29725848115
0.0047722349409
0.0716490750201
0.00464659696445
0.652735468931
0.00474725896493

layerTime
0.0041734338738
1.0603389591
0.00241075200029
0.00232747686096
2.84715850395
0.00222412799485
0.166468230076
0.00210209214129
3.01371492399
0.00202540913597

checksumTime
0.00365559803322
0.00247694691643
0.00199628504924
0.0021391119808
0.00219930103049
0.00197160500102
0.00197239383124
0.00217719003558
0.0023880279623
0.00917747989297




layer number :  10
8.89403234981
0.0432451840024

jsonTime
0.029934389051
0.148962086998
0.0130780611653
0.004764089128
0.305431052111
0.0152386589907
0.08682494401
0.00839245901443
0.711138705956
0.00449646404013

layerTime
0.00858075800352
1.29750707909
0.00397263886407
0.0021009738557
3.02893969882
0.00501459999941
0.217891808134
0.00454213493504
2.90333485603
0.00260297791101

checksumTime
0.00424303603359
0.00238557183184
0.00215833005495
0.00189863704145
0.00249807815999
0.002415364841
0.00405546301045
0.00372959603556
0.0146141839214
0.00837359996513




layer number :  10
9.51725451415
0.0534198831301

jsonTime
0.00813939189538
0.150091739139
0.00425094482489
0.00466724508442
0.317340807989
0.00485234614462
0.0695394359063
0.00826175394468
0.693926243111
0.0130678201094

layerTime
0.00416484102607
1.42268059286
0.00201327097602
0.00197269092314
3.31321410509
0.0023156630341
0.429928745143
0.00451917899773
2.96860797494
0.00439710798673

checksumTime
0.00392557797022
0.00239935214631
0.00196837005205
0.00175048294477
0.00231569493189
0.0019538719207
0.00417026388459
0.003826553002
0.00212922203355
0.0095161839854




