layer number :  19
149.199440954
0.0543224310968

jsonTime
0.00763401505537
2.75557160494
0.059640066931
0.00517112086527
0.00579055282287
0.00450709485449
0.0045964398887
2.53992489795
0.00593577185646
0.0130696510896
0.00523651507683
8.26015187218
0.833889862057
0.00542783015408
0.00465342402458
1.52793172491
0.072088111192
0.00445626396686
0.00446459185332

layerTime
0.00461332011037
30.3319559051
0.00350091699511
0.00229499605484
0.00198126514442
0.00218667718582
0.00217202701606
32.569897091
0.00204743607901
0.00520208105445
0.00216061389074
52.0895737049
4.37620499497
0.00231352099217
0.00208894582465
13.4771166991
0.0870022119489
0.00223067705519
0.00184009899385

checksumTime
0.00367414089851
0.00461756205186
0.00216877413914
0.00177780305967
0.00196462101303
0.00203400594182
0.00200339406729
0.00232925708406
0.00208750390448
0.00223055994138
0.00192899396643
0.00220532598905
0.00857675494626
0.001888965955
0.00171102420427
0.00227447180077
0.00212017004378
0.00206222594716
0.00906291906722




layer number :  19
150.931245677
0.0582247611601

jsonTime
0.0307341068983
3.22303620004
0.0639100070111
0.0103323459625
0.00880296318792
0.00881106685847
0.00890244380571
3.67955867597
0.0144406089094
0.00812169513665
0.00955330696888
8.25646991492
0.826113923918
0.0106361331418
0.00931915594265
1.84068101086
0.0708530179691
0.00842994195409
0.00874742609449

layerTime
0.00886258413084
30.967813605
0.0670340338256
0.00469371001236
0.0046115219593
0.0046577330213
0.00452470500022
34.1687461999
0.00451501505449
0.0040769209154
0.00448812311515
49.189096295
5.24929877906
0.0046285528224
0.00440578302369
12.86091396
0.0837469799444
0.00428680120967
0.0044059199281

checksumTime
0.00425434787758
0.004808165133
0.00408351514488
0.0040895328857
0.00393394404091
0.00411754311062
0.00394077016972
0.0210434910841
0.00398115091957
0.00351286702789
0.00379907991737
0.0140549500939
0.0171121358871
0.00405376614071
0.00366310402751
0.00225281715393
0.0049462269526
0.00395287387073
0.0174012701027




layer number :  19
154.23876532
0.0622232970782

jsonTime
0.00832065008581
2.82096543885
0.064212978119
0.0117383669131
0.00828944589011
0.00835273694247
0.00860126991756
3.10866682208
0.0100386850536
0.00776048400439
0.00843454408459
7.88584761391
1.1212654179
0.0117634278722
0.00910256383941
1.85616751015
0.0723391359206
0.00465295114554
0.00431063305587

layerTime
0.00426986487582
31.640558599
0.0771212358959
0.00463307299651
0.00443265703507
0.0041745970957
0.0041857638862
34.8668068189
0.00424431893043
0.0040740519762
0.00410770392045
51.3679345699
5.32364268298
0.00467390008271
0.00406813807786
13.589472953
0.0866578151472
0.00215504085645
0.00231856387109

checksumTime
0.00372151611373
0.0216311339755
0.00377988512628
0.00384992011823
0.00382697000168
0.00382634205744
0.00356848607771
0.0209153720643
0.0036684400402
0.00376503588632
0.00376026215963
0.0216860801447
0.0235289181583
0.00404909905046
0.00366342393681
0.00215210788883
0.00232587382197
0.0019464280922
0.00867806607857




layer number :  19
148.391542517
0.0545470900834

jsonTime
0.0301604799461
3.207621668
0.06387661607
0.0113781259861
0.00802033999935
0.00854529999197
0.0893989279866
3.06646429282
0.0052971621044
0.00427967496216
0.00447197910398
7.66149535915
0.740159642883
0.00962097593583
0.00934858713299
1.7694464589
0.111755257938
0.00842954101972
0.0082378659863

layerTime
0.00865712808445
30.8359560801
0.0669964519329
0.00448741810396
0.00429838197306
0.00441363011487
0.00442827004008
33.3205922071
0.00236593396403
0.00214523402974
0.00189829710871
49.1998580049
4.617580947
0.00462774001062
0.00455795484595
13.091603104
0.208406370133
0.00414018682204
0.00451472401619

checksumTime
0.00387172587216
0.0214703129604
0.00415766099468
0.00369463092647
0.0040466489736
0.00393780693412
0.0040108950343
0.00219713896513
0.00208537699655
0.001654910855
0.00160944182426
0.00232716300525
0.0229587361682
0.00363264395855
0.00408351607621
0.00418487004936
0.00433479901403
0.00376479909755
0.0276848538779




layer number :  19
151.316373319
0.0556583439466

jsonTime
0.0371800968423
3.19000857603
0.320027901093
0.0107374521904
0.00815550913103
0.00898009282537
0.00879734009504
3.20558529906
0.0390083431266
0.00849048001692
0.009683331009
8.15066903178
0.816501986003
0.00543869310059
0.00495814997703
1.42163377488
0.0978226659354
0.00419978611171
0.00412895414047

layerTime
0.0047495670151
31.5159739589
0.0674252950121
0.00461597298272
0.00457182899117
0.00448620808311
0.00449490896426
33.926167659
0.0134758600034
0.00421101110987
0.0042846458964
49.966803482
4.27122780192
0.00217737490311
0.0021457572002
13.9736969431
0.0555820360314
0.00215392094105
0.00200067693368

checksumTime
0.00406039808877
0.00213681999594
0.00421534082852
0.00402067089453
0.00415261299349
0.00403999094851
0.00385488197207
0.0148571708705
0.00408933591098
0.00391096295789
0.00394221418537
0.00206231209449
0.00229639699683
0.00198705098592
0.00175481592305
0.0020154369995
0.00249090488069
0.00187445501797
0.0089457789436




layer number :  19
148.378043329
0.0745249961037

jsonTime
0.0298190661706
2.91443038103
0.0406728850212
0.00531321694143
0.00450855703093
0.00418632500805
0.00449046492577
2.91383049288
0.0183607300278
0.00466823903844
0.00498118507676
8.02598320902
0.790381882107
0.00489645916969
0.00464534503408
1.45992909302
0.109122791095
0.00840710196644
0.00707742315717

layerTime
0.00787098403089
31.286513539
0.0202492659446
0.00223129196092
0.00178637797944
0.00217758491635
0.00197368510999
32.988458025
0.00832008593716
0.00192677089944
0.00205469690263
48.552105865
5.37787058181
0.00216541788541
0.00216229096986
13.427902031
0.171083807014
0.00387392612174
0.00353073980659

checksumTime
0.00439788680524
0.0142684020102
0.0019025511574
0.0019551559817
0.00184502499178
0.00207854714245
0.00191536801867
0.00207392894663
0.00211911508814
0.00237415498123
0.00158109003678
0.0122843070421
0.0031746099703
0.00201459997334
0.00198280997574
0.00432031205855
0.00383812887594
0.00337006989866
0.0142488591373




layer number :  19
141.590552426
0.0553803110961

jsonTime
0.00805978104472
2.84981737193
0.0604289900512
0.0064772919286
0.00480107311159
0.00505540706217
0.0049640419893
2.79861670686
0.0100198751315
0.00825560302474
0.00931947398931
8.44483376783
1.02682427806
0.038537660148
0.00965191493742
1.82853466412
0.107771371957
0.00504985800944
0.0146749860141

layerTime
0.00422638189048
29.6297788571
0.0114137281198
0.0023219359573
0.00241037993692
0.00231016799808
0.00236940407194
31.9125244492
0.00471684103832
0.00467090704478
0.0042769908905
44.784576091
4.64494651998
0.0131966129411
0.00464413315058
13.1160621019
0.0583295531105
0.00257731298916
0.00389427202754

checksumTime
0.00401445315219
0.00246366579086
0.0022726659663
0.0021973780822
0.00207665096968
0.00213869893923
0.00203535798937
0.0208172118291
0.00401846482418
0.00399464811198
0.00359934312291
0.00231971102767
0.00402872497216
0.00421641790308
0.00414636591449
0.00238070497289
0.00239885901101
0.0020232249517
0.0112113780342




layer number :  19
137.384924195
0.0606815791689

jsonTime
0.00779292499647
2.98182655987
0.0601030657999
0.00586645002477
0.00500969891436
0.00448296987452
0.0153651980218
3.13988887798
0.00883572013117
0.00728545407765
0.00792987179011
7.98420180287
1.2238792039
0.0051165909972
0.00511342985556
1.45246716286
0.0699299429543
0.00433507212438
0.0128868699539

layerTime
0.00460618105717
28.9614483721
0.0112595860846
0.00249811890535
0.00217418512329
0.00234333495609
0.00606247480027
28.8782063969
0.00444340496324
0.00393650191836
0.0038183350116
45.661131555
5.02493293909
0.00239404290915
0.00211503612809
11.595791229
0.0758939180523
0.00193292205222
0.00339899794199

checksumTime
0.00379096111283
0.00239535304718
0.00189628102817
0.00218606111594
0.00199691299349
0.00199037417769
0.00228883116506
0.00362698896788
0.00328714284115
0.0033635632135
0.00335707119666
0.0191918110941
0.00218785600737
0.00205213506706
0.00186729105189
0.00283822813071
0.0019448318053
0.00192220392637
0.00956588797271




layer number :  19
134.47914801
0.0588861939032

jsonTime
0.0086181780789
2.78579265391
0.0394051759504
0.00541236018762
0.00440939911641
0.0129588400014
0.00469720107503
2.73280166183
0.0472641719971
0.0082996210549
0.00948567502201
8.15439137514
0.788158498006
0.00545228482224
0.00483439699747
1.46824518987
0.0691288269591
0.00841679191217
0.0263975369744

layerTime
0.00430946494453
28.0951104879
0.0354489760939
0.00195657089353
0.00217135599814
0.00512305600569
0.00194373400882
29.4363869471
0.00453331205063
0.00434861890972
0.00451398198493
43.379744292
5.22833341593
0.00216888915747
0.00234026787803
11.7863481701
0.141142738983
0.00405323598534
0.00774485291913

checksumTime
0.00370498513803
0.00212254514918
0.00205743080005
0.00165848201141
0.00171749293804
0.00215793796815
0.00169800198637
0.00218708999455
0.00405352795497
0.00373330200091
0.00400410196744
0.0204426960554
0.00239575305022
0.00184312602505
0.00186730013229
0.00263905990869
0.00440368405543
0.00395224709064
0.0198751701973




layer number :  19
127.557165662
0.0586709422059

jsonTime
0.00806449702941
2.76784294285
0.0594558259472
0.00543390912935
0.00438805203885
0.0127982739359
0.00500314612873
2.83236257499
0.00527993612923
0.00432466994971
0.00474032387137
7.30229352904
0.795847285073
0.0100418659858
0.00954098207876
1.74735878711
0.06848352612
0.00522223091684
0.00476635899395

layerTime
0.00447154510766
25.2191359322
0.0027540109586
0.0021553079132
0.00200068904087
0.00519538298249
0.00208749109879
29.1208820371
0.00226132199168
0.00188675615937
0.00201186817139
41.8822026069
4.53159178188
0.00433727586642
0.00417696801014
10.8806559129
0.0961874858476
0.00249854498543
0.00243171886541

checksumTime
0.00392616703175
0.00205840799026
0.00206399895251
0.00168684497476
0.00162532506511
0.00201991386712
0.00168889784254
0.00218615587801
0.00178174790926
0.00161043996923
0.0016905060038
0.0224183369428
0.00409894320183
0.00367500795983
0.00397027400322
0.00238813296892
0.00233375607058
0.0021621431224
0.0111803810578




