layer number :  35
154.016404555
0.0903048599139

jsonTime
0.0317206080072
3.23640248901
0.0595069390256
0.0102430600673
0.00906624505296
0.00912482198328
0.00920197018422
0.0265700351447
0.00925653707236
0.00820410693996
0.00821753009222
5.97771048592
0.00590956094675
0.0628874970134
0.0878632618114
0.00559598812833
0.00416269898415
0.0042362511158
0.00416998798028
0.0125193679705
0.00440022000112
0.00418520509265
0.00384449097328
0.00480423192494
0.00550816906616
0.0124949680176
1.01211976097
0.00781735219061
0.0658697180916
1.23967123707
0.107413663995
0.669034355087
0.00554268807173
0.162764671957
0.00458394596353

layerTime
0.00757659808733
30.6391724572
0.0579681859817
0.00421161111444
0.00447487202473
0.00443876395002
0.00441851699725
0.0104899199214
0.00434602983296
0.0045880919788
0.00472846487537
76.4378323231
0.00192671502009
0.0656489150133
0.698888730025
0.00247239298187
0.00202401494607
0.0020538540557
0.00182763999328
0.00316494400613
0.00207893899642
0.0020108660683
0.00175322801806
0.00193168502301
0.00193392601795
0.00348923611455
9.75454901904
0.00399322691374
0.0868942278903
12.9069075789
0.630213556113
8.57828088105
0.00192372198217
0.984173544915
0.00208969414234

checksumTime
0.00433372682892
0.00233691185713
0.00406692596152
0.00402504182421
0.00392894400284
0.00414833100513
0.00399103178643
0.00421273102984
0.00390541111119
0.00384219107218
0.00378179899417
0.00224608602002
0.00188568793237
0.0019678811077
0.0056429670658
0.0022159148939
0.0019318680279
0.00178953190334
0.00177258602343
0.00216354010627
0.00232123979367
0.00160586391576
0.00162113714032
0.00165490084328
0.00162863591686
0.00205030990764
0.00384820695035
0.00347357592545
0.00344678713009
0.00230859895237
0.00207693385892
0.00228837993927
0.00193416699767
0.00217541400343
0.0107586309314




layer number :  35
153.362011024
0.0879328830633

jsonTime
0.00802369997837
2.84370019101
0.0643976039719
0.0103052540217
0.00850397720933
0.00841725710779
0.00839444901794
0.0262271650136
0.00835374905728
0.00819620699622
0.00837970199063
5.91933870898
0.00533322105184
0.0629506309051
0.0848695330787
0.00492110406049
0.00452219694853
0.00418024789542
0.00420955684967
0.0135365300812
0.00442877714522
0.00471373694018
0.00415039411746
0.0043066048529
0.00556613900699
0.0127745568752
1.03657660494
0.00510059203953
0.0619538449682
1.08086502389
0.0979754568543
0.662081303075
0.00577954296023
0.144337661099
0.00916678481735

layerTime
0.00420577591285
32.431540105
0.0670468339231
0.00488800695166
0.00445588491857
0.00422474788502
0.00446123094298
0.0103773539886
0.00413611298427
0.00457974011078
0.00432597286999
75.3108681228
0.00225770892575
0.0656831110828
0.698925980832
0.00236229691654
0.00227321800776
0.00195782119408
0.00182184111327
0.0031857569702
0.00201239483431
0.00219854898751
0.00190412788652
0.001860458171
0.00201305490918
0.00338738108985
10.2605111832
0.00213695713319
0.0455630200449
12.5526354541
0.347606983036
7.9876558769
0.00194877199829
1.04413938383
0.00425493507646

checksumTime
0.00387418316677
0.0215735849924
0.00414567394182
0.00390327698551
0.00399851496331
0.00379332597367
0.00405161618255
0.00421032495797
0.00397181487642
0.00417175702751
0.00403114012443
0.00218082708307
0.00204494409263
0.00209043594077
0.00566243310459
0.00192667497322
0.00194621807896
0.0018942579627
0.00163428089581
0.00197434797883
0.00190524104983
0.00180855998769
0.00155819416977
0.00163639290258
0.00209847511724
0.00206192699261
0.00314493081532
0.002137131989
0.0018350679893
0.00216019595973
0.00214710598812
0.00334463221952
0.00177490990609
0.00440779817291
0.0173769099638




layer number :  35
152.679321733
0.144455654081

jsonTime
0.00811643199995
2.72291042213
0.0598783530295
0.00548261590302
0.00517641799524
0.00426442897879
0.012792621972
0.0043218259234
0.00419339979999
0.00470810197294
0.0040661629755
5.6869174391
0.00576855684631
0.0629830409307
0.0874358119909
0.00863555492833
0.00843703886494
0.00850801100023
0.00864209909923
0.00840754620731
0.0268088858575
0.00885413796641
0.00807216111571
0.00828160787933
0.0111583089456
0.0080234981142
1.47051291284
0.00521908584051
0.0620360099711
1.04197732988
0.104681334924
0.809222016018
0.0130075479392
0.140240968904
0.0265617559198

layerTime
0.00404895306565
30.046201136
0.00292069301941
0.0020681170281
0.00197832216509
0.00180731201544
0.00483415415511
0.00212744018063
0.00224600499496
0.00193602615036
0.00189402606338
76.291515942
0.00214880798012
0.0690587998834
0.405085521983
0.00437280396
0.0044737921562
0.00414326298051
0.00415564398281
0.00412520277314
0.00644621415995
0.00416267104447
0.00435619382188
0.00410479004495
0.00431355298497
0.00428884895518
10.3536984331
0.00195649010129
0.0354835949838
12.72750375
0.36778205703
8.30681339395
0.00412210309878
1.22542154416
0.00787330511957

checksumTime
0.00390524091199
0.00212411698885
0.0021467548795
0.00180857698433
0.00173771800473
0.00182866188698
0.0019025139045
0.00215628300793
0.00185720506124
0.00191414891742
0.00165255996399
0.0117884960491
0.00191111117601
0.0170982170384
0.0136752300896
0.00378855317831
0.00394740095362
0.00398297188804
0.00395217188634
0.00372705515474
0.00452575203963
0.00398455187678
0.00420906418003
0.00354414596222
0.00379427499138
0.00368606112897
0.00278552901
0.0017295749858
0.00198468402959
0.00210422906093
0.00269361911342
0.0019882330671
0.00201147492044
0.00428505288437
0.0171539359726




layer number :  35
150.092049448
0.0875425250269

jsonTime
0.00814967998303
3.21701355116
0.0594488210045
0.0141313648783
0.00442104507238
0.00442624511197
0.00442470097914
0.00483400817029
0.00438850279897
0.0129505121149
0.00533507415093
6.36323608109
0.00503931520507
0.0638348569628
0.0851829559542
0.0049687391147
0.00429854309186
0.00409003393725
0.00419494090602
0.0128186999355
0.00444828695618
0.00418945099227
0.0041852989234
0.00487422198057
0.00536385597661
0.012736427132
1.01103988104
0.00925102992915
0.0675203520805
1.27880877187
0.0974551150575
0.657294102944
0.00456914608367
0.142473093001
0.00460087694228

layerTime
0.00436711893417
31.4148021599
0.00308296317235
0.00510920211673
0.00208509201184
0.00200562900864
0.00186176691204
0.00183707801625
0.0018123651389
0.00304316496477
0.00187843199819
72.308475944
0.00224753981456
0.0656172300223
0.39786468097
0.00207909103483
0.0018953429535
0.00208164402284
0.00200193189085
0.00488860206679
0.00203711702488
0.00208741705865
0.00206888117827
0.00179221085273
0.00190001702867
0.00323708797805
10.807238464
0.00430875294842
0.0893747548107
13.031274267
0.357726560906
7.43810668215
0.00213693105616
0.745541698998
0.00221313699149

checksumTime
0.0058020639699
0.00208039395511
0.00198364490643
0.00209819199517
0.0018182748463
0.00205009896308
0.00164339598268
0.00163687602617
0.00181666086428
0.00191041594371
0.00161508494057
0.00233552581631
0.00191656500101
0.00188622809947
0.00232492596842
0.00197890587151
0.00170172005892
0.00182871310972
0.00168449012563
0.00212232093327
0.00197477196343
0.00167344603688
0.00170958600938
0.00158649915829
0.00162667385302
0.00209478684701
0.00419493112713
0.00400496507064
0.00388695113361
0.00209984905086
0.00211753207259
0.00310412677936
0.00217102700844
0.0022061560303
0.0100150359794




layer number :  35
149.876454386
0.0958663420752

jsonTime
0.00824158103205
3.19592245994
0.0848164670169
0.0100839547813
0.00842225900851
0.00887790205888
0.00837908894755
0.0263440061826
0.00862132105976
0.00822816416621
0.00833470094949
6.50494119409
0.0100051709451
0.0780327650718
0.113178308122
0.0131988220382
0.00466345902532
0.0041074459441
0.00417754705995
0.00427065999247
0.0147515728604
0.00403158203699
0.00387904699892
0.00460931519046
0.013863503933
0.00423798104748
1.02684246213
0.00481048389338
0.0627280590124
1.03503078921
0.108584680129
0.824800237082
0.00469429418445
0.140896741068
0.00459689320996

layerTime
0.00442042993382
30.6930753002
0.0467590109911
0.00442527420819
0.00443378486671
0.00444260798395
0.00417491095141
0.0102468929254
0.00462490413338
0.00475821900181
0.00431906012818
72.383846442
0.00455383188091
0.161030194024
0.862286221934
0.00529942009598
0.00202918495052
0.00204271706752
0.00208211201243
0.00202035997063
0.0022744149901
0.00211538095027
0.00186321604997
0.00195383001119
0.00322672119364
0.00210403301753
9.76993441302
0.00226603401825
0.0353722011205
12.0838704398
0.56280531385
8.58236672403
0.0019734359812
1.01256339788
0.00234441179782

checksumTime
0.00396325206384
0.0214513489045
0.00389103009365
0.00369250494987
0.00400099204853
0.00399000104517
0.00362272094935
0.00410708389245
0.00406638882123
0.00403166585602
0.00411504996009
0.00431331200525
0.00390937412158
0.00386540684849
0.00209227995947
0.00228224485181
0.00177857512608
0.00180439790711
0.00175278889947
0.00166235119104
0.00193962012418
0.00183070800267
0.00176066579297
0.0019907138776
0.00173565885052
0.00171148986556
0.00214759795927
0.00190093903802
0.00210104580037
0.00297445803881
0.00411238707602
0.00310019683093
0.00213010492735
0.0021716079209
0.0138622901868




layer number :  35
151.208803258
0.088067346951

jsonTime
0.0303022451699
2.76219217107
0.0408465708606
0.00529998005368
0.00460934918374
0.00423970795237
0.00523570599034
0.0128096081316
0.00441223010421
0.00414000614546
0.00390641787089
5.69178186799
0.00485993805341
0.0627725680824
0.0918356641196
0.0131464239676
0.0046745329164
0.00408764905296
0.0041589718312
0.00397163094021
0.00411318009719
0.0129808499478
0.00408684508875
0.00396186113358
0.00544648198411
0.00454534287564
1.05830011307
0.0268668660428
0.0671032059472
1.29174812697
0.0549421950709
0.812591981841
0.00482196989469
0.149404057069
0.00471599097364

layerTime
0.00777129386552
32.122450182
0.0204046550207
0.00223762495443
0.00210143183358
0.00217028707266
0.0018909489736
0.00479954085313
0.00221414491534
0.00200488697737
0.0019375809934
76.1062398802
0.0021863898728
0.0657297410071
0.690391705837
0.00563100585714
0.00222564511932
0.00186128099449
0.00206318497658
0.00189772993326
0.00202311202884
0.0033470611088
0.00226679304615
0.00206471397541
0.00192474108189
0.00188591401093
9.27610036894
0.0100712720305
0.0893661961891
11.0124045471
0.368096824968
7.94683046197
0.00211401912384
1.00235928781
0.00214638118632

checksumTime
0.0037991469726
0.00226865406148
0.00207923306152
0.00168979889713
0.00186265818775
0.00169902294874
0.00151294190437
0.00222246604972
0.00178411393426
0.00178029597737
0.00157700502314
0.0018821998965
0.00195402698591
0.00219818996266
0.00202392414212
0.00204258109443
0.00179890193976
0.00153645407408
0.00159162818454
0.00161145697348
0.00158422999084
0.00195620488375
0.001816237811
0.0016666490119
0.00163468299434
0.00149257993326
0.00433933595195
0.00463943998329
0.00402245786972
0.00211946200579
0.00313034304418
0.0021609661635
0.00187445897609
0.00192747800611
0.0097164940089




layer number :  35
148.657601079
0.105897736968

jsonTime
0.00754977809265
3.18054818688
0.0593479808886
0.00614921096712
0.00429778802209
0.0129329068586
0.00525080482475
0.00395670114085
0.00451166206039
0.00525297387503
0.00423951400444
5.83186685387
0.0064596880693
0.0633541641291
0.0917685010936
0.00521422806196
0.0128828790039
0.00460433796979
0.00421207700856
0.00413648411632
0.00397406890988
0.00380724505521
0.0126546621323
0.00453424011357
0.0057701789774
0.00513192382641
1.26753717614
0.00479226605967
0.0809568760451
0.987273406005
0.105715206824
0.8334041161
0.00636918307282
0.21071869391
0.00459517980926

layerTime
0.0045168090146
30.3830122182
0.00316727394238
0.00202338001691
0.00209940201603
0.0052974561695
0.00202798121609
0.00206590397283
0.00187781383283
0.00203171907924
0.00222487002611
71.8755785211
0.00210534711368
0.0657132489141
0.397899105912
0.00213327212259
0.00527251395397
0.00200746394694
0.00219023786485
0.00195268285461
0.00181756913662
0.00183981191367
0.00342589686625
0.00216809101403
0.00196930509992
0.001996739069
9.95071988879
0.0023076639045
0.0356148651335
12.927449024
0.378849448171
8.0657711958
0.00464780395851
1.45812911913
0.00224208412692

checksumTime
0.0037870160304
0.00228878902271
0.00202248012647
0.00187066593207
0.00181406503543
0.00215869699605
0.00177650083788
0.00173571496271
0.00165746314451
0.00176984397694
0.00181978405453
0.0020847748965
0.00196201284416
0.00221469905227
0.00207803887315
0.00174406100996
0.00207386096008
0.00191111210734
0.00192678207532
0.00159954908304
0.00171017390676
0.00156279094517
0.00218090298586
0.00190169294365
0.00174290803261
0.00171898398548
0.00206366111524
0.0102226559538
0.00220615579747
0.00217923312448
0.00540976691991
0.00204205210321
0.00420574797317
0.00199066707864
0.00866217492148




layer number :  35
153.756516544
0.120633081999

jsonTime
0.00783762196079
3.12334623584
0.0596030030865
0.0051913310308
0.00541949318722
0.00443250802346
0.0166735828388
0.00486318115145
0.00416028196923
0.00433126697317
0.00412724702619
5.76937068906
0.0117750838399
0.0901650940068
0.0986946669873
0.00443493202329
0.00426088203676
0.0126768411137
0.00410684500821
0.00410933606327
0.00402930891141
0.00390144414268
0.00398182496428
0.0131462370045
0.00548544595949
0.00476478319615
1.00708526699
0.00447069481015
0.0619975861628
1.22277101805
0.0944618941285
0.650364497909
0.00838303100318
0.367668306921
0.00450908904895

layerTime
0.00395794096403
31.3495467231
0.00294193485752
0.00190638797358
0.00186490500346
0.00188051210716
0.00233696610667
0.00193876284175
0.00202933396213
0.00190819706768
0.00203586718999
75.4663227939
0.00444645714015
0.168415995082
0.96303136996
0.00225841905922
0.00209807790816
0.00340962293558
0.00218252115883
0.0020263120532
0.00172660592943
0.00171115598641
0.0018962409813
0.00331200705841
0.00192489498295
0.00184373580851
10.1717841271
0.00215162103996
0.0354929019231
12.6368864051
0.630138013978
8.17770046997
0.00451648398302
1.18409413006
0.00224499194883

checksumTime
0.00374055909924
0.00211282307282
0.00185875408351
0.00165319885127
0.0016733747907
0.00176154705696
0.00195738393813
0.00179786002263
0.00170157104731
0.00172238890082
0.0103508909233
0.00430625909939
0.00368870096281
0.00449835788459
0.00202367501333
0.00195035594516
0.00171349407174
0.00183255388401
0.00163608882576
0.00165441306308
0.00200511701405
0.00161641393788
0.00166681804694
0.00175521196797
0.00164811592549
0.00165068102069
0.0023751470726
0.00212572398596
0.00182562391274
0.00221310486086
0.00192963099107
0.00424183509313
0.00380656612106
0.00214863894507
0.00902331899852




layer number :  35
150.401633697
0.090791339986

jsonTime
0.0304949521087
2.777935063
0.0597004708834
0.00532480003312
0.00449945498258
0.00422888807952
0.00430455105379
0.0136719420552
0.00472625903785
0.00429877289571
0.00405877199955
5.67049517599
0.00512492004782
0.0629668489564
0.1100583761
0.0153343428392
0.00504827103578
0.00513862702064
0.00518908281811
0.0050960900262
0.00512304995209
0.0153589369729
0.00536555703729
0.00524904299527
0.00717740505934
0.00599164515734
1.06487056008
0.0267371830996
0.0667505590245
1.30114164599
0.0740723419003
0.64601106802
0.00482513708994
0.153265792178
0.00493880501017

layerTime
0.00865591689944
31.0373760019
0.00308267911896
0.0019742839504
0.00197693612427
0.00196864386089
0.0019069169648
0.0049178020563
0.00203694286756
0.00225680600852
0.00185680785216
74.470582885
0.00235577393323
0.0520272308495
0.368717476958
0.00651952205226
0.00273558194749
0.00242658285424
0.0026224500034
0.00245955516584
0.00241871504113
0.00359167903662
0.00268633593805
0.00248174299486
0.00253893691115
0.00243509677239
9.48568899697
0.0102596678771
0.0883803500328
12.708202387
0.367737249937
8.63354651607
0.00229344284162
0.729919553967
0.00230606808327

checksumTime
0.00451340898871
0.00228781811893
0.00202140188776
0.0019335760735
0.00158628891222
0.00169941107742
0.0017294739373
0.00201578298584
0.00191851705313
0.00189990317449
0.00176875805482
0.00230594002642
0.00197339314036
0.0141287760343
0.00226964009926
0.00265306094661
0.00231758109294
0.00233588018455
0.00215030601248
0.00215006899089
0.00206393492408
0.0021823940333
0.00214619492181
0.00203072698787
0.00204414804466
0.00203795009293
0.00437012198381
0.00425906502642
0.00403538788669
0.00219699717127
0.00306318607181
0.00211386592127
0.00186526798643
0.00236858287826
0.00926181301475




layer number :  35
157.211811889
0.110123605933

jsonTime
0.00774058210663
2.88850519294
0.0599921441171
0.00545493909158
0.00480542588048
0.00404686108232
0.0132187979762
0.00458707287908
0.00395726109855
0.00381673593074
0.0038072350435
5.76530676102
0.00513235712424
0.064191439189
0.0882149438839
0.00486450479366
0.00442541809753
0.012986121932
0.00461955904029
0.00426702201366
0.00366040389054
0.00370559887961
0.00444722617976
0.0131174079143
0.00571472384036
0.00453102611937
1.06000718079
0.00928406207822
0.0672461029608
1.32520756195
0.0902902281377
0.840240702964
0.00474017392844
0.146819520975
0.00433632987551

layerTime
0.00420917989686
33.174670141
0.00273306900635
0.00204736879095
0.00201980303973
0.00197230093181
0.00520781800151
0.00211705709808
0.0019194460474
0.00190693000332
0.00216632592492
76.960135333
0.00197258382104
0.0482274768874
0.690480070887
0.00203814008273
0.0019991369918
0.00526479515247
0.00227973097935
0.00206998013891
0.00199529808015
0.00196123798378
0.00189303397201
0.00330228707753
0.00214681006037
0.00194752682
10.646180348
0.00433699879795
0.0906045350712
12.762386132
0.530095080845
8.49142065807
0.00211044307798
1.00227427296
0.0024463289883

checksumTime
0.0036221400369
0.00249083805829
0.00201482791454
0.00196654512547
0.00188948400319
0.00161816505715
0.00226441607811
0.00157911190763
0.00164587399922
0.00157587695867
0.00194202503189
0.00209298194386
0.00180777697824
0.0179952031467
0.0020725352224
0.00170248397626
0.00169936893508
0.00198967382312
0.00214544404298
0.00176801695488
0.00186923006549
0.00184783595614
0.00173087697476
0.0020449180156
0.00187420402654
0.00187749718316
0.00433311914094
0.0040534150321
0.0037520150654
0.00247350893915
0.00388779002242
0.00220920401625
0.00194102106616
0.00189002999105
0.0103928090539




