layer number :  9
0.81608557282
0.0429141310044


0.0193067051781
0.0153990118221
0.0926274941691
0.00963694866125
0.0190876698277
0.0140411040047
0.00845084021178
0.00928618976225
0.0159785612874


0.00594108869943
0.0058412248424
0.472287297287
0.00435048384437
0.00567968147031
0.00535347270003
0.0043039243125
0.00430258836908
0.00500092822282


0.00410781963728
0.00742406615367
0.00402064904726
0.0037086745336
0.00406617601402
0.0039504301191
0.00383271284712
0.00370283836188
0.0170605886184
