layer number :  19
149.575733618
0.0592032819986


0.0122071736648
3.00656917893
0.0564614575512
0.00593089541265
0.92291747767
0.0141382791723
0.00430210567235
0.00598560762592
0.00809146262084
10.606505722
0.01124866722
0.00654619800237
0.00664543554497
0.00845083210152
0.00507381022908
0.00741166435182
0.00641054885151
0.0082685855062
0.00723976288768


0.00475274581307
24.3645260193
0.00995102866243
0.002121945067
6.90773179801
0.00256209444099
0.0020487185102
0.00229645803726
0.00220005947631
103.239281359
0.0037929933751
0.00328706282501
0.00339206172308
0.00421014214711
0.00530773529317
0.00241935982679
0.00259460683446
0.00318556267303
0.00311245163903


0.00394233017384
0.00209994699496
0.00205563001024
0.00189026483955
0.0020997528142
0.00200523020855
0.00175428549604
0.00189602037426
0.00184265640564
0.0166485776426
0.00224403377312
0.00219263151909
0.00230222967609
0.00233915009691
0.00472119035354
0.00221131679912
0.0021406483138
0.00253888665854
0.0123622876514
