layer number :  15
230.690115906
0.0513428290375


0.0116717298515
1.66388809836
0.0107869706505
0.0100485094978
14.492945508
0.132711015991
0.249831290993
0.0138908891628
0.00709548646894
0.00673265064447
0.00419961781396
0.00700057371675
0.00565092960218
0.00653183836645
0.00567846656001


0.00513560286102
15.4340216541
0.004389329697
0.00373360665981
194.828806028
0.741760388521
2.11402055229
0.00259189447388
0.00266095534122
0.00241692798833
0.00193149328697
0.0023440134634
0.00219158098722
0.00234317046125
0.00221452396363


0.00382512648745
0.00299153216959
0.00272757117637
0.00266494951211
0.0151883165042
0.0043953450319
0.00739339001787
0.00186121502581
0.00201709937149
0.0019037167076
0.00176215416286
0.00175295141525
0.00173782770677
0.00191553682089
0.00947776995599
