layer number :  17
20.7778704168
0.0545351520181


0.0205879235097
0.0120463300652
0.170184056934
0.00669332430698
0.00928341585678
0.106781872145
0.0117999981546
0.00689047982451
0.0106897938919
1.47027285218
0.00787670483501
0.0718756375136
0.0123728386437
0.320814397923
0.00984177319333
0.0049628278551
0.00564359182802


0.00739616516512
0.00509040837642
1.33051596532
0.00244759003787
0.00252805906348
0.702234043623
0.00429906529219
0.00355089533453
0.00407755099392
13.5003392409
0.00294978012486
0.223862421311
0.00432793966805
2.54452391935
0.00296755573557
0.00213506503496
0.00227135330594


0.00409726794654
0.00398900584939
0.00248005485628
0.00184237677604
0.0018319314889
0.00345363076
0.00320496681767
0.00320473014532
0.00313904664169
0.00225791649427
0.00207877267773
0.00311883135388
0.0028501895334
0.0107741400134
0.0019985640732
0.00189424368242
0.00923137913923
