layer number :  18
44.8175832329
0.0558778205421


0.0191350346819
3.04357134233
0.05956897547
0.00622017316831
0.0114863595227
0.279320934555
0.00498476826275
0.00454198080115
0.217936333114
0.200760254365
0.00490552664269
0.958435097942
0.00528542957424
0.0074879908158
0.00453320258142
0.0116653922402
0.00456558482256
0.00455794634763


0.00583341449965
25.4641296348
0.00367953306219
0.00215787518149
0.00381009366053
3.01479993415
0.00218425823065
0.00202408918024
1.91517386294
0.00263009631696
0.00249632603178
9.50870990804
0.00216335667452
0.00258449620257
0.00212115216224
0.00374894294267
0.00214538901734
0.00203427912978


0.00390560284722
0.00230648869183
0.00199502694886
0.00180231682801
0.00198070231514
0.00221698735064
0.00198261777405
0.00184905222462
0.00259918191781
0.00226455666901
0.00214009483655
0.00222580356058
0.00191353218785
0.00199632121561
0.00181976150876
0.00215452148889
0.00181210048807
0.00951913367802
