layer number :  37
144.059326172
0.10291026826


2.98016646144
0.0571637028285
0.00692147381292
0.0058204731516
0.0093357024792
6.07469756117
0.0806252405745
0.0108730105373
0.242856533422
0.0179752458741
0.0060024675137
0.00429000181612
0.00415888118247
0.00691746819454
0.00993106199893
0.00431230400378
0.00560449370339
0.00413837900851
0.00435780046974
0.447681719399
0.00490301750445
0.0104037350587
0.00459397716137
0.00562105840073
0.00448849366512
0.00563868480579
0.00570571566155
2.66388704729
0.00501337763853
0.0825394134736
0.015110569618
3.65658747234
0.124158669729
0.0107549603563
0.00682105453839
0.00694844398336
0.0081791257641


23.3645476361
0.00598829996307
0.0025736792013
0.00257948696768
0.0040905996769
50.1269688735
0.326490794153
0.00414012201751
1.77038638174
0.0193020579561
0.00254635567156
0.00209062197245
0.00202385588394
0.00255767818696
0.0028087075334
0.00194642234904
0.00225385080557
0.00209563101331
0.00199267935629
3.68078842759
0.00214737774028
0.00347473045501
0.00212656683288
0.00229164779497
0.00199570052791
0.00212002603803
0.00221590100167
24.5645202015
0.00215366199457
0.224712851651
0.0044039155279
22.2689762543
0.719146849782
0.00436277478002
0.00291779163914
0.00286193289018
0.0032224439783


0.00220361099734
0.00189315519917
0.00186709252497
0.00193099285631
0.00239163602237
0.0129985490348
0.00919905429085
0.00360086300255
0.00360338428679
0.00306558834079
0.00187021338691
0.00179099330368
0.00174814245353
0.00180254748557
0.00177203328349
0.00179570742572
0.00175484320304
0.00181326002348
0.00180169761491
0.0022399945107
0.00201353260006
0.00194607601346
0.00179276429116
0.00178638217039
0.00174724132133
0.00173541546489
0.00176337904607
0.00385592885626
0.00198221202784
0.00288336836578
0.00269335702372
0.00523113897847
0.00292952401408
0.00242972020836
0.00228090894719
0.0022135937276
0.0107390256599
