layer number :  27
135.037168475
0.0857252034824


0.0128585641505
2.90309082119
0.0614376040176
0.00845411070622
0.00705374917016
0.262600277744
0.0114780863514
3.01175830164
0.0814823607991
0.00614706333727
0.0140648775268
0.0046219433813
0.00731090852059
0.00598327283903
3.71960293952
0.123130636949
0.0085782901151
0.00512003898621
0.00626743965161
0.00910065536543
1.55172041811
0.00892247255736
1.72906937737
0.00882999878376
0.00643825084747
0.00516821230606
0.00595709875537


0.00676212417118
26.7503690865
0.00799342621273
0.00228121182105
0.00282264496976
0.937401803094
0.00365615496412
32.2738224065
0.00214510232521
0.00253791334884
0.0152699033497
0.0020540197147
0.00295246012198
0.00255419585543
32.7478191233
0.00324062234722
0.00320946828773
0.00295097629229
0.00276276119985
0.00304063716127
12.0650011631
0.00323799698769
15.4484650337
0.00263205019292
0.00249777152203
0.00218156616514
0.00224259806176


0.00389648702306
0.0022396632703
0.00210540109159
0.00196080782916
0.00196219833257
0.00270367336149
0.00225777054826
0.00266665255185
0.00188266730402
0.00189694645815
0.00191299295208
0.00175682660968
0.00182212652483
0.00188895082101
0.00268237389779
0.00372907659039
0.00235347170383
0.00267466634978
0.00250806977662
0.00255049703022
0.00253987576191
0.00235537544359
0.00227346034565
0.00207145748815
0.00197054616486
0.00190952622021
0.00961226729365
