layer number :  22
90.3780805834
0.0706934338436


0.0154112073748
2.92270874849
0.060226811717
0.00761533284094
0.0120790752893
0.00630724849179
1.84421451351
0.00783032803641
0.00937163662941
0.00684757996351
0.00541623596412
0.00597490537136
0.00745927499762
0.00574178687142
0.00490075633085
0.0102296860035
0.00574824633077
2.29357332573
0.244265613573
0.0152537255005
0.00520121267376
0.00501875575477


0.00541561193919
32.5951499838
0.0372973545066
0.00340408998697
0.00518775168652
0.00314144029593
20.8353436148
0.00287540396675
0.00313619167233
0.00278161714474
0.00238667121933
0.00675536952137
0.00258993582489
0.00524039919644
0.00276168334918
0.00313225384646
0.00278843799606
27.2176658088
2.14792854327
0.00581290945411
0.00251297268551
0.0024132929199


0.00395540889197
0.00902423545872
0.00309118197765
0.00294970569666
0.00299237901345
0.0028079264254
0.00250216200948
0.00240510566315
0.00218664008813
0.00208913798754
0.00363003513
0.00430745480117
0.00217926432378
0.00254974296938
0.00253641496723
0.0025617503173
0.00243882365369
0.00219959610452
0.00260873534717
0.00240256617932
0.00220029548897
0.0105916128183
