layer number :  12
95.6475040312
0.0518858359661


2.10454531487
0.00509232278758
0.00531226334473
1.54917052753
0.100535402036
5.93899456998
0.0101440885725
0.00599666397709
0.511900546301
0.00740701848796
0.00452354659016
0.0043732902656


15.6456644268
0.00209602236282
0.00353874110928
16.6621429863
0.00319421322395
48.8200945672
0.00359017281638
0.00355780151828
4.25290130952
0.00288163719233
0.00215197304108
0.00208355936532


0.00213903413775
0.00186959370816
0.00239431202256
0.00213749396304
0.0022735639941
0.00381894440701
0.00199112769527
0.00200803601183
0.00246079883072
0.0020359166665
0.00181488471571
0.00876535684802
