layer number :  11
166.958704326
0.0509380860254


1.61745671113
0.00831618198815
0.237711431226
1.48407506621
4.40649999251
0.0120086426226
0.0193790703391
0.00453496049158
11.5656297994
0.015177919413
0.01020194788


12.4751097863
0.0022949707151
2.1389799496
14.6099287798
41.0500491567
0.00507294902733
0.0205910488342
0.00213594284529
77.6852295921
0.0130375259711
0.00316726261129


0.00231335471229
0.00194522641444
0.00258536050872
0.00441793926682
0.00374496518634
0.00219516114642
0.00194560134939
0.00190584202452
0.0164135866023
0.0026604111384
0.0117207622
