layer number :  21
82.5248636872
0.0623930116184


0.0159364217349
3.00903714332
0.0536118863771
0.00994861211318
0.00660516143155
0.290286623679
0.00635348268163
0.00455589782602
0.00714439743508
0.00764104285433
3.82362581949
0.15276343554
1.72450366139
0.00625869771466
0.00481783198969
0.00506913281667
0.0100688658422
0.00644562405068
0.00691782170906
0.00584635468355
0.00428466848098


0.00521303364076
25.0166045253
0.00918261404148
0.00365904249096
0.00256852689199
3.22450581527
0.00250869531495
0.00204226421192
0.00264505304707
0.00291254732292
31.9988635597
0.00360035915704
12.7666794365
0.00259286949101
0.00207075651269
0.00205486267805
0.00307753852879
0.00235133850947
0.00222552396978
0.00218632762941
0.00203608197626


0.00380303233396
0.00243653562696
0.00199815770611
0.00184867604791
0.00193472051372
0.00216367518684
0.00203360267915
0.00179334516482
0.00193261281432
0.00233682415759
0.00221746546837
0.00221119262278
0.00221472827252
0.00211535681349
0.00179159117397
0.002013997136
0.00187685631681
0.00198579459296
0.00179387101283
0.00179921036276
0.00890014087781
