layer number :  28
180.84107296
0.0961501755751


0.0119503131136
2.94800502213
0.117254448822
0.0111839316863
1.05748796028
0.00523791151742
0.0075790232125
0.717627678338
0.00581467539693
0.00935468120345
0.00895128814348
5.10677098572
0.0187138525071
0.0115896651599
0.00710785253129
2.97836251417
0.0618321505219
0.00788256747183
0.0135198764425
0.00646661788536
0.00847252764895
0.00791160250083
0.00952264297909
1.48813417399
1.41754408204
0.00818113322991
0.00737850465036
0.00645794797068


0.00492643250618
31.260586232
0.0156010371478
0.00420320550135
8.4405903907
0.00353060061267
0.00281615613494
7.84414217823
0.00294094133036
0.00384374467346
0.0033789735365
55.7311626628
0.0108194027174
0.00468704601129
0.00367975514382
34.3071919615
0.00369589100592
0.0033190031536
0.00503496965393
0.00319033764147
0.00355067406781
0.00344548312326
0.00363059151762
13.5024217528
13.3205287061
0.00325227462842
0.00360543719338
0.00323861216505


0.00385406500815
0.00213563473274
0.00213496515062
0.00228540032791
0.00225403819543
0.00233195400021
0.00189615429069
0.00344427061888
0.00265779726518
0.00250391584511
0.00241421496806
0.00355905895898
0.00317966313256
0.00332130596507
0.00332192052156
0.00354469245455
0.00299553289854
0.00288390170317
0.00290622368144
0.00290847546421
0.00287741996969
0.00283024871411
0.00282651034649
0.00218905314493
0.00290029267004
0.00256765517406
0.00293055168974
0.0130713252972
