layer number :  18
149.733451828
0.0668134937995


0.0186224961653
3.042387672
0.0634636405157
0.0125273710194
0.993235077787
0.00721023080404
0.00776347653784
0.682956975419
0.0075149096859
0.0133937970968
0.00561658999262
5.16680089295
0.0192168925035
0.00553240921969
0.00540107267443
2.89970355066
0.0207300936648
0.00681630386195


0.00645381196712
30.8981283623
0.0384763536664
0.00499643094373
8.62055253866
0.00296562937243
0.00305093832624
7.83892600401
0.00329249162072
0.00470386247616
0.00285318035943
54.7900190334
0.00507956199968
0.00267231181109
0.00266930328993
35.6307456702
0.00801725002626
0.00323175041315


0.00397134265707
0.00569581170566
0.00374705099966
0.00298265689829
0.00243902784617
0.0022194115057
0.00219585486533
0.00307970835517
0.00268622099732
0.0026461436258
0.00239092313374
0.00480938435067
0.00247769764004
0.00243874282266
0.00249903932369
0.00287037234133
0.00287221116014
0.0132284904054
