layer number :  15
61.3124733041
0.0492691468448


2.089261907
0.00918890194347
2.85891056336
0.00629696436226
0.182377185983
0.454926414609
0.00536624330562
0.00863802805543
0.00558644416742
0.00753573863768
0.00639540865086
0.010550671878
0.00538252398838
0.00524770348177
0.0049945161057


19.709593287
0.00353502486056
27.9010072413
0.00230904505588
1.36724101054
6.67371828385
0.00220529032716
0.00311954851107
0.00246724354413
0.0026503871583
0.00239520287141
0.00310683696686
0.00246474461164
0.00237728403105
0.00235438335221


0.00219198102908
0.00194848980755
0.00222472730093
0.00192102211683
0.0103874933362
0.00296597889004
0.00186006243651
0.00228702948274
0.00214328698348
0.00207011750899
0.00215795112308
0.00224614488737
0.00500868233698
0.00212537889213
0.0101187661833
