layer number :  24
97.6537258028
0.0789982694201


3.0680829663
0.0564772026458
0.00828812333445
0.00726910630086
0.00821773327577
0.00518791556048
1.00248279597
0.00639409692182
0.00683868754035
0.00715677409122
0.0198876231831
0.107914906344
0.00678227104557
0.00658563415831
0.00925441773142
0.00951068394351
0.0709364635016
0.098201130478
0.00636210800925
0.00939872224505
0.00870282672501
4.56738202087
1.13278299488
0.317680359081


23.7705914037
0.00634751305915
0.00313692198445
0.00400001901048
0.00347862039537
0.00250328995753
7.56451599556
0.00221606444878
0.00244261832753
0.00242798639617
0.0166564898876
0.00351494880548
0.002820914456
0.00283267333483
0.00324570616552
0.00317499806018
0.174452499991
0.00337504362687
0.00316062647228
0.00635503616649
0.00360046063239
40.1011019198
11.2376932226
3.97253086274


0.00212666349641
0.00213918062703
0.00192403506177
0.0023664618299
0.00226605128652
0.00214185515263
0.0103438784524
0.00197199980418
0.00193412632992
0.00184398361792
0.00439365134418
0.00258709381645
0.00248279018948
0.00250347726978
0.00255886969777
0.00245277610763
0.00317416654434
0.0028942284019
0.00274381763302
0.00324241956696
0.00326271882901
0.00217942784851
0.00422678585165
0.0169986881471
