layer number :  21
101.537759066
0.0784479737748


2.11087228556
0.00530560819122
0.564702716656
0.0722063827949
0.0148309078067
0.00587082619313
0.00569819270944
0.00595531903673
3.8216425357
0.0659632072396
0.303319593659
0.00654723514647
0.00608821911737
0.878072203253
0.00536689678362
0.0153574623788
0.00511272868607
0.0755531783215
0.0802148785054
0.0068176696465
0.00635535269976


22.3418768078
0.00226502516307
8.04507596667
0.0865287162985
0.00497378470997
0.00270968532035
0.00289475483199
0.00298483215738
52.5814159822
0.0192980818683
2.67689329137
0.00334543633895
0.00305445604802
7.22579339562
0.00257831905037
0.0047521876016
0.00258531367096
0.00259899002655
0.207733217161
0.00333625497296
0.0032426113418


0.00973532131563
0.00202242164717
0.00287985991842
0.00277542167654
0.00261302878304
0.00246789915642
0.00269758282229
0.00271079080024
0.00256360108809
0.0034298133105
0.00383218831849
0.00285217165947
0.00265910197049
0.00341277868332
0.00227799332545
0.00236001831945
0.00232417931935
0.00225042264598
0.00313251256012
0.00297984915475
0.0145315305175
