layer number :  24
73.4338536838
0.0737391922157


0.0159743943562
2.04490274552
0.00560846882096
0.00662336956399
3.54149503548
0.0119287295577
0.00935133267194
0.00657015833227
0.00646447669715
0.0131965329638
0.00635932405324
0.00900230246285
0.422711447813
0.00979398369478
0.00932540317686
0.192093596017
0.00899882618493
0.00903925416061
0.00707041534284
0.468480694302
0.00534793330977
0.00499038305134
0.00509420355471
0.00909696422361


0.0074651808245
19.5750347406
0.00259500815689
0.00281332464268
37.1444415256
0.00425315349518
0.00440447750346
0.00317305885255
0.0030932064401
0.00479139286714
0.00316524878144
0.00386420513193
3.8196548662
0.00424119178206
0.00382602614506
1.54951620704
0.00335712280745
0.00317465052164
0.00296386738774
3.65085862922
0.00261016298706
0.00244663764412
0.00246293229672
0.00320928854247


0.0038192505405
0.00778180368556
0.00228923213824
0.00211620617968
0.00802999397275
0.00273446575738
0.00294066321415
0.0027206207936
0.00272118005281
0.00285740064767
0.00274985520324
0.00282871855112
0.00298720648667
0.00305057169559
0.00284530730763
0.00279156281613
0.00275433699911
0.00264954819189
0.00260454889697
0.00293531866434
0.00229437932527
0.00226528896019
0.00213863894654
0.0103270426237
