layer number :  23
37.203649442
0.0666362928227


0.0189586343477
3.20443014397
0.0564828019512
0.0108434112044
0.00952961431661
0.292589829497
0.00709579881126
0.00443984859158
0.223284558005
0.00473064471347
0.330942520872
0.03338140517
0.00887423020322
0.00637551754092
0.00484953164899
0.00484523631167
0.00600772432517
0.00784494227263
0.00955337068687
0.107459967529
0.101373519128
0.00635457283352
0.0132037284008


0.00596535279571
24.9794507618
0.00694593515557
0.0037428571377
0.00369180203415
3.2576976798
0.00215289524446
0.00208485642603
1.85301859285
0.00210052464778
2.52146791446
0.00275045582869
0.00301810408321
0.00237266653373
0.00202370101275
0.00201172932672
0.00240646617021
0.00273079409575
0.00290171196684
0.00318318399756
0.00329173177791
0.00306777326235
0.00397489848547


0.00406503052606
0.00231813406572
0.00195155700203
0.0020294386583
0.00199661683291
0.00225691516729
0.00199832344273
0.00193602250268
0.00228145831109
0.00193720698978
0.00211353083917
0.00183377717622
0.00201715315537
0.0018976504604
0.00175745750312
0.00179361874082
0.00208878924604
0.00215773882034
0.00224705370298
0.00250491756014
0.0027952590414
0.00276627934848
0.0131082689622
