layer number :  19
103.758040302
0.0634806630667


0.0161020387119
2.04171506998
0.00508499355055
0.549735722249
1.53186401569
4.66202176863
0.10730347728
0.0075843312079
0.00674675005333
0.0130277600838
0.908630910794
0.161062836647
0.0104460044531
0.00629373127595
0.0216637514532
0.151589285505
0.00477462568476
0.00859612924978
0.00445539166685


0.00604661643349
16.4173366753
0.00232498592231
5.72856140028
15.6271199821
44.9264234121
0.141321147016
0.00331097232022
0.00359100278001
0.0105739035644
7.58194528408
1.43615963985
0.00310702633578
0.00241430938088
0.0216157940061
1.25915473983
0.00209337946338
0.00293482894388
0.00195928018851


0.0038469225401
0.00223977623197
0.00193767777334
0.00222833396401
0.00217127799988
0.00425607350189
0.00604892095241
0.00281114620157
0.00327231618576
0.00318803110471
0.00211069818276
0.00217871554196
0.00209427050625
0.00186790102938
0.00194572517648
0.00226477801334
0.00196687438681
0.00195279391483
0.00886082816093
