layer number :  10
53.5642628599
0.0419460070319


1.59603393543
0.00658394427349
0.00870640917371
2.03352229666
0.00487778879081
0.00460078497417
0.00507993216161
1.33984526934
0.0816491669587
0.00456652417779


13.0634075262
0.00230498037611
0.00282195885666
20.538547007
0.00214568467345
0.00214404511886
0.00216553538727
14.9369761851
0.128223587487
0.00223276799079


0.00526412091373
0.00333152428114
0.00197220516081
0.0022644798737
0.00189808038219
0.00336332871424
0.00185324562092
0.00221479362032
0.00202544316805
0.00931560255897
