layer number :  18
138.428496523
0.0580940505024


2.41914578683
0.00779668082638
0.0067626440432
3.43371933365
0.84168629651
5.39882857504
0.0957841608519
0.105167869207
0.408043553859
0.00663491804152
0.00488497351762
0.00709043540216
0.357170953997
0.00481858496399
0.0101814421748
0.00794014129012
0.00630558755559
0.00590100100575


21.4233614462
0.00312395746975
0.00255270896014
39.7953174715
7.94674677689
52.0494495556
0.304275721001
0.543812697094
3.53332341913
0.00270779279527
0.00209778481318
0.0026658041946
3.45809958332
0.00217503899087
0.00268254747304
0.00252387012976
0.00234057564133
0.00223133724649


0.00218626682181
0.00198686964965
0.00186324352398
0.00226330047007
0.00226052190798
0.0164759128432
0.00545940734447
0.00535803847015
0.00337167037651
0.00199295134128
0.00172881324154
0.00194563282033
0.00215737238371
0.00197789604621
0.00184317305684
0.00186146333969
0.0018407223591
0.0092391022481
