layer number :  10
8.01994749713
0.0426474262029


0.0118875337066
0.168746525344
0.00700291164685
0.00615468850204
0.315527248313
0.00472598647078
0.0809521829166
0.00766900146846
0.486557960976
0.0049514582303


0.00496063497849
1.34930037129
0.00276939834778
0.00258361699525
2.65363213758
0.00216178254535
0.171538948586
0.00262532453053
2.67099574685
0.00220348748068


0.00392128251648
0.0024746406901
0.00210478866938
0.00201634329278
0.0022381831271
0.00183171728471
0.00211747689173
0.00200232316274
0.00244646344799
0.00925026496407
