layer number :  19
119.068149184
0.0807748590596


0.016477298496
3.04519048135
0.0536453893486
0.0082863555678
0.00584174618901
0.00638133403846
0.0072446897005
2.90270869318
0.00809525419026
0.00452391065968
0.00488747303219
7.61669282332
0.947704019646
0.00544055198164
0.00496804298988
1.55754409994
0.0708022052422
0.00713634700514
0.0102256556274


0.00505726361492
23.9230192248
0.011744179142
0.00313630009381
0.00255374032228
0.00270298115599
0.00306789965058
25.8420159186
0.0030733658156
0.00210057171838
0.00200194760692
38.3537148218
4.24277846104
0.00235231236244
0.00209495429105
10.5879175562
0.110782376452
0.00313480683447
0.00358468123401


0.00398782252644
0.00221222720575
0.00196401530411
0.00196060670229
0.00184869448034
0.00185067280351
0.00170562082591
0.0069247999539
0.00192068734517
0.00185052561574
0.00172070437111
0.0113449393539
0.0123269583176
0.00200518899752
0.00347767137767
0.00243440348034
0.00280069299818
0.00249182867507
0.0114711369776
