layer number :  35
116.998572762
0.0907937538344


0.0119969601898
2.95112798499
0.0551611689928
0.00647098800013
0.00507950600392
0.00796891201751
0.0108851836994
0.00496098469011
0.00631884745477
0.00498510004642
0.00499735823056
5.61361575169
0.00990998733322
0.0565972714297
0.0885707504737
0.0100414609381
0.00603795420223
0.0127654469494
0.0059465173011
0.00743869447616
0.00605580637542
0.00967345685543
0.00592948356643
0.012299304052
0.0080172259283
0.00733301866179
1.22420373835
0.00874616904184
0.0638811699658
1.04792359685
0.107259269183
0.736134641454
0.00877033445673
0.152061450994
0.00535479230651


0.00470499729272
23.55141197
0.00909191183745
0.00249752398425
0.00238446088042
0.00345968284334
0.00400516274385
0.00250840718703
0.00283887439097
0.00249835747915
0.00237322994508
55.0863813654
0.00389996318457
0.0647175904596
0.711329783507
0.00424790770436
0.00298239065645
0.0038782703923
0.00298274448141
0.00316261950259
0.00292943802197
0.00342775819202
0.00294256493605
0.0037786521328
0.00297142852408
0.00310398428701
7.93096907503
0.00330958461078
0.0309349631425
9.43278075537
0.386925694727
6.34806401135
0.00330086673299
1.06845604112
0.00234388334987


0.00382206204813
0.0041721703019
0.00240932416637
0.00238821213134
0.00214069782911
0.00222905690316
0.00227972857343
0.00212601618841
0.00215541761524
0.00216864150328
0.00209890694047
0.00384753666974
0.00206299793596
0.00639336851116
0.00469053734559
0.00276782352012
0.00270963646472
0.00284663770193
0.00251496986796
0.00270301379108
0.0026329686322
0.00258805342795
0.00255581651193
0.00276031449903
0.00258276956932
0.00267604067146
0.00230350861481
0.00204658209501
0.00199322146364
0.00220245359621
0.00358158935948
0.00215370669806
0.00209352393479
0.00228381591538
0.00978866145792
