layer number :  9
1.01822389592
0.0585106359795

jsonTime
0.0337099030148
0.0170402550139
0.0546482030768
0.0342659908347
0.0157902070787
0.0158217691351
0.01528001111
0.0180346311536
0.0163470960688

layerTime
0.0124047570862
0.012260974152
0.502302523935
0.0125224620569
0.0121941010002
0.0123431659304
0.012057170039
0.0125534038525
0.0122162050102

checksumTime
0.0120401219465
0.0118814879097
0.012009503087
0.0120127298869
0.011966031976
0.0118778769393
0.012327948818
0.0118237959687
0.0312325609848




layer number :  9
1.01011511008
0.0600412730128

jsonTime
0.0309007680044
0.0156447459012
0.0517690109555
0.0168721559457
0.0314011489972
0.0156789610628
0.0163666959852
0.0166723867878
0.0159337511286

layerTime
0.0124063899275
0.0122407691088
0.503301599994
0.0122155630961
0.0123403321486
0.0122754829936
0.0122379718814
0.011750520207
0.0124156568199

checksumTime
0.0119594200514
0.0119976589922
0.0119897120167
0.0118373178411
0.012097294908
0.0119801540859
0.0119342971593
0.0117847558577
0.0313049221877




layer number :  9
1.00710341288
0.0604227599688

jsonTime
0.0151525249239
0.01587045216
0.0674790169578
0.0167713649571
0.031374162063
0.0167364031076
0.0156805519946
0.0168350629974
0.0156845948659

layerTime
0.0122627990786
0.0121585610323
0.499944324838
0.0124748118687
0.0123701801058
0.0123420869932
0.0121724759229
0.0122786529828
0.0121460440569

checksumTime
0.012027897872
0.0115388080012
0.0120695491787
0.0119004449807
0.0122293948662
0.0119589630049
0.0118574651424
0.0119206809904
0.0308118709363




layer number :  9
1.02502873703
0.0599382419605

jsonTime
0.0319806379266
0.0157170919701
0.0517399220262
0.016971064033
0.015853500925
0.0156069800723
0.0155581210274
0.0325538569596
0.0157017251477

layerTime
0.0121527039446
0.0121996330563
0.518471117131
0.0123033151031
0.0122874630615
0.0122345851269
0.0122438920662
0.0123289721087
0.0121954630595

checksumTime
0.0118032270111
0.0119379719254
0.0120077298488
0.0121400069911
0.011936216848
0.0119921558071
0.0119552670512
0.0118980437983
0.0306159809697




layer number :  9
0.998119817115
0.0593084031716

jsonTime
0.015692389803
0.0156016489491
0.0697208400816
0.0167848719284
0.0289257271215
0.0156274670735
0.0154192680493
0.0159437928814
0.0154229949694

layerTime
0.0122461321298
0.0122324698605
0.496243045898
0.01220916491
0.0123159119394
0.0121934809722
0.0121352099814
0.0122446289752
0.0122272099834

checksumTime
0.0119727840647
0.0119666440878
0.0119853441138
0.011882964056
0.0118522569537
0.0118718689773
0.011499122018
0.0120716621168
0.0299670710228




layer number :  9
1.256328922
0.299755310873

jsonTime
0.0151066819672
0.0321434219368
0.0516894860193
0.03163214284
0.0157356210984
0.0158231339883
0.0156405291054
0.0168382429983
0.0313815730624

layerTime
0.0122481770813
0.0122706079856
0.49650467583
0.0118823430967
0.0123811978847
0.012212799862
0.0122202199418
0.0122413700446
0.0123237918597

checksumTime
0.0119388790336
0.0118852271698
0.0116266291589
0.0116622119676
0.0120637740474
0.0119340030942
0.0119226248935
0.0119626440573
0.0304667181335




layer number :  9
1.01867863094
0.0612221739721

jsonTime
0.0148785968777
0.0156868197955
0.0517322300002
0.0170409979764
0.0155128519982
0.0156714930199
0.0158726691734
0.0318352901377
0.015659167897

layerTime
0.011847672984
0.0122718990315
0.526607536944
0.0123635749333
0.0122561710887
0.0122825109866
0.0123272398487
0.0122904200107
0.0122809801251

checksumTime
0.0116807902232
0.0119996231515
0.0119379949756
0.0119740900118
0.0119440709241
0.0121505069546
0.0119424120057
0.0119585730135
0.0326289457735




layer number :  9
1.01126353187
0.0610487500671

jsonTime
0.0335660539567
0.0161231951788
0.0518352419604
0.0325782541186
0.0157327770721
0.0161709981039
0.0163772089873
0.0168561339378
0.0157617009245

layerTime
0.0122275040485
0.0122003429569
0.499194164062
0.0122979530133
0.0122132089455
0.0120992758311
0.012157029938
0.0121841011569
0.0121021030936

checksumTime
0.0124648939818
0.0119238658808
0.0119832879864
0.0117852748372
0.0120199690573
0.0119918931741
0.0119750569575
0.0119481999427
0.0321218818426




layer number :  9
0.994595193071
0.0614451880101

jsonTime
0.0158790720161
0.0154760708101
0.069282297045
0.0149829350412
0.0148343290202
0.0152163079474
0.0215951970313
0.014896088047
0.0145475368481

layerTime
0.012215302093
0.0122486471664
0.504260418005
0.012051532045
0.0120872659609
0.0121322378982
0.0120972429868
0.012087295996
0.0120072010905

checksumTime
0.0119513480458
0.0119005658198
0.0119881990831
0.0118864919059
0.0118233261164
0.0118073890917
0.0117604299448
0.0118030440062
0.0297345190775




layer number :  9
1.01040407503
0.0588792709168

jsonTime
0.0327678511385
0.015801924048
0.0517515540123
0.0325525151566
0.0158417951316
0.0157692600042
0.0156290819868
0.0170345401857
0.0160867508966

layerTime
0.0123904610518
0.0122392589692
0.50339772203
0.0123596589547
0.0121873039752
0.0123282109853
0.0121935259085
0.0123278619722
0.0122828281019

checksumTime
0.0120071608108
0.0120012289844
0.0118706289213
0.0119154609274
0.0119820849504
0.0119097090792
0.0119428769685
0.0118297159206
0.0305404020473




