layer number :  15
234.467527032
0.0835772240534

jsonTime
0.0325682670809
1.52593471482
0.0159502339084
0.0303783230484
14.750044303
0.0523718069308
0.223937012022
0.0158495299984
0.0150027119089
0.0238089279737
0.0152510087937
0.0158358139452
0.0157851891126
0.0157493399456
0.0157743908931

layerTime
0.012397919083
16.0529072501
0.0121981331613
0.0123604817782
198.337365825
0.666436936008
2.2054729939
0.0120288161561
0.0156343581621
0.0115918270312
0.0122704301029
0.0122486839537
0.0122160238679
0.012272433145
0.0123217860237

checksumTime
0.0120151620358
0.012607896002
0.0118575829547
0.0119582770858
0.0159459761344
0.012093747966
0.011838987004
0.0117127059493
0.0123813999817
0.0114655690268
0.0119919150602
0.0119916650001
0.0119579280727
0.0119583120104
0.0374658680521




layer number :  15
214.009835152
0.077635693131

jsonTime
0.0154326630291
1.62661741092
0.0362650109455
0.0155798029155
14.2475250829
0.0698532410897
0.20046720095
0.0273067869712
0.0153865499888
0.0221844911575
0.014849914005
0.0148075709585
0.0148125151172
0.0146225378849
0.0139998011291

layerTime
0.0122900919523
14.9289393569
0.0121439869981
0.0121621480212
179.124342052
1.04465338797
2.01808028109
0.0122939259745
0.0121705429628
0.0121105019934
0.0120123119559
0.0119749179576
0.0119387370069
0.0120421210304
0.0120568398852

checksumTime
0.0119372920599
0.0121145790908
0.0117717441171
0.0117137411144
0.0119889709167
0.0120747659821
0.0163984289393
0.0110025610775
0.0118192799855
0.0117761809379
0.0116738770157
0.0119363269769
0.0118074109778
0.0115126420278
0.152932793135




layer number :  15
197.256420436
0.0751720189583

jsonTime
0.0152140900027
1.51455134293
0.016271712957
0.0174108750653
14.3349554192
0.0550712419208
0.173454737058
0.0157510240097
0.0147233079188
0.0149867979344
0.0153143089265
0.0170230988879
0.0218793849926
0.0152115509845
0.0149952189531

layerTime
0.0122942039743
14.013672784
0.0122026971076
0.0123771668877
164.020875076
0.731334207114
1.80010913499
0.0121108968742
0.0121230811346
0.0120691480115
0.0121754070278
0.0133845331147
0.0121029040311
0.0120378769934
0.0123231569305

checksumTime
0.0118591780774
0.012363336049
0.0125941829756
0.0119620929472
0.0157651200425
0.0145624789875
0.0118613380473
0.0116812260821
0.0121220538858
0.0118270821404
0.0116765659768
0.0116137380246
0.011891315924
0.0120592031162
0.0384806930088




layer number :  15
183.685956408
0.0746989911422

jsonTime
0.0328701050021
1.59861208405
0.015448348131
0.0241918368265
13.426590068
0.0558616761118
0.230006167898
0.0586815881543
0.0139217411634
0.0159766259603
0.0223629770335
0.0147432589438
0.0190560698975
0.0154688940383
0.0146664930508

layerTime
0.0121517949738
13.158361838
0.0121054218616
0.0122686352115
151.894953716
0.598519959953
2.04644731223
0.0119243019726
0.0120714190416
0.0124897460919
0.0120463280473
0.0120666350704
0.0134217641316
0.0120460449252
0.0119857979007

checksumTime
0.0117756798863
0.0124014939647
0.0124479001388
0.0118026379496
0.0119793179911
0.0133173679933
0.0118152517825
0.0110540068708
0.0117273388896
0.0117858338635
0.0117484079674
0.0117210780736
0.0121222259477
0.0118369620759
0.0416519639548




layer number :  15
180.674349939
0.0760886848439

jsonTime
0.0326483959798
1.6190825901
0.0154237442184
0.0231253008824
13.4865545121
0.0559518299997
0.178498663008
0.0156607020181
0.0145437999163
0.0149252288975
0.0146311870776
0.0148303140886
0.0226298309863
0.0143836170901
0.0147056628484

layerTime
0.0123014410492
12.5966730861
0.0120253257919
0.0121900790837
149.577583186
0.742025005864
1.79221301805
0.012174542062
0.0119891711511
0.0123030419927
0.0120137678459
0.0120865099598
0.0120975391474
0.0120026899967
0.0120562179945

checksumTime
0.0119834928773
0.011710961815
0.0118198681157
0.0117847230285
0.0116705121472
0.015509620076
0.0118573498912
0.0117421089672
0.0118128699251
0.0118202820886
0.0116698311176
0.0118612088263
0.0118363718502
0.0116918780841
0.0396446101367




layer number :  15
182.76192247
0.0768819600344

jsonTime
0.0331583179068
1.6004149639
0.0158926739823
0.0239049070515
13.49534402
0.0633037940133
0.186989536975
0.0156185880769
0.0147057119757
0.0222389879636
0.0146682860795
0.0147065911442
0.0147818659898
0.0147518059239
0.0227747431491

layerTime
0.0123555201571
12.242080247
0.0120459611062
0.0121416288894
151.712189275
0.999653589912
1.812553372
0.0121993389912
0.0120260049589
0.0120741180144
0.0121069988236
0.0161737280432
0.0120647829026
0.0120259381365
0.0166436019354

checksumTime
0.0119515839033
0.0121683150064
0.0116788959131
0.0117545670364
0.0118685241323
0.011843400076
0.0118087748997
0.0117716069799
0.0117178950459
0.0117419220041
0.0120062900241
0.0137488939799
0.011731805047
0.013091564877
0.0438585579395




layer number :  15
180.740280155
0.0772828150075

jsonTime
0.0158571118955
1.61877536308
0.0157862410415
0.0163689199835
14.073980592
0.0668854319956
0.223632342881
0.0194971160963
0.0160686210729
0.0300403239671
0.0154266580939
0.0154015980661
0.0155418650247
0.0166745178867
0.0291893249378

layerTime
0.0122402030975
12.0287355639
0.0120495429728
0.0123492830899
148.91618522
0.974345203023
2.19968080614
0.0126373509411
0.0122896740213
0.0123268428724
0.0122731279116
0.0124326460063
0.0121297820006
0.0128441541456
0.0123266130686

checksumTime
0.0120074399747
0.0120083489455
0.0117361650337
0.012304716045
0.0163541159127
0.0120965060778
0.0159826318268
0.0115536779631
0.0119115230627
0.0119979900774
0.0119545189664
0.0118791230489
0.0111772529781
0.0120065119117
0.0334179510828




layer number :  15
179.878893258
0.0774832980242

jsonTime
0.0152847717982
1.69274029182
0.0151320521254
0.0165882590227
13.5542667371
0.0592757279519
0.167153473012
0.0164626520127
0.015232533915
0.022237730911
0.0146632168908
0.0146238300949
0.0144479111768
0.0218778180424
0.0144426678307

layerTime
0.0122729111463
12.0520585822
0.012402218068
0.0120058669709
149.209035027
0.721727695083
1.80484497407
0.0157716239337
0.0122506080661
0.0120996891055
0.0120357670821
0.0120622408576
0.0121115059592
0.012251209002
0.0117458680179

checksumTime
0.011912496062
0.0120121308137
0.0118690219242
0.0116566219367
0.0159845710732
0.0117940648925
0.0118215100374
0.0127852780279
0.0118071381003
0.0118396789767
0.0117612539325
0.011834511999
0.0117776908446
0.011423607124
0.0414714561775




layer number :  15
176.311068896
0.077092052903

jsonTime
0.0153528109659
1.49847812206
0.0157871579286
0.0223430399783
13.2146336648
0.0616131098941
0.230509474874
0.0405947160907
0.0144526651129
0.0149376890622
0.0146749180276
0.014734914992
0.0224835700355
0.0146671491675
0.0167459191289

layerTime
0.0122081360314
12.2269167958
0.0119961020537
0.012111464981
145.422549134
0.951989294961
1.97792494716
0.0118617129046
0.01199132693
0.0119457188994
0.0119858630933
0.011964638019
0.0120402979665
0.0119277508929
0.0129167670384

checksumTime
0.0119905329775
0.0120904780924
0.0116739319637
0.0116822181735
0.0119530439842
0.0121369571425
0.0117999748327
0.0114944430534
0.0116923940368
0.0116683419328
0.0118567340542
0.0116712639574
0.0116790968459
0.0117150489241
0.133858433925




layer number :  15
176.609943397
0.0765137618873

jsonTime
0.0328375480603
1.58619964402
0.0250755960587
0.031406425871
13.580957222
0.0547297669109
0.226837496972
0.0503010449465
0.0148286949843
0.0150411541108
0.0154799469747
0.0147036290728
0.0220930750947
0.0146572571248
0.0154462249484

layerTime
0.0123283080757
12.3719268651
0.0115017390344
0.0123234142084
145.469953095
0.59817890916
2.02581786993
0.0167510439642
0.0120884249918
0.0158694910351
0.012184639927
0.0119920838624
0.0121427481063
0.01207736996
0.0121006038971

checksumTime
0.012088608928
0.0121526599396
0.0116470719222
0.0121991939377
0.0119879581034
0.0124139909167
0.0113587151282
0.0136064081453
0.0117604178376
0.0157066029496
0.0118936430663
0.0119099880103
0.0118004737888
0.0121087271255
0.0423062220216




