layer number :  19
200.992808784
0.0885567918885

jsonTime
0.0150446579792
2.84343720321
0.0306212308351
0.0186403440312
0.970708753914
0.0235163071193
0.0147063259501
0.0145902989898
0.0161181581207
10.8961212509
0.0190052499529
0.0162899789866
0.0156345488504
0.016580277821
0.0156417358667
0.0156655211467
0.0317407830153
0.0158477779478
0.0157691868953

layerTime
0.012031360995
32.730251852
0.0829126180615
0.0299752049614
9.353908916
0.0121036099736
0.0120138449129
0.0120104111265
0.0123689819593
143.243658724
0.0124332930427
0.0120658909436
0.0120091219433
0.0123131209984
0.0122504881583
0.0122125609778
0.0178182350937
0.0122677600011
0.0122088950593

checksumTime
0.0286821539048
0.0122577380389
0.012044236064
0.0125422149431
0.012271116022
0.0116933099926
0.011397765018
0.0117114589084
0.0117717150133
0.012347717071
0.0152290600818
0.0127813110594
0.0122365301941
0.0119375081267
0.0120107838884
0.0119276419282
0.0119759188965
0.011968112085
0.0343975059222




layer number :  19
199.313375816
0.0883409681264

jsonTime
0.014957007952
2.58278568205
0.0291641131043
0.0171721170191
0.907707785955
0.0152771600988
0.0152922340203
0.0157961768564
0.0234830810223
10.5722001288
0.0195815151092
0.0145565608982
0.0146300299093
0.0150772810448
0.0148089048453
0.0152015918866
0.0142412038986
0.0167596209794
0.01575941802

layerTime
0.0121814499144
32.918678015
0.0728327310644
0.0122328589205
9.18562258105
0.0119770490564
0.0114819819573
0.012075355975
0.012216768926
142.268513552
0.012417861959
0.012061990099
0.0120696069207
0.0119845957961
0.0120615691412
0.0121195500251
0.0121646581683
0.0122458338737
0.0122156541329

checksumTime
0.0119933160022
0.0126295438968
0.0118685739581
0.0117761250585
0.0118086158764
0.0116884668823
0.0118894751649
0.011846635025
0.0117442451883
0.0136990488973
0.011725821998
0.0116260440554
0.0116925721522
0.0116290701553
0.011826534057
0.011303398991
0.012006968027
0.0123262139969
0.0377607438713




layer number :  19
196.920604528
0.932488758117

jsonTime
0.0161252659746
3.12631308613
0.0220150160603
0.0155385569669
0.866559509886
0.0152703900822
0.0145167629234
0.0218619860243
0.0163427069783
10.620165776
0.0215486418456
0.0282614589669
0.0155336719472
0.0165632038843
0.0153081810568
0.0150615500752
0.0282643660903
0.0154395620339
0.0153656359762

layerTime
0.0122089660726
31.6055652529
0.0404277469497
0.0119854989462
9.04984792508
0.0121410898864
0.0120032790583
0.0121492729522
0.0123585290276
139.938296367
0.0125629540998
0.0159110340755
0.012284754077
0.0122060528956
0.0122314568143
0.0122035909444
0.0122891969513
0.0121781020425
0.012187190121

checksumTime
0.0119640969206
0.0120571679436
0.011839031009
0.011736845132
0.0118732019328
0.0118829470593
0.0117138170172
0.0118282740004
0.0115328480024
0.0120905651711
0.0118629599456
0.0118737029843
0.0118274760898
0.0118630961515
0.0120890270919
0.0121721739415
0.0119690599386
0.0119356829673
0.0363306680229




layer number :  19
198.488409279
0.0868855479639

jsonTime
0.0320951279718
3.05115031893
0.0302643130999
0.0183573060203
0.974762761965
0.0154766631313
0.0150176810566
0.0217994430568
0.0161457960494
10.631112478
0.0241434788331
0.0173585771117
0.015688290121
0.0165825928561
0.0334787669126
0.0158872848842
0.0159366419539
0.0157472421415
0.0157160139643

layerTime
0.0117038569879
32.681181374
0.0830118339509
0.0123891499825
9.46055273409
0.0124186959583
0.0121081368998
0.0121332639828
0.0121030430309
140.738977336
0.0126375651453
0.0125346409623
0.0122272958979
0.012170352973
0.0182708511129
0.0140120771248
0.0122388370801
0.012254639063
0.0122853650246

checksumTime
0.0114091860596
0.0125326949637
0.0119560270105
0.0119262279477
0.0119725118857
0.011904744897
0.011835565092
0.0119449519552
0.0118093008641
0.0121302420739
0.0120228149462
0.0118428028654
0.0119901881553
0.0139411650598
0.0121010600124
0.0129320230335
0.0121677957941
0.0119507808704
0.0406823949888




layer number :  19
199.185419649
0.0877681579441

jsonTime
0.0330135740805
3.02387951384
0.0306165460497
0.0175793119706
0.958027671091
0.015346264001
0.0153876310214
0.0219242870808
0.0161640660372
11.0641043829
0.0187165499665
0.0147552760318
0.0147451080848
0.0152207759675
0.0316933020949
0.0160996760242
0.0155667641666
0.0156869180501
0.0153604368679

layerTime
0.0123507790267
32.7322765971
0.0830887018237
0.012359338114
9.48835693998
0.0120008029044
0.0121079599485
0.0120300049894
0.0123880750034
140.981087229
0.0123156609479
0.0120819020085
0.0171216828749
0.0123394331895
0.0182429139968
0.0122821331024
0.0122595839202
0.0121214380488
0.0122723500244

checksumTime
0.0120025130454
0.0124453660101
0.0119313250761
0.0119278249331
0.011893796036
0.0117634979542
0.0117976469919
0.0117591770831
0.0117697059177
0.0119609311223
0.0117112691514
0.0117609088775
0.0136759809684
0.0119645248633
0.0120354508981
0.0119651518762
0.0119494008832
0.011603920022
0.0380715450738




layer number :  19
199.015406369
0.0920328029897

jsonTime
0.0329625511076
3.05797792203
0.0306488669012
0.0174097900745
0.936613657046
0.0173688190989
0.0157307458576
0.0318885969464
0.0190583809745
10.986765089
0.0207129078917
0.0148737579584
0.0146845499985
0.0177922658622
0.0135302729905
0.022131745005
0.0148220018018
0.0165043489542
0.0156188318506

layerTime
0.012464259984
32.705007015
0.0829947700258
0.0120406260248
8.97912472999
0.0122729139403
0.012253025081
0.0128495679237
0.0123987139668
141.408218974
0.0126016249415
0.0121168370824
0.0123240079265
0.0117657440715
0.011687489925
0.0122004188597
0.0120847621001
0.0122624160722
0.012354808161

checksumTime
0.0119914328679
0.0124866690021
0.0119133109692
0.0119292829186
0.0121527409647
0.0118742841296
0.0118708750233
0.0122232011054
0.0118504620623
0.016877267044
0.0118647280615
0.0117690460756
0.0158890730236
0.0111067751423
0.0117355820257
0.0117629931774
0.0118742659688
0.0119429090992
0.0336219510064




layer number :  19
197.573276226
0.0888596079312

jsonTime
0.031278071925
2.78740474093
0.0216025160626
0.0169146298431
0.95363171096
0.0148897520266
0.0149912878405
0.0213316772133
0.0194165061694
11.1288856079
0.0209271800704
0.0227365409955
0.0148928649724
0.0150213891175
0.0146359051578
0.0157636338845
0.0316344602033
0.0165735450573
0.0156666140538

layerTime
0.0123264950234
31.2868008211
0.0412199080456
0.0121535169892
8.98517084494
0.0120512801223
0.012078698026
0.0118272968102
0.0123965858947
141.530471742
0.0131734150928
0.0122978729196
0.0120525681414
0.0120134358294
0.0120256289374
0.0122924731113
0.0124174777884
0.0122480839491
0.0122810790781

checksumTime
0.0119953500107
0.0127015078906
0.0118407190312
0.0118130301125
0.0113756000064
0.0115852579474
0.0119249799754
0.0274677260313
0.0119999051094
0.0119890549686
0.0117078719195
0.0117477290332
0.0116886228789
0.0116957100108
0.0118009319995
0.0119791498873
0.0121566271409
0.0119487559423
0.038721467834




layer number :  19
192.232868466
0.0859569068998

jsonTime
0.0329173689242
3.01802189695
0.0314914660994
0.0345086739399
0.944517841097
0.0226723398082
0.0146381838713
0.0156751088798
0.0160314170644
10.6584212019
0.0183148968499
0.016532065114
0.0239202599041
0.0151223822031
0.0145424171351
0.0146698479075
0.014838620089
0.0224492859561
0.015999349067

layerTime
0.0123128111009
31.7684408771
0.0837890750263
0.0137079269625
9.37238278892
0.0121473781765
0.0119565241039
0.0124578941613
0.0121854590252
135.52288924
0.0125486631878
0.0120607297868
0.0122694880702
0.0120379109867
0.0120671850163
0.0120394639671
0.0120632189792
0.0120884750504
0.0120539481286

checksumTime
0.011933254078
0.0123389358632
0.0120001069736
0.012268041959
0.0121272001415
0.0117517509498
0.0117764070164
0.0118542858399
0.0117013400886
0.0119358731899
0.0152576558758
0.0149406441487
0.011838076869
0.0117523658555
0.0116921579465
0.011720353039
0.0119347460568
0.0152389358263
0.0353778270073




layer number :  19
193.862090223
0.0870340031106

jsonTime
0.0153416008689
2.68274650397
0.0215196611825
0.017654587049
0.932529502083
0.0152914640494
0.0150239558425
0.0149654049892
0.0347199020907
11.1159494738
0.0235973508097
0.018032342894
0.0164480819367
0.0209096679464
0.0156875709072
0.0159043550957
0.0158403259702
0.016511214897
0.0157260191627

layerTime
0.0122720662039
32.29317218
0.0428835370112
0.0123620068189
8.91831805604
0.0120434958953
0.0119833520148
0.012332519982
0.012455299031
137.042588946
0.0144195691682
0.0124659920111
0.0125550141092
0.0140522769652
0.0122719542123
0.0123592040036
0.0122536129784
0.0123307129834
0.0121522878762

checksumTime
0.0118822578806
0.0121699359734
0.0121348779649
0.011954837013
0.0118140699342
0.0120799471624
0.0120629630983
0.0123465829529
0.0119153750129
0.0121428780258
0.0170500609092
0.0119633211289
0.012182876002
0.0119044349995
0.0119171268307
0.0119473009836
0.0119521750603
0.0120484810323
0.033286181977




layer number :  19
197.200920127
0.0894176708534

jsonTime
0.0153145261575
3.08090895205
0.0232606099453
0.0166600442026
0.852878985927
0.0225664519239
0.0146347489208
0.0147301219404
0.0167407521512
10.655104155
0.0183667449746
0.0227517220192
0.0159981178585
0.0164189250208
0.0157217399683
0.0157631391194
0.0157341558952
0.0312596030999
0.0159188669641

layerTime
0.0121981229167
33.3061865091
0.0400331511628
0.0121803758666
9.13959907601
0.012172972085
0.0120809220243
0.0121180329006
0.0121246229392
139.295848777
0.0118905641139
0.0122284949757
0.0121914939955
0.0122810569592
0.0121937619988
0.0122243238147
0.01222336106
0.0119384778664
0.0122297650669

checksumTime
0.0119484988973
0.0121661319863
0.0119816567749
0.0117822110187
0.0119532111567
0.0117481469642
0.0117418330628
0.0118461940438
0.0117442079354
0.0122610100079
0.0124504519626
0.0128129820805
0.0119592850097
0.0119012210052
0.0118925720453
0.0119581941981
0.0121059978846
0.0120153960306
0.0398825909942




