layer number :  17
25.7945246969
0.0869671909604

jsonTime
0.0153423082083
0.0317517949734
0.132316416828
0.0154523458332
0.0174499889836
0.0728236720897
0.015764673939
0.0156066319905
0.0156280461233
1.58733266406
0.0153176649474
0.0382299472112
0.0160986769479
0.293639458949
0.015563233057
0.0152130341157
0.0145804011263

layerTime
0.0124617309775
0.0124515150674
1.43943005917
0.0120334250387
0.0153449580539
0.934461596888
0.0122277969494
0.0121663310565
0.0122697409242
17.0751227071
0.0120739720296
0.330966915935
0.0123097780161
3.19997387007
0.0119903949089
0.0123066648375
0.0119927378837

checksumTime
0.0118887999561
0.0119457440451
0.0119991779793
0.0117325959727
0.0117384910118
0.0119682340883
0.0120313800871
0.0119776788633
0.0120616839267
0.0121968060266
0.0116519138683
0.0120977759361
0.0120894131251
0.0118171558715
0.0116626520175
0.0116582810879
0.0486506619491




layer number :  17
25.9739844089
0.0870892489329

jsonTime
0.0151846120134
0.0164798409678
0.14385558106
0.0152984228916
0.0254433399532
0.0628106060904
0.0157304101158
0.0145753039978
0.0147478471044
1.29968348518
0.0160245280713
0.0400979979895
0.0153524538036
0.29055778496
0.0227158640046
0.0151004670188
0.0146170200314

layerTime
0.0122374251951
0.0121026961133
1.60866116802
0.0113797290251
0.012575553963
0.726800285047
0.0120458467864
0.0122560409363
0.0119400708936
17.9367539668
0.0114292879589
0.520419884939
0.0121516080108
2.66706827306
0.012406161055
0.0120314101223
0.0119932729285

checksumTime
0.012046395801
0.0121172140352
0.0120505800005
0.011363615049
0.0119001669809
0.0116602198686
0.0117101061624
0.012085079914
0.0116874990053
0.0124247060157
0.0117563931271
0.0119537240826
0.0120399470907
0.0118857629132
0.0116733058821
0.0116567169316
0.043507918017




layer number :  17
26.7350793411
0.0870578309987

jsonTime
0.03302042
0.0155405809637
0.127508451929
0.0152372289449
0.0170579790138
0.0837189110462
0.015589016024
0.0158298630267
0.0314835528843
1.53479319508
0.0225307377987
0.03085066122
0.0159124708734
0.30782899214
0.0154253789224
0.0224593321327
0.0154677540995

layerTime
0.0124715708662
0.0122703169473
1.41779227811
0.0123719680123
0.0124897051137
0.91625522892
0.0122027241159
0.0122821959667
0.0122803719714
18.1189430859
0.0121041061357
0.334692645818
0.0122764499392
3.14419296593
0.0124556878582
0.0120589649305
0.0120016350411

checksumTime
0.0122928160708
0.0120242901612
0.0118041038513
0.0120742260478
0.0117708179168
0.0120194999035
0.0119829569012
0.0121419061907
0.0119997030124
0.0124263721518
0.0117563968524
0.0120393631514
0.0120799900033
0.0120093871374
0.0117084120866
0.0117758628912
0.0460643779952




layer number :  17
27.1257603709
0.0847661360167

jsonTime
0.0155606728513
0.0316189299338
0.123247285141
0.0170916230418
0.0219425021205
0.0951268179342
0.0159695858601
0.01564448094
0.0163373812102
1.5719428889
0.0149183121976
0.0380488410592
0.0148043481167
0.259347109823
0.0156026419718
0.015073500108
0.0146110288333

layerTime
0.0122777940705
0.0124228030909
1.23032878083
0.0122052959632
0.0156229799613
1.00185139198
0.0122265170794
0.0122973290272
0.0122406638693
18.496139667
0.0121681119781
0.225343006896
0.0119183619972
3.39600721304
0.0122011520434
0.012126125861
0.0119507391937

checksumTime
0.0119988620281
0.0120482048951
0.0121390970889
0.0118328679819
0.0118477300275
0.0120805110782
0.0119781040121
0.0120718178805
0.0120104791131
0.0122179079335
0.0117030879483
0.0120677289087
0.011579296086
0.0121755029541
0.0117572520394
0.0118236921262
0.0425921138376




layer number :  17
26.9324481289
0.0866579918656

jsonTime
0.0158804259263
0.0156237729825
0.151761376066
0.0155296700541
0.0172174309846
0.0582179361954
0.0147507949732
0.0148604570422
0.0215076799504
1.28320067911
0.0153351409826
0.0307460119948
0.0148312940728
0.257661705138
0.0155202979222
0.0152432369068
0.0148351539392

layerTime
0.0123902701307
0.0123528048862
1.61146495398
0.0120496291202
0.0154459800106
0.718318866799
0.0119306258857
0.0119898109697
0.012106253067
18.5127969689
0.0123424069025
0.234180321917
0.0119636449963
3.39943585987
0.0120186819695
0.0120601640083
0.0120334730018

checksumTime
0.0120390329976
0.0120302049909
0.0117972269654
0.011956255883
0.0116555879358
0.0118170802016
0.011705907993
0.0118142850697
0.0117064488586
0.0119485671166
0.0118945520371
0.0117766400799
0.0119022638537
0.0121160531417
0.0120376280975
0.0117421899922
0.047468959121




layer number :  17
26.512999224
0.0871927370317

jsonTime
0.0154496799223
0.0144940579776
0.145734084072
0.0152916200459
0.024621353019
0.0669047608972
0.0148935329635
0.014643765986
0.0146640748717
1.29483151203
0.0158347429242
0.0320824289229
0.014823315898
0.261210181052
0.0175793771632
0.0326654738747
0.016092827078

layerTime
0.0118756771553
0.0122201081831
1.6050311469
0.0120318369009
0.0154203260317
0.722121580038
0.012037208071
0.0120097349863
0.011976061156
18.4901171799
0.0121095960494
0.228034617146
0.0120590780862
2.97665884602
0.0125199989416
0.0123435021378
0.0122945858166

checksumTime
0.0112627018243
0.0119989989325
0.01184418099
0.0116854230873
0.011969069019
0.0117257100064
0.0117752579972
0.0117500880733
0.0116424609441
0.0138989060652
0.0118582579307
0.0117991750594
0.0116275378969
0.011671085842
0.0122243310325
0.0119597059675
0.0418282051105




layer number :  17
26.8002919569
0.0860626399517

jsonTime
0.0155618330464
0.0315513589885
0.132968554972
0.0153955919668
0.0174670140259
0.0931916339323
0.016009561019
0.0159002279397
0.0156396331731
1.57899127109
0.0153675349429
0.0608016850892
0.0156022589654
0.280414935201
0.0156364510767
0.0149090639316
0.0144686568528

layerTime
0.0122372729238
0.0123799978755
1.34743410815
0.012001877185
0.0156445878092
1.00336610293
0.0123291120399
0.0122382149566
0.0122021408752
18.123989732
0.0121595321689
0.525074839825
0.012212947011
2.96825665282
0.0121508401353
0.0120080010965
0.0121902150568

checksumTime
0.0120217110962
0.011977205053
0.0117962998338
0.0119991370011
0.0119580700994
0.0120143431704
0.0122678768821
0.0120350660291
0.0120268089231
0.0125935249962
0.0119756408967
0.0119405651931
0.0119370208122
0.0118635729887
0.011691124877
0.0117750570644
0.0440095709637




layer number :  17
26.6649978859
0.0863619979937

jsonTime
0.0156614989974
0.0157054110896
0.144605373032
0.0153374888469
0.0245560230687
0.0674880770966
0.0146260391921
0.0147161069326
0.0146875288337
1.38544874801
0.0160986329429
0.044503542129
0.0160416262224
0.302976203151
0.023179983953
0.0151617969386
0.0146747271065

layerTime
0.0122111979872
0.0122385779396
1.45805678191
0.0120985710528
0.0154434919823
0.718591317069
0.0119847618043
0.0119594070129
0.0120438509621
17.9783322681
0.0116569630336
0.531144493958
0.012325377902
3.3550725989
0.0120894291904
0.012070375029
0.0119595210999

checksumTime
0.0119830900803
0.0119564279448
0.0118295401335
0.0118160049897
0.0118162699509
0.0118960097898
0.011798117077
0.0118255151901
0.0118126571178
0.0127810148988
0.0120180349331
0.0119348568842
0.0119453079533
0.012316060951
0.011740156915
0.0116760549136
0.0418299417943




layer number :  17
26.6572505629
0.0853249179199

jsonTime
0.0314408009872
0.0157270519994
0.133121505147
0.0153344192076
0.0169942949433
0.080044656992
0.0154168840963
0.0147642130032
0.0215322410222
1.37849697703
0.0218147078995
0.0308986520395
0.0153138560709
0.275830713101
0.015564387897
0.0226902530994
0.0146813348401

layerTime
0.0124607440084
0.0122343578842
1.44751068787
0.0123065139633
0.0124966709409
0.693403252168
0.011993941851
0.0120150940493
0.0120351810474
18.361901999
0.0120368539356
0.225852492033
0.0120512261055
3.32409191993
0.0121417329647
0.0120793399401
0.012002020143

checksumTime
0.0121058581863
0.0119505759794
0.0118411679287
0.0117943449877
0.0116998499725
0.0117879929021
0.0116774509661
0.0117144719698
0.0117047389504
0.0123144451063
0.0117490710691
0.0118448268622
0.0117800629232
0.0123713330831
0.0122508800123
0.0117330390494
0.049659075914




layer number :  17
27.1537287149
0.0851180378813

jsonTime
0.0153458090499
0.0313998730853
0.125308002811
0.0173192049842
0.0217152768746
0.0913018549327
0.0158925862052
0.0155842669774
0.0156147079542
1.56991646602
0.0150833451189
0.0377294919454
0.0149794700556
0.262918079039
0.0155979839619
0.015980739845
0.0149353849702

layerTime
0.0122605490033
0.0123831399251
1.23380475608
0.0125701639336
0.0155670230743
1.00501131499
0.0123267299496
0.0122503419407
0.0122250400018
18.5348799629
0.0119520158041
0.225308874156
0.0120824710466
3.3854286999
0.0122953380924
0.0121125141159
0.0120945791714

checksumTime
0.012000659015
0.011975859059
0.0120027530938
0.0123222931288
0.0118822900113
0.0120582059026
0.0119464159943
0.0120217970107
0.0118921280373
0.0120339260902
0.0116978350561
0.0113871158101
0.0118179880083
0.012018721085
0.0119408250321
0.011726514902
0.0363047248684




