layer number :  18
54.489449959
0.0831502380315

jsonTime
0.0143390030134
2.78290415998
0.031007061014
0.0191950858571
0.0174403970595
0.298768573906
0.0155310458504
0.0150373920333
0.189954914851
0.0223977430724
0.0154268010519
0.830642287852
0.0155508830212
0.0149413079489
0.0146929689217
0.015322704101
0.0318694370799
0.015933558112

layerTime
0.0113876129035
31.9353841501
0.0824586427771
0.0123054059222
0.0123231578618
3.79601367004
0.01206714008
0.0120852440596
2.55502714915
0.0121364139486
0.0119629600085
11.2653618562
0.0159368419554
0.0121341152117
0.0120041009504
0.0120225260034
0.0123816828709
0.0122722089291

checksumTime
0.011290282011
0.0127209660131
0.0120030022226
0.0119828551542
0.0118602281436
0.0118361189961
0.0119679470081
0.0116768979933
0.011874086922
0.011760629015
0.0117304539308
0.0119842099957
0.0129871158861
0.0117711259518
0.0118271410465
0.0120408078656
0.0119463670999
0.0365218820516




layer number :  18
54.140103552
0.0884994729422

jsonTime
0.0152290109545
2.66090117581
0.0224075689912
0.0236833691597
0.0153900270816
0.250250003999
0.0156499971636
0.014581192052
0.181549178902
0.0150243900716
0.0217584650964
0.892596561927
0.0153348250315
0.0151067778934
0.0157661321573
0.0156528200023
0.0161044071428
0.032236801926

layerTime
0.0122398950625
30.7287244331
0.0414925818332
0.0122760359664
0.0121692940593
3.83365402999
0.0121004770044
0.0120088029653
2.5484719961
0.0123062948696
0.0121441578958
12.2481727961
0.0120962420478
0.0121501870453
0.0122482760344
0.0121891908348
0.0122454147786
0.0124431841541

checksumTime
0.0120611940511
0.0123071160633
0.0117499639746
0.0118441509549
0.0117956898175
0.0117906900123
0.0117238019593
0.0117620779201
0.0118966139853
0.0116862780415
0.0117992090527
0.0119369369932
0.0116691729054
0.0117515409365
0.0120383210015
0.0120318280533
0.0119347181171
0.0407273529563




layer number :  18
55.8460713369
0.0888470679056

jsonTime
0.0148236460518
2.66496828804
0.0219570421614
0.0187099920586
0.0166820490267
0.315778709948
0.0223490728531
0.0148048060946
0.16001632181
0.0552053560968
0.0156010370702
1.0459446949
0.0153796691447
0.0150056898128
0.014678891981
0.0218408438377
0.0147637061309
0.0146912420169

layerTime
0.0122828900348
32.017138296
0.0825129928999
0.0127322659828
0.0123362569138
4.11551822606
0.0123440080788
0.0120777320117
2.04576855013
0.0121405040845
0.0122706110124
12.619510727
0.0121413748711
0.0121227791533
0.0120145231485
0.0121105420403
0.012010444887
0.01205728692

checksumTime
0.0120104739908
0.0125551167876
0.012082332978
0.0128570550587
0.0122208120301
0.0115149531048
0.0118408598937
0.0117587810382
0.0118658998981
0.0119317579083
0.01208867901
0.011874005897
0.0117994651664
0.0117536429316
0.0117677929811
0.0117996199988
0.0117819369771
0.0408084180672




layer number :  18
55.848149135
0.0842354369815

jsonTime
0.0352841208223
2.91802079603
0.0452187389601
0.0179516980425
0.0163948778063
0.295696863905
0.0148003119975
0.0222057960927
0.163478726987
0.0636483449489
0.0314866569825
1.0741265649
0.0149192279205
0.0151997900102
0.0153497159481
0.0157881660853
0.0157577688806
0.0323927600402

layerTime
0.0123989891727
31.970786043
0.0845369540621
0.0117003058549
0.0115916042123
3.79985933821
0.0120462051127
0.0121165409219
2.03626362514
0.0125706261024
0.0124313971028
12.6593369171
0.01206520712
0.0122645408846
0.0123051940463
0.0122499668505
0.0121837940533
0.0123099519406

checksumTime
0.0120321849827
0.0118288679514
0.0115281119943
0.0113261721563
0.0113644478843
0.0118093888741
0.0120541588403
0.0117512620054
0.0120502929203
0.0119889138732
0.0121050761081
0.0117277689278
0.0117212699261
0.0118466122076
0.0118916619103
0.0122748571448
0.0119583499618
0.0350615500938




layer number :  18
55.3602193659
0.085887726862

jsonTime
0.0152125090826
2.66639754199
0.0208431028295
0.0194602538832
0.0174851410557
0.321115183877
0.033640092006
0.0159870451316
0.227991868975
0.0156186989043
0.0152953828219
0.886425001081
0.0170739919413
0.0164536910597
0.0157212368213
0.0314352859277
0.0159042449668
0.0157174679916

layerTime
0.0121842320077
31.982192615
0.0410017950926
0.0125016849488
0.0125009259209
3.71445551305
0.0124716209248
0.012643952854
2.35277206218
0.0120517991018
0.0120574671309
12.409050219
0.012292540865
0.0122209170368
0.0122163479682
0.0123344599269
0.0122471509967
0.0122137269937

checksumTime
0.0119684408419
0.0115104780998
0.0119573590346
0.0122911790386
0.0119754201733
0.0124922520481
0.0119802099653
0.0121441630181
0.0118361569475
0.011743495008
0.0116942808963
0.0120662851259
0.0121117080562
0.0119102420285
0.0118591871578
0.0119153100532
0.0118738121819
0.0330760178622




layer number :  18
56.1623943851
0.10270551499

jsonTime
0.0154691170901
2.72050991491
0.0223491031211
0.0161220210139
0.0154395808931
0.299067530781
0.0161405319814
0.0154896900058
0.226544914069
0.0149576598778
0.0291206010152
1.06117299595
0.01545729395
0.0145182819106
0.0143718549516
0.0217142121401
0.0149507799651
0.0147409748752

layerTime
0.0122583839111
32.166542656
0.0403383839875
0.0121808389667
0.0121659180149
4.16248175013
0.0123206579592
0.012164494954
2.153087958
0.0120298601687
0.0123705109581
12.5789494661
0.012048227014
0.0121413890738
0.0119957430288
0.0121324299835
0.0121106591541
0.0120334180538

checksumTime
0.011986236088
0.0121571889613
0.0118216089904
0.0117290429771
0.0118260851596
0.0122190320399
0.0119121090975
0.0119327679276
0.0119392359629
0.0120931658894
0.0120055740699
0.0119421079289
0.0117237081286
0.0114343219902
0.0116572019178
0.0121090558823
0.0118109430186
0.0391574690584




layer number :  18
56.9564357679
0.0871867199894

jsonTime
0.0330509438645
2.67534134886
0.0217392959166
0.0162430969067
0.0241514211521
0.24317331193
0.0148215228692
0.014653010061
0.180101830047
0.0149747908581
0.0154400679749
0.849661007989
0.0147710989695
0.0317170489579
0.0157590089366
0.0153610520065
0.0145288670901
0.0145333211403

layerTime
0.0125029960182
33.4601729251
0.0412600520067
0.0121145138983
0.0121074060444
3.7957533861
0.0119735151529
0.0121620958671
2.52786905388
0.0120649340097
0.0120598080102
12.435264091
0.0120284128934
0.0124062409159
0.0122218579054
0.0113749101292
0.011309685884
0.0152531240601

checksumTime
0.0119300291408
0.0126163589302
0.0118088631425
0.0118812019937
0.0117307009641
0.0118549179751
0.0117529379204
0.01176141412
0.0115127130412
0.0117446260992
0.0117650530301
0.0118318800814
0.0116676141042
0.0119912631344
0.0119169719983
0.0112746579107
0.0112458099611
0.0283134649508




layer number :  18
56.5163672189
0.087176942965

jsonTime
0.0152648040093
2.802246304
0.0303398969118
0.0187592590228
0.017268280033
0.285546580097
0.0149752730504
0.0150016520638
0.174556047888
0.0344997269567
0.0157321349252
1.04196046107
0.0157130279113
0.0151991220191
0.0146633149125
0.0148918891791
0.0153475829866
0.031438251026

layerTime
0.0122793160845
32.664950293
0.0830506850034
0.0123700709082
0.0123311679345
4.00092081493
0.0120016438887
0.0123504269868
2.03285525017
0.012448348105
0.0125562460162
12.6697677861
0.0120762460865
0.0120174488984
0.0120406681672
0.0120468868408
0.0121303640772
0.0124106400181

checksumTime
0.0119992350228
0.0122306139674
0.0119300831575
0.0119121579919
0.0119406129234
0.0118683280889
0.0120149040595
0.0119030559435
0.0121319359168
0.0119669749402
0.0114779809956
0.0123924140353
0.0117820999585
0.0117623100523
0.0120740258135
0.011747919023
0.011214006925
0.0320945549756




layer number :  18
55.921775548
0.0859758688603

jsonTime
0.0152625860646
3.1060525761
0.030380805023
0.019344015047
0.0171119989827
0.324585716007
0.0154011209961
0.0220980979502
0.171387828887
0.0243921361398
0.014637846034
1.09317062702
0.0159349110909
0.0151917831972
0.0147527530789
0.0222215931863
0.0148089178838
0.0159643290099

layerTime
0.0122415849473
31.6442531899
0.0828877799213
0.0123948149849
0.0123042629566
4.04964791099
0.0120201609097
0.0121105280705
2.02393361414
0.01203948888
0.0122417567763
12.6747502349
0.0121988558676
0.0120661838446
0.0121798301116
0.0121049198788
0.0120326520409
0.0122862178832

checksumTime
0.0120337049011
0.0121375101153
0.0122266348917
0.0119022440631
0.0119834251236
0.0119711579755
0.0117166710552
0.0117723590229
0.011797837913
0.0117644590791
0.0119394951034
0.0120656550862
0.0117796869017
0.0117367689963
0.0122498318087
0.0117432440165
0.0117213751655
0.0361441550776




layer number :  18
56.68562985
0.0876666379627

jsonTime
0.032891914947
2.98210149305
0.0301843171474
0.0196112131234
0.0331477129366
0.298614691943
0.0154549500439
0.0145888158586
0.168839229038
0.01643078099
0.0156507301144
1.07321382593
0.0155480629764
0.0222233501263
0.0155939909164
0.0151024630759
0.0147793430369
0.0168246130925

layerTime
0.0124466060661
32.7422049481
0.0834349568468
0.0124571609776
0.0140644169878
3.90414368687
0.0120269150939
0.0120742809959
2.01390980883
0.0121731909458
0.0122428210452
12.647284471
0.0120636268985
0.0119670049753
0.0120127908885
0.0120785809122
0.0120848189108
0.0122751090676

checksumTime
0.0119728278369
0.0122316188645
0.0119178909808
0.0119137500878
0.0121720400639
0.0117859099992
0.011787872063
0.0119081391022
0.0118028861471
0.011904744897
0.0119164220523
0.0123362001032
0.011817025952
0.0120158500504
0.0121575971134
0.0118544860743
0.0117609528825
0.0323613239452




