layer number :  37
151.818590063
0.141083822818

jsonTime
2.96747724409
0.0221833039541
0.0153896880802
0.0146276790183
0.0220901879948
6.18907110183
0.0386495199054
0.0157344969921
0.220256750006
0.0201294131111
0.0151805130299
0.0314459821675
0.0155222718604
0.0154068721458
0.016964992974
0.0154800540768
0.0300108529627
0.0157203499693
0.0157515329774
0.532524215989
0.0152647558134
0.014820496086
0.0218689050525
0.0148843259085
0.0143324269447
0.0147699469235
0.0147001079749
2.74245951721
0.0149952089414
0.0510955560021
0.0193199550267
3.71642901399
0.081419067923
0.0176919330843
0.0167496209033
0.02932344703
0.0157759739086

layerTime
23.9516169359
0.0413625969086
0.0123939388432
0.0119950589724
0.0121701490134
52.8634943301
0.24225308001
0.0123456660658
1.63764346507
0.0189601669554
0.0121509190649
0.01228893199
0.0121521560941
0.0121213798411
0.0122406000737
0.0120975659229
0.0122255608439
0.0121601289138
0.0121730519459
4.17640222004
0.0121712670662
0.0119745079428
0.0121358791366
0.0119268889539
0.0120040969923
0.0120802361052
0.0120430148672
26.5557267088
0.012202442158
0.229178610956
0.0124310150277
23.6189196939
0.487299785018
0.0122769288719
0.0121420100331
0.0123348929919
0.0123450660612

checksumTime
0.0129132161383
0.0120027260855
0.0119516730774
0.0116899439599
0.0118224450853
0.0156594261061
0.0119593839627
0.0119028328918
0.0117933969013
0.0115891050082
0.0119301248342
0.0119252409786
0.0118892278988
0.0118376710452
0.0119216279127
0.0118628041819
0.0119686641265
0.011872433126
0.0119771920145
0.0120283050928
0.0116857499816
0.0116422509309
0.0116998299491
0.0117681031115
0.0117139280774
0.0117803940084
0.011743451003
0.0120876140427
0.0117468968965
0.0120217120275
0.012032333063
0.0119532530662
0.0156022419687
0.0120809441432
0.0119297709316
0.0119802001864
0.0457361799199




layer number :  37
152.56772918
0.159747889033

jsonTime
3.017167971
0.022426410811
0.0177305429243
0.015985090984
0.031671787845
6.19413928781
0.0367635679431
0.0192441439722
0.146532336017
0.0196559769101
0.0223266310059
0.0147241561208
0.0145768080838
0.0146279840264
0.0156547860242
0.0216773310676
0.0142560808454
0.0145520630758
0.0148982920218
0.4915620049
0.0159628018737
0.0217058009002
0.0153144609649
0.0154198501259
0.0146713720169
0.0147504499182
0.0217408810277
2.69069481106
0.0240929231513
0.0556532938499
0.035104242852
3.82207816304
0.078417330049
0.0168772342149
0.0155222839676
0.0289989309385
0.01605522912

layerTime
24.6074258911
0.0410695590544
0.013398821
0.0122745998669
0.0137805179693
54.197169624
0.210562851978
0.0130653129891
1.54092188901
0.0182301469613
0.0120751999784
0.0122598249
0.0120154060423
0.0119788490701
0.0121431529988
0.0121038248762
0.0119843480643
0.0120635479689
0.0119574468117
4.18116013706
0.0122899289709
0.0122740110382
0.0120728309266
0.0119694049936
0.0120537439361
0.0122693129815
0.0120893919375
25.788868295
0.0123030720279
0.443578182952
0.0124334821012
22.825102462
0.687324551865
0.012273539789
0.0122503810562
0.0120022280607
0.0116596769076

checksumTime
0.0121214890387
0.0117410260718
0.0116969731171
0.0120531581342
0.0123711721972
0.0119656780735
0.0118647441268
0.011989943916
0.0120608850848
0.0120049901307
0.0118657948915
0.0116639879998
0.0117790608201
0.0136870110873
0.0117787888739
0.0117674241774
0.0117146729026
0.0118867671117
0.0118323771749
0.0120667570736
0.0118128771428
0.012819733005
0.0117089690175
0.0117944199592
0.0119007581379
0.0117629889864
0.0118512250483
0.0122175638098
0.0118676580023
0.0119528551586
0.0120423000772
0.0191269519273
0.0120158919599
0.0120129201096
0.0119519580621
0.0119685789105
0.0346659300849




layer number :  37
154.061678097
0.140364771942

jsonTime
3.01384969102
0.0226464308798
0.0152057320811
0.0142730278894
0.0147631510627
5.99769890821
0.0536848688498
0.0167871089652
0.201296781888
0.0264078439213
0.0154741099104
0.0146671459079
0.0146284308285
0.014512716094
0.0226126760244
0.0146574249957
0.0145153240301
0.0142092939932
0.0144889438525
0.531617250061
0.0152192690875
0.0155120810959
0.0146173920948
0.0149624559563
0.0217419029213
0.014720619889
0.0153142989147
2.74483380211
0.0151599070523
0.0618958291598
0.0189856288489
3.52628195914
0.0914258430712
0.0168746369891
0.015897981124
0.0158849689178
0.0159869811032

layerTime
24.850353024
0.0466461719479
0.0121450189035
0.0120442691259
0.0120299148839
53.926549739
0.32931785821
0.0122622551862
1.62176686898
0.0182922889944
0.0120582811069
0.0119909739587
0.0121149420738
0.0120294948574
0.0121303070337
0.0120470609982
0.0122601310723
0.0119337830693
0.0119875161909
4.02462575305
0.0121447318234
0.0120731028728
0.0118495998904
0.0122218970209
0.0120913549326
0.0120571490843
0.0120302319992
26.382708295
0.012053678045
0.475026119966
0.0124714970589
24.0290299919
0.71540279896
0.0122458210681
0.0122328239959
0.0122748331632
0.01413628296

checksumTime
0.0122123761103
0.011784593109
0.0122049020138
0.0120287348982
0.0118111500051
0.0165809979662
0.0120348858181
0.0119942210149
0.0129978461191
0.0128688670229
0.0117319980636
0.0117543220986
0.0118686240166
0.011716223089
0.0118063278496
0.0117864189669
0.0119475510437
0.0116591199767
0.0118053078186
0.0188319529407
0.0117099960335
0.0117720500566
0.0119012261275
0.0117238080129
0.0119853261858
0.0137552719098
0.0117444409989
0.0119495010003
0.012046076823
0.0130137479864
0.0120081829373
0.0127295770217
0.0119176399894
0.01193550881
0.0119974929839
0.0119679209311
0.0449337058235




layer number :  37
153.420904034
0.143178123049

jsonTime
2.62282747403
0.0294398460537
0.0152829200961
0.0146107438486
0.015323150903
5.72559905611
0.0357655698899
0.0202542389743
0.148888671072
0.0293027490843
0.0150263248943
0.0146820689552
0.0153612711001
0.0146241148468
0.0186249329709
0.0314213319216
0.0165484629106
0.0157934958115
0.0158771839924
0.512029134901
0.0220724961255
0.0160662890412
0.0156188250985
0.015721651027
0.0148938880302
0.0147677331697
0.0220812568441
2.81816562987
0.0633765049279
0.0486269029789
0.0345874140039
3.71300948691
0.0955005469732
0.0164170039352
0.0161114810035
0.0157322611194
0.0157801511232

layerTime
24.9765851051
0.0407481610309
0.0123712990899
0.0120426011272
0.0119895529933
54.4875233569
0.246778438101
0.0139094300102
1.81548419385
0.0196019189898
0.0120813369285
0.0120193611365
0.0120390618686
0.0120864650235
0.0123886349611
0.0123765340541
0.0122232590802
0.0122385839932
0.0123302370775
4.33280210313
0.012132383883
0.0120278850663
0.0121361350175
0.011935807066
0.0122395528015
0.0120443298947
0.0123131470755
26.153979473
0.0117614301853
0.411628208123
0.0124518710654
23.1592033759
0.534494817955
0.0123425130732
0.0124969931785
0.0122720738873
0.0122975208797

checksumTime
0.0122267638799
0.0118510539178
0.0117471090052
0.011765555013
0.011979900999
0.0119788860902
0.0158430049196
0.011893708026
0.0122805000283
0.0117746950127
0.0117834240664
0.0117304138839
0.011748110177
0.0160745070316
0.0119692261796
0.0120295230299
0.0120749960188
0.0119373491034
0.0120062439237
0.0119194148574
0.0119926030748
0.012701545842
0.0117807879578
0.0117763769813
0.0118088519666
0.0116947081406
0.0117876750883
0.0116856419481
0.0127416648902
0.0120820589364
0.0120392940007
0.012255534064
0.0147551551927
0.0119899048004
0.0120993058663
0.0119620889891
0.0421470201109




layer number :  37
162.189178581
0.142617207021

jsonTime
2.87332120305
0.021600152133
0.0156302880496
0.0145363879856
0.0144819139969
5.77311548498
0.0379612231627
0.0166201081593
0.207081553992
0.0204125440214
0.0161255321
0.0135335358791
0.0146055540536
0.023001577938
0.0175089240074
0.015623209998
0.01567870914
0.0158681720495
0.0313147599809
0.527841295814
0.0150283370167
0.0150010359939
0.0156575068831
0.0155185391195
0.0230766658206
0.0143978199922
0.0146636380814
2.79079150502
0.0138054380659
0.0394928071182
0.0186442800332
3.76785362116
0.130358607043
0.0161664891057
0.0165325088892
0.0184367080219
0.0158271880355

layerTime
24.367246883
0.0501919370145
0.0122093530372
0.0120462260675
0.0120581809897
57.1296698889
0.311012818944
0.0125256408937
1.84097063099
0.0195128920022
0.0115344810765
0.0116297481582
0.0120436309371
0.012230186956
0.0126548339613
0.0123558510095
0.0122590628453
0.0121989678591
0.0124036089983
4.77878424618
0.0120989079587
0.0120445669163
0.0120337090921
0.0119700860232
0.0120558391791
0.0119860060513
0.0120023740456
28.6784903158
0.0118656689301
0.328954343917
0.0123941591009
26.1266360779
0.97832852602
0.0123147789855
0.0122610260732
0.0122573610861
0.0123611548916

checksumTime
0.0124606948812
0.0118491039611
0.0117755108513
0.0116832749918
0.012204287108
0.0165788689628
0.012025333941
0.0119120760355
0.0129533319268
0.0163192839827
0.0111498879269
0.0117609319277
0.011776732048
0.0120791131631
0.0121039589867
0.0119427389
0.0119310601149
0.0119911970105
0.0119722511154
0.0113029188942
0.0119781531394
0.0119161230978
0.0128142528702
0.0116918860003
0.0117516019382
0.0117887929082
0.0117082269862
0.0112682031468
0.011791216908
0.0131040529814
0.0119275378529
0.0121174969245
0.0120735180099
0.0120418209117
0.0120596259367
0.0119459619746
0.0433974862099




layer number :  37
174.949858317
0.140446620062

jsonTime
2.64400948794
0.0463406469207
0.0172523208894
0.0155548730399
0.0158314649016
6.06868299609
0.0421866788529
0.0159970428795
0.206826565089
0.0207355299499
0.0145966848359
0.0145101649687
0.0241861180402
0.0148996911012
0.0156272388995
0.0142142949626
0.0147881559096
0.0240519130602
0.0147552499548
0.410149204079
0.0150807278696
0.0148983399849
0.0148616370279
0.0316717610694
0.0159688908607
0.0157307309564
0.0157957971096
2.92339750193
0.0154665228911
0.0390426779632
0.0177237279713
3.33866912406
0.072814747924
0.0140643739142
0.0148932358716
0.0155627119821
0.0147885819897

layerTime
28.5129839771
0.0865922810044
0.0122884919401
0.0122385299765
0.0124383631628
62.436097211
0.330729871988
0.0121690330561
1.87115395698
0.0200987302233
0.0122723870445
0.011959958123
0.0121170431376
0.0121075590141
0.0120545481332
0.0117286420427
0.012057906948
0.0121480149683
0.012085231021
4.156734474
0.0120563490782
0.0121505481657
0.0121081031393
0.0123519869521
0.0122754119802
0.0122265289538
0.0122250888962
31.0293666341
0.0121872201562
0.209629394114
0.0119127279613
28.3925740821
0.717204006156
0.0120786658954
0.0120553560555
0.0125729818828
0.0120577209163

checksumTime
0.0121832329314
0.0120021931361
0.0120030590333
0.0119444900192
0.0119613339193
0.0119865080342
0.0120050511323
0.0119309369475
0.0158162559383
0.0116426199675
0.0117583570536
0.0116031058133
0.0117259228136
0.0115932819899
0.0113253409509
0.0124643910676
0.0119880100247
0.011855222052
0.0118058628868
0.0118698161095
0.0119930529036
0.0118594798259
0.0117838638835
0.0119320231024
0.0119602370542
0.0119533760007
0.0119371290784
0.013120210031
0.0118149349
0.0118539000396
0.0115249978844
0.0116778349038
0.0113562180195
0.012029982172
0.0117725350428
0.01180062606
0.0421920712106




layer number :  37
185.757100822
0.139259184012

jsonTime
3.02830014797
0.0465592509136
0.0173811700661
0.0156646019313
0.0156351500191
6.09917848604
0.0368754800875
0.0161588010378
0.203077606857
0.0292153900955
0.0146109680645
0.0156240558717
0.0157713619992
0.0157504971139
0.0328454750124
0.0156393398065
0.0155910388567
0.0155997220427
0.0162923349999
0.5503088939
0.0151346069761
0.0153397689573
0.0152556779794
0.015459259972
0.0221747059841
0.0148220479023
0.0146821781527
2.72841472295
0.0150530489627
0.0388879468665
0.0163426769432
3.39747021813
0.128331691027
0.0160799550358
0.0151428100653
0.0156650291756
0.015512268059

layerTime
31.2504618692
0.0845895120874
0.0122726529371
0.0123098450713
0.0123035218567
64.1753930389
0.439087319886
0.0123247271404
1.73919788213
0.019691484049
0.0119037230033
0.0121355880983
0.0122226721141
0.0123207769357
0.0122325050179
0.0121505439747
0.0122212669812
0.0121571309865
0.0121298669837
5.1604717311
0.013726081932
0.0121830969583
0.012033887906
0.0120456048753
0.0121618690901
0.0120320620481
0.0120315859094
34.0322901541
0.0120865860954
0.20915612299
0.0121972169727
29.982290139
0.975575004006
0.0122257040348
0.0119371309411
0.0122339769732
0.0121767590754

checksumTime
0.0137844309211
0.011374454014
0.0119547720533
0.0119759959634
0.0120615591295
0.015446000034
0.0119282999076
0.012034408981
0.0116952238604
0.0117194808554
0.0118931580801
0.0118743779603
0.0118488268927
0.0119208618999
0.0118214371614
0.0118276681751
0.0118729041424
0.0119625928346
0.0119101211894
0.0191394269932
0.0137293080334
0.0127974890638
0.0118452592287
0.0118552839849
0.0117928080726
0.0118124198634
0.0118678200524
0.0118490618188
0.011764774099
0.0121884690598
0.0117953310255
0.0120208440349
0.0120440397877
0.0119559690356
0.0119435929228
0.0118929508608
0.0618063388392




layer number :  37
189.564226684
0.180732428096

jsonTime
2.92160621705
0.0215507911053
0.0157427079976
0.0146260540932
0.0149889010936
5.98355818819
0.0557146139909
0.0154399711173
0.189466597047
0.0213459969964
0.0147215160541
0.0145048890263
0.0243829360697
0.0151306290645
0.0153055461124
0.0155124731828
0.014776152093
0.0322166890837
0.0156778099481
0.523892210098
0.0160768770147
0.0156594910659
0.0261647489388
0.031548315892
0.0158459281083
0.0157218298409
0.0159689239226
2.92455015797
0.015113085974
0.0391071250197
0.0169555169996
3.3384375819
0.0771335850004
0.0165415881202
0.0167428760324
0.0159951618407
0.0159274318721

layerTime
31.6372573099
0.042671331903
0.012434914941
0.0119953898247
0.0121412319131
69.2123547769
0.490321510937
0.0122575720306
1.884433422
0.0182198719122
0.0121769041289
0.0120363479946
0.0121813078877
0.0120850389358
0.0121261738241
0.0120687009767
0.0120246750303
0.0123287539463
0.0122255240567
4.411330587
0.0124908820726
0.0122370289173
0.0119918140117
0.0123753331136
0.0122931250371
0.0123078180477
0.0123216451611
34.284288924
0.0120429461822
0.211157494923
0.0121575461235
29.307188967
0.530057689874
0.0123477338348
0.0122100280132
0.0122226229869
0.012203711085

checksumTime
0.0121992579661
0.012026332086
0.0119529680815
0.0122033429798
0.0119162059855
0.0121098780073
0.00280522601679
0.0119658468757
0.0161342250649
0.0117687468883
0.0116755987983
0.0148853161372
0.0118362079374
0.0117461120244
0.0119916379917
0.0117716689128
0.0119844388682
0.0119583839551
0.0115471140016
0.0120676788501
0.0119553459808
0.0119606750086
0.0117445171345
0.01202172786
0.0119651120622
0.0119604340289
0.0138659148943
0.0119153480045
0.0125815449283
0.0116013239603
0.0120142879896
0.0128538231365
0.0121069559827
0.0120179071091
0.0118909310549
0.0118276241701
0.0416835669894




layer number :  37
192.638259343
0.141715682112

jsonTime
3.03696837206
0.030341248028
0.017182421172
0.0158298350871
0.0157082888763
6.28305142792
0.0547584509477
0.0159272721503
0.219206931069
0.023946959991
0.0144408149645
0.0144569289405
0.0145542519167
0.0146403431427
0.0323702830356
0.0146475608926
0.014470804017
0.0146347258706
0.0146198130678
0.547809113981
0.0150541858748
0.014955888968
0.0146153739188
0.0146117759869
0.0219006880652
0.0152416278142
0.0158502499107
2.97179738898
0.0169561270159
0.0615498160478
0.0191548650619
3.50780485594
0.12186014303
0.0156679498032
0.0148720890284
0.0148109209258
0.0148965630215

layerTime
31.8333978429
0.0835013301112
0.0123258368112
0.0122586619109
0.0122276581824
69.573585151
0.487169181928
0.0114542008378
1.9991084279
0.0280260590371
0.0113391280174
0.0113602210768
0.0114457989112
0.0113712719176
0.0114633599296
0.0114580560476
0.0113412889186
0.011366315186
0.0113778230734
4.75538855093
0.0139757411089
0.0120949710254
0.0120418840088
0.0122970510274
0.0121167157777
0.0122523340397
0.0122099781875
33.9802945119
0.0122412489727
0.474172423128
0.012383839814
30.3107759161
0.903817297192
0.0120873861015
0.0120924930088
0.0120059500914
0.0120212330949

checksumTime
0.0118468890432
0.0118926018476
0.0122114270926
0.0119071430527
0.0116175399162
0.0118596251123
0.0116064969916
0.0112531341147
0.0114276190288
0.0112324040383
0.0111737928819
0.0111854891293
0.0112157920375
0.0111935259774
0.0113123480696
0.0113552580588
0.011160552036
0.0113029018976
0.011141319992
0.0189747950062
0.0125923550222
0.0118031960446
0.0117371510714
0.0118416249752
0.0118158361875
0.0120025330689
0.011930916924
0.011524157133
0.0117770489305
0.012071386911
0.0119574691635
0.0115031627938
0.0123120089993
0.0117871889379
0.0117509861011
0.0117383208126
0.0376887230668




layer number :  37
190.207783589
0.141148283845

jsonTime
2.9803532029
0.0460074169096
0.0174355609342
0.0156684149988
0.0158082488924
6.23984373221
0.0501103638671
0.0152622919995
0.196046308149
0.0238098718692
0.0147895379923
0.0144760271069
0.014610724058
0.0149509119801
0.0162141160108
0.0217106549535
0.014809099026
0.0160724138841
0.0155042491388
0.491419024998
0.0226161850151
0.01512976503
0.0145793128759
0.0148957059719
0.0147036269773
0.0154428919777
0.0220505872276
2.72079420998
0.0168733459432
0.070805342868
0.0339651789982
3.91696840595
0.137941984925
0.0324844131246
0.0160047018435
0.0174705248792
0.0157417899463

layerTime
31.911670363
0.0839789570309
0.0127117580269
0.0121892639436
0.0122841771226
66.9749175168
0.438985016197
0.0113446780015
2.12686238391
0.018244727049
0.0121006318368
0.0120722469874
0.0119919299614
0.0120055610314
0.012344599003
0.012124273926
0.0120242538396
0.0120588189457
0.0125143018086
5.08217729512
0.0121434768662
0.0120130139403
0.0120800500736
0.0121676200069
0.0120106399991
0.0119726408739
0.0121850147843
33.9176655589
0.0127816190943
0.382074089022
0.0124469900038
30.02489182
0.979687022977
0.0128715278115
0.0122467980254
0.0122382740956
0.0122178620659

checksumTime
0.0122200979386
0.0120064220391
0.0120640641544
0.0119111400563
0.0119121607859
0.0115482821129
0.0111511808354
0.0113240720239
6.37050252408e-05
0.0119887751061
0.0118007620331
0.0118231868837
0.0117232871708
0.016288996907
0.011686559068
0.0118593920488
0.0137722631916
0.0118335380685
0.011809234973
0.0120238470845
0.0119947860949
0.0117326390464
0.0120118800551
0.0118140350096
0.0117728440091
0.0119028589688
0.0117527882103
0.0124879290815
0.011961970944
0.0119403770659
0.0119512050878
0.0119721640367
0.0120557029732
0.0120775122195
0.0119483331218
0.0119388878811
0.0419447070453




