layer number :  6
38.2384446289
0.0595036370214

jsonTime
0.0348184539471
2.76429050602
0.0289235219825
0.0155944291037
0.0151903878432
0.159724067198

layerTime
0.012400232954
32.035294336
0.0427738330327
0.0114834569395
0.0120885621291
2.94332324085

checksumTime
0.0119749230798
0.0122747449204
0.011360635981
0.011939662043
0.011816023849
0.032826035982




layer number :  6
37.6825409729
0.0605626220349

jsonTime
0.0153614741284
3.09265920985
0.0219021430239
0.0147306120489
0.0148748490028
0.171414385084

layerTime
0.0122933429666
31.3772897462
0.0407483750023
0.0121722188778
0.0120660942048
2.72406233894

checksumTime
0.0120264349971
0.0123023979831
0.0117662949488
0.0117413569242
0.0117602539249
0.0421369099058




layer number :  6
38.597173495
0.0575318750925

jsonTime
0.0316395389382
3.05701187998
0.0216392921284
0.0152206828352
0.0149860680103
0.150494504953

layerTime
0.0115975239314
32.3430068309
0.0414826988708
0.012084885966
0.0120782249141
2.71944273892

checksumTime
0.0119921511505
0.0121802079957
0.0118261361495
0.0120965051465
0.011715992121
0.0384665420279




layer number :  6
38.458441138
0.0593898619991

jsonTime
0.0334956899751
2.79261868796
0.0222120711114
0.0155989548657
0.0149439300876
0.162073780783

layerTime
0.0124131708872
32.2343150722
0.0415661288425
0.0123412469402
0.0120945589151
2.93952459423

checksumTime
0.011712528998
0.0124428658746
0.0116779601667
0.0117217130028
0.0118550641928
0.0357715608552




layer number :  6
38.3803539302
0.0588315480854

jsonTime
0.0160596738569
3.10314944922
0.0489428909495
0.0172522470821
0.0165580259636
0.191105452133

layerTime
0.0122653250583
31.714003349
0.0809148841072
0.0125617079902
0.0123106350657
2.98835628899

checksumTime
0.0119644158985
0.0123788069468
0.0120334618259
0.011898165103
0.0120299798436
0.0370919019915




layer number :  6
37.8614505921
0.059774045134

jsonTime
0.0329106950667
2.65034680301
0.0301402900368
0.0170002810191
0.0155591689982
0.188331142999

layerTime
0.012511581881
31.8124727081
0.0833446050528
0.0122947080527
0.0122091469821
2.82721596304

checksumTime
0.0120225800201
0.0122324728873
0.011997195892
0.0119974680711
0.0119470839854
0.0364119359292




layer number :  6
38.6090438762
0.0580331541132

jsonTime
0.0150591249112
3.20464630495
0.029858645983
0.0167645979673
0.0156887669582
0.188184665982

layerTime
0.012243825011
31.8894544002
0.0832339138724
0.011593560921
0.0122179780155
2.9654277002

checksumTime
0.0119761379901
0.0122299629729
0.012308729114
0.0116676490288
0.0119297599886
0.0358302569948




layer number :  6
37.9012366419
0.0571759429295

jsonTime
0.0148536099587
2.73974213284
0.0307368161157
0.017448751023
0.0156808700413
0.191837345017

layerTime
0.0116529499646
31.776066591
0.0836531789973
0.0122304721735
0.012221967103
2.82985868701

checksumTime
0.0115103891585
0.0126089039259
0.0119402098935
0.0119950307999
0.011987045873
0.0373998500872




layer number :  6
38.2371611502
0.0589974010363

jsonTime
0.0154874490108
3.17452523811
0.0220199220348
0.015777772991
0.014622017974
0.152304275893

layerTime
0.0127384969965
31.5236466429
0.0425821959507
0.0121370968409
0.012093472993
3.06642385107

checksumTime
0.0119868589099
0.0130400189664
0.0118496040814
0.0117457050364
0.0117555002216
0.0425992440432




layer number :  6
37.5595119081
0.0567951081321

jsonTime
0.0331622869708
2.69210894313
0.0215245650616
0.0154497998301
0.0152344671078
0.190971214091

layerTime
0.0124345449731
31.3419815039
0.0409044350963
0.0121439520735
0.0122839820106
3.01200756989

checksumTime
0.0118864970282
0.0120977580082
0.0117925689556
0.0112508470193
0.012003823882
0.0328374630772




