layer number :  27
123.541818286
0.11328896787

jsonTime
0.032343781786
2.69197270507
0.0217911079526
0.0163392701652
0.0229448340833
0.212669216096
0.0150790300686
2.70626413287
0.0182060489897
0.0152720869519
0.0191465059761
0.0149512428325
0.0147178680636
0.0144777260721
3.315229228
0.0287674090359
0.0157060830388
0.0317082700785
0.0160394448321
0.0162996349391
1.65990146389
0.0161049610469
1.61488126498
0.0157990590669
0.0149825790431
0.0155777658802
0.0153587260284

layerTime
0.0123819641303
23.6759336849
0.0431069780607
0.0121756158769
0.0122429057956
1.06569945393
0.0121115918737
29.6096328739
0.0122210020199
0.0120484870858
0.0163559359498
0.0119832770433
0.0120741468854
0.0120740039274
29.6622460471
0.0120021088514
0.0121319289319
0.0124619707931
0.0122550991364
0.0125156720169
11.309307667
0.0123883888591
14.8452178079
0.012036005035
0.0163126490079
0.0120337321423
0.012043396011

checksumTime
0.0119633339345
0.012395377038
0.0122795288917
0.011703069089
0.0119570801035
0.0118908009026
0.0117377592251
0.0156733430922
0.0119772020262
0.0118074279744
0.0116570501123
0.0116380390245
0.0117209460586
0.0119737139903
0.0120654050261
0.0143776431214
0.011825026013
0.0120062842034
0.0119461780414
0.0119622480124
0.0118938260712
0.0116741200909
0.0120543721132
0.0116438339464
0.0127103528939
0.0118686219212
0.045949179912




layer number :  27
123.540161362
0.112080584047

jsonTime
0.0346599528566
2.85166084813
0.028473946033
0.0166955068707
0.0154225770384
0.123929667985
0.0146974690724
2.88086217293
0.015123528894
0.0151301780716
0.0195568390191
0.022139349021
0.0147549149115
0.0145503841341
3.47167076287
0.0195013850462
0.0151550669689
0.015682489844
0.0155956391245
0.014882564079
1.51566614211
0.0152420550585
1.53329292103
0.0153560058679
0.0148722799495
0.022416187916
0.0147542080376

layerTime
0.0123489380348
23.3728305539
0.0425274379086
0.0122959511355
0.0121294800192
1.13430588203
0.0122295948677
29.4450833551
0.0120885041542
0.0122991970275
0.0163923380896
0.012148308102
0.0120208822191
0.0123446269426
30.4231011011
0.0127473489847
0.0120274052024
0.0119977979921
0.0119752169121
0.012045098003
10.877948361
0.0121049520094
14.749820427
0.0120719559491
0.012019561138
0.0121406300459
0.0119913020171

checksumTime
0.0120588389691
0.0122730040457
0.0119672711007
0.0116469508503
0.0117011771072
0.0138168919366
0.0117575931363
0.0121980609838
0.0116787848528
0.0138248568401
0.0118225009646
0.0118470438756
0.0117163588293
0.0118744040374
0.0129386729095
0.0128374299966
0.0119146669749
0.0119110969827
0.0117919039913
0.0117452349514
0.0118751719128
0.0118089970201
0.0122692550067
0.0116868570913
0.0117838538717
0.0118779970799
0.0577107269783




layer number :  27
123.158140849
0.113209293922

jsonTime
0.0310653089546
2.6760937199
0.0296778709162
0.0160797538701
0.0152051399928
0.127046792069
0.0147279340308
2.92168120691
0.0240795149002
0.0158121541608
0.0180067680776
0.0148507850245
0.0287125359755
0.015161203919
3.34673322993
0.0161444749683
0.0257935500704
0.0148523428943
0.0146931570489
0.0147706200369
1.44793505198
0.0226427710149
1.65836391202
0.0153752979822
0.0145363521297
0.0151721709408
0.0221018069424

layerTime
0.0124195660464
23.4538795091
0.0349256941117
0.012229351094
0.0121399350464
0.903369392036
0.0123212819453
29.3686437162
0.0121228590142
0.0120328818448
0.0161877451465
0.0120440649334
0.0136919210199
0.0121574869845
30.5139294651
0.0120744640008
0.0140198189765
0.0121233880054
0.0120619570371
0.0122170131654
10.9255655811
0.0121924919076
14.6558923561
0.0121163669974
0.0119979910087
0.0122896160465
0.0121443721

checksumTime
0.0121455830522
0.0120554298628
0.0116243490484
0.0116818030365
0.0117286338937
0.0118926919531
0.0118545179721
0.0119357409421
0.0117798829451
0.011732717976
0.0118274069391
0.0117413229309
0.0120599151123
0.0118429830763
0.0138416429982
0.0117173239123
0.0118514520582
0.0117935789749
0.0118463248946
0.0118739048485
0.0121300290339
0.011781827081
0.0119172609411
0.0118084389251
0.0117365759797
0.012048431905
0.0399153719191




layer number :  27
124.039483485
0.112951003946

jsonTime
0.0154075189494
2.86242721393
0.0214545489289
0.018530908972
0.0172588468995
0.197621110128
0.0149128430057
2.8493462028
0.0230583650991
0.0153604929801
0.0183189918753
0.0145407740492
0.0158727420494
0.0313395110425
3.64836902288
0.0245415549725
0.0146338168997
0.0223437859677
0.0168047021143
0.0147223940585
1.60283639817
0.0157301360741
1.60470792698
0.0154139769729
0.0146873099729
0.0152622489259
0.0148536469787

layerTime
0.0122692359146
23.9540379429
0.0406127059832
0.0124998250976
0.0122905781027
1.01558497502
0.011727431789
29.1050688301
0.0123108150437
0.0120731489733
0.0165652988944
0.0120052958373
0.0121731420513
0.0123332261574
30.0244782981
0.012056453852
0.0121529970784
0.0120383370668
0.0121656639967
0.0120627789292
11.1816701728
0.0119943730533
14.8157540739
0.0130710219964
0.012413952034
0.0120707340539
0.0120696951635

checksumTime
0.011929839151
0.0130076340865
0.0119348990265
0.0118700501043
0.011853977805
0.0118758380413
0.011896672193
0.0119923569728
0.01201110892
0.0116124851629
0.0117481951602
0.0117519199848
0.0119603748899
0.0119696599431
0.0135568859987
0.0116995892022
0.011709472863
0.0159706119448
0.0118239410222
0.0116493308451
0.012711612042
0.0154752139933
0.0118129390758
0.0121360970661
0.0120238829404
0.0119865669403
0.0698684768286




layer number :  27
124.178325768
0.112430971116

jsonTime
0.0152483501006
2.84877014905
0.0217253800947
0.016132379882
0.0161542119458
0.133235343965
0.0140724719968
2.91466340702
0.0157528331038
0.0149413349573
0.0256138578989
0.0156954859849
0.0161479881499
0.0157538959756
3.671383437
0.0157566550188
0.0146236871369
0.0147046989296
0.0171151889954
0.0232044130098
1.45532079204
0.0154253740329
1.59647132386
0.0164071768522
0.0222594221123
0.0160059758928
0.0146198130678

layerTime
0.0121138349641
23.824183516
0.0408338098787
0.0120749440975
0.0121235679835
1.16014571604
0.0120277770329
29.274699901
0.0119973078836
0.0120322981384
0.0164273669943
0.0121403578669
0.0123863499612
0.0122039380949
29.9222423641
0.0121221709996
0.0120218810625
0.0120475820731
0.0120749820489
0.0120693880599
11.277785721
0.0121398700867
14.9490701461
0.0132518881001
0.0120654038619
0.0127731049433
0.0121027850546

checksumTime
0.0119226949755
0.0124112919439
0.0118081520777
0.0116473280359
0.0117052420974
0.0113620108459
0.0118302039336
0.0118684719782
0.0116562740877
0.0116711519659
0.0119076271076
0.0118499470409
0.01210768288
0.0119251229335
0.0122663788497
0.0117481269408
0.0117107189726
0.0169122759253
0.0118155998643
0.0137966540642
0.0119897758123
0.0120021940675
0.0116907660849
0.0118907699361
0.0117362861056
0.011789211072
0.0658300959039




layer number :  27
124.247940606
0.191271379124

jsonTime
0.0333846348803
2.90152736218
0.0215341828298
0.016382208094
0.0227106220555
0.118622316979
0.0155930859037
2.9137211279
0.0163332840893
0.0165212401189
0.0232967271004
0.0156044571195
0.0155126319733
0.0156633430161
3.58604819304
0.0150237858761
0.0146641710307
0.0221058318857
0.0147447669879
0.0177587890066
1.36588779092
0.0155025499407
1.62036571
0.0158570040949
0.0146258519962
0.0152450869791
0.014695483027

layerTime
0.0124914301559
24.2018389748
0.0426401640289
0.0122451619245
0.0122260178905
0.902598076034
0.0120517699979
29.2798373641
0.0122784539126
0.0122585960198
0.0230972750578
0.0122307930142
0.0122184841894
0.0121886841953
29.7794487239
0.0120337519329
0.0120273567736
0.012166102184
0.0120023859199
0.0126360959839
11.3605399251
0.0120649551973
14.9688383401
0.0121441669762
0.0120227499865
0.0121508119628
0.0122308100108

checksumTime
0.0120275928639
0.0125293531455
0.0118554609362
0.011769473087
0.0117753271479
0.0118935529608
0.0129801770672
0.0125302008819
0.0118770520203
0.0119516728446
0.0116345528513
0.0119182108901
0.0119564437773
0.0158386309631
0.0120257860981
0.0117283621803
0.0120203711558
0.0117592669558
0.0154127499554
0.0118914591148
0.011605771957
0.0128504608292
0.0129243629053
0.0118407278787
0.0117883651983
0.0120001828764
0.0559403521474




layer number :  27
124.340756867
0.117934474954

jsonTime
0.0151704140007
3.01663108193
0.0218707069289
0.0166338938288
0.0153735561762
0.206035712035
0.0149479699321
2.66778175812
0.0156985749491
0.0193408860359
0.0213646751363
0.0225589980837
0.0144157959148
0.0145830311812
3.42542631598
0.0222635278478
0.0151340179145
0.0151544900145
0.0150716789067
0.0220588829834
1.48131823097
0.0156507068314
1.58713685605
0.0158559409901
0.0216225329787
0.0153660590295
0.0145598929375

layerTime
0.0122874979861
23.671705141
0.041440875968
0.0121750261169
0.0121157129761
1.3292744339
0.0123710071202
29.4143759508
0.0121045238338
0.0138843688183
0.0166484438814
0.0120453969575
0.0120761720464
0.0120051240083
30.924077827
0.0119901741855
0.0120283160359
0.0119937881827
0.0120162961539
0.0123392050155
10.5437394781
0.0122252120636
14.9250735461
0.0120675510261
0.0120174761396
0.012028577039
0.0120240710676

checksumTime
0.0121978961397
0.0124252201058
0.0119317751378
0.0117266068701
0.0119886340108
0.0119345430285
0.0122425858863
0.011970236199
0.0117356781848
0.0174354170449
0.0118643490132
0.0114954740275
0.0117908408865
0.0117342679296
0.0119808909949
0.0127968860324
0.0128661198542
0.011646241881
0.0117535348982
0.0122281350195
0.0122437670361
0.0116651249118
0.0128294220194
0.0117095818277
0.0119678769261
0.0116994050331
0.0471852198243




layer number :  27
123.774176296
0.110583992209

jsonTime
0.033510700101
2.63567975303
0.0290401540697
0.0188444240484
0.0169264110737
0.191861534957
0.0148168578744
2.93073255802
0.015712316148
0.0152421919629
0.0187850410584
0.0220001090784
0.0146767860278
0.0172353971284
3.50093465718
0.0305672378745
0.0156055330299
0.0153122099582
0.0154163551051
0.0194152549375
1.51389324386
0.015787434997
1.60173093691
0.0155853999313
0.0146057298407
0.0222629669588
0.0144780678675

layerTime
0.011891518021
23.4116291581
0.072698710952
0.026718424866
0.0123587229755
1.20317447511
0.0121215679683
29.1374893291
0.0121324209031
0.0120828999206
0.0162092391402
0.01211358211
0.0120213769842
0.0119069840293
30.4936653669
0.0123896079604
0.0125747199636
0.0121620120481
0.01216126699
0.0140024889261
11.2882859472
0.0121766761877
14.6624956611
0.0120030411053
0.0118967541493
0.0119768630248
0.0121947911102

checksumTime
0.0121146638412
0.0124807399698
0.0118711469695
0.0120664150454
0.0119821820408
0.0118569990154
0.0120140409563
0.0119655549061
0.0120976381004
0.0120524659287
0.0117031508125
0.0117470398545
0.0116438269615
0.0117996288463
0.0161572650541
0.011966392165
0.0118820439093
0.0119157989975
0.0118390710559
0.0120656311046
0.0127069568262
0.0120013488922
0.0117641179822
0.0116632410791
0.0116060159635
0.0115704580676
0.0353206049185




layer number :  27
124.58129493
0.113429717021

jsonTime
0.0154613559134
3.00065886998
0.0218985669781
0.0186864968855
0.0175918811001
0.224010552047
0.0147557721939
2.84782713396
0.0228229200002
0.0152591438964
0.0182062978856
0.0145585208666
0.0157487639226
0.0313988139387
3.59704304789
0.0149470099714
0.0145684061572
0.02198329987
0.0147339890245
0.0146717049647
1.46082409914
0.0166307019535
1.60004282393
0.0174978971481
0.0165227099787
0.0164940429386
0.0211419770494

layerTime
0.0122514150571
24.1649775191
0.0411616498604
0.0123192111496
0.0122562639881
1.01703904592
0.0120204358827
29.1190631061
0.0124317868613
0.0120872461703
0.0163943711668
0.012292006053
0.0122662659269
0.0123821459711
29.9847141411
0.0119302358944
0.01195309381
0.0120660520624
0.0119272929151
0.0119875390083
11.786954059
0.0158918800298
14.6364728131
0.0121265680064
0.0126532730646
0.0122846909799
0.0101049339864

checksumTime
0.0121410819702
0.0124530720059
0.0118044421542
0.0119224567898
0.0118964069989
0.0118438089266
0.0119568130467
0.0120163059328
0.0117231691256
0.0117330069188
0.0118528869934
0.0119310701266
0.0119643381331
0.0119581520557
0.0119546570349
0.0116195390001
0.0116556561552
0.0116570659447
0.0116955072153
0.0112120518461
0.0130429549608
0.0130824330263
0.0159653378651
0.0121919708326
0.0119993591215
0.0116719158832
0.0361692931037




layer number :  27
122.702877744
0.113830471179

jsonTime
0.015329050133
2.79521752009
0.0214218059555
0.0187681009993
0.0170846728142
0.212125519989
0.0148413788993
2.9682540209
0.0161956739612
0.0155741930939
0.0274711248931
0.0149002119433
0.0146174719557
0.014508461114
3.40742392302
0.0150980139151
0.0188011000864
0.0151289708447
0.0146832300816
0.0159794220235
1.38671587198
0.01515397802
1.51138536003
0.0155249279924
0.0136176010128
0.0213476091158
0.0136593598872

layerTime
0.012262476841
23.6334051969
0.0426495629363
0.0123780660797
0.012292820029
1.27214242006
0.0121977401432
29.2903206712
0.0121306469664
0.011806237977
0.0176884811372
0.0120865390636
0.0120107799303
0.0120622469112
29.8290832939
0.0120819141157
0.0132154650055
0.0120252550114
0.0120116809849
0.0120547020342
10.6142325201
0.012012863066
14.664993918
0.0112138551194
0.0112872729078
0.0112212579697
0.0111811039969

checksumTime
0.0119553620461
0.012028071098
0.0119507119525
0.0119102110621
0.0119339651428
0.0118548579048
0.0120421529282
0.0122394019272
0.0115791000426
0.0116909230128
0.0118729670066
0.0117564050015
0.0117108540144
0.0118611319922
0.0119542190805
0.0163328929339
0.0121287070215
0.0116958599538
0.0117129120044
0.012811038876
0.0117911018897
0.0115126909222
0.0117462819908
0.0110456219409
0.0110317850485
0.0109386709519
0.04439400509




