layer number :  22
84.539474732
0.100889622001

jsonTime
0.015289636096
3.12619433901
0.0309285840485
0.0171450329944
0.0158551810309
0.0318872060161
1.93227962614
0.0158919109963
0.0156298498623
0.01530009415
0.014987193048
0.0151424878277
0.0225125530269
0.0152009688318
0.014998157043
0.015874050092
0.0160106210969
2.50332475896
0.197047122987
0.0197643151041
0.0168123270851
0.0217034129892

layerTime
0.0122322118841
28.9025722169
0.0833718669601
0.0123442090116
0.0121881309897
0.0139247770421
20.148044768
0.0121700940654
0.0113901461009
0.0121080980171
0.012023444986
0.0120714539662
0.012196755968
0.0120692721102
0.0122901049908
0.01269330387
0.01226476999
24.952433652
1.73999547586
0.0123797040433
0.0123531389982
0.0122002530843

checksumTime
0.0119430581108
0.0125821200199
0.0127240358852
0.0121883139946
0.0120004089549
0.0119995239656
0.011133370921
0.0118351329584
0.0116991188843
0.0117002339102
0.0116989600938
0.011685642181
0.0117404810153
0.0116539059673
0.0120105419774
0.0120590899605
0.0119493450038
0.0119751100428
0.0142112090252
0.0159934689291
0.0119355928618
0.0462483679876




layer number :  22
80.0902060021
0.103489570087

jsonTime
0.0150418209378
2.69763050904
0.0207804918755
0.0160984469112
0.0147028618958
0.0150928259827
1.64445042703
0.0193322799169
0.0185130599421
0.0165919971187
0.0163811747916
0.0165641771164
0.0327054341324
0.0164879160002
0.0158013091423
0.0157664001454
0.0156748369336
2.44734913879
0.195770922117
0.0179866040125
0.0145885699894
0.0217605191283

layerTime
0.0124903330579
27.896140734
0.0427070141304
0.0118818790652
0.0119955560658
0.0119609800167
18.6062427741
0.0127958371304
0.0124585281592
0.0124807949178
0.0121654351242
0.0123657679651
0.0162477078848
0.0123225429561
0.0122166178189
0.0122811538167
0.0121111359913
23.698553452
1.92473878991
0.0123539438937
0.0119171321858
0.0123685859144

checksumTime
0.0120384399779
0.0117946839891
0.0118847519625
0.0117466480006
0.0121256110724
0.0118272539694
0.0123351619113
0.0120055289008
0.0118807828985
0.0118836381007
0.0118842308875
0.0116704129614
0.011343620019
0.0118024640251
0.0118968540337
0.011903579114
0.01201481116
0.0118234569672
0.0120298310649
0.011735748034
0.011652741814
0.0406635920517




layer number :  22
81.3762107131
0.10102580511

jsonTime
0.0325216848869
2.61713672592
0.0222929439042
0.0154178729281
0.0226907159667
0.014721320942
1.922365851
0.0165072621312
0.0156724159606
0.0152474148199
0.0148228520993
0.0325834210962
0.0173591009807
0.0168253539596
0.0165212398861
0.0160130730364
0.031502086902
2.46929025999
0.19095404679
0.0269157609437
0.014763470972
0.0146821320523

layerTime
0.0115081870463
27.3162945509
0.041878445074
0.0121171111241
0.0120850498788
0.0121167302132
18.438607167
0.0121497800574
0.0122202690691
0.0121263170149
0.0128731960431
0.0124463520478
0.0122288179118
0.0122997460421
0.0122462031431
0.0122639639303
0.0123581171501
25.7864700709
1.62185126101
0.0124493069015
0.0120426542126
0.0119864009321

checksumTime
0.0112845080439
0.0124766621739
0.0117513099685
0.011795317987
0.0117902620696
0.0118364919908
0.011954439804
0.0118446219712
0.0117052670103
0.0117916869931
0.0121380798519
0.0119837010279
0.0119677600451
0.0118793339934
0.0119217049796
0.0119448320474
0.0120267749298
0.0120344171301
0.0137412841432
0.0116962960456
0.0117315838579
0.0436392440461




layer number :  22
77.993386725
0.101009591948

jsonTime
0.0320636758115
2.69486085814
0.0479060730431
0.0152867839206
0.0147351620253
0.0220158169977
1.75591855589
0.0156929269433
0.0159026030451
0.0148672079667
0.014991925098
0.0303132140543
0.0158001640812
0.0158804540988
0.0147079450544
0.0145497161429
0.0156722769607
2.40725310985
0.192456759978
0.0319081409834
0.0149897881784
0.0146491238847

layerTime
0.0123969770502
27.061272969
0.0417763500009
0.0121260699816
0.0120656681247
0.0122336109634
17.896398495
0.0121451469604
0.0120695829391
0.0120203271508
0.0122210488189
0.0121805390809
0.0120148879942
0.0120216999203
0.0120232200716
0.0120293518994
0.0123156299815
23.276829605
1.69431305421
0.0122447540052
0.0120241288096
0.0120313710067

checksumTime
0.0119836009108
0.0124859909993
0.0118154620286
0.0117614269257
0.0117629349697
0.0118203810416
0.0120194901247
0.0118056850042
0.012015504064
0.0117401538882
0.0116895770188
0.0121854748577
0.0117941049393
0.0117664739955
0.0117504228838
0.0121854590252
0.011971586151
0.0158174489625
0.0119453929365
0.0118122058921
0.0117135231849
0.0385549310595




layer number :  22
75.2946469032
0.100792736979

jsonTime
0.0313365261536
3.19861048111
0.029963121051
0.0153231229633
0.0145164369605
0.0154756470583
1.77175979409
0.0243576141074
0.0156385810114
0.0149903791025
0.0151331499219
0.0159837719984
0.0153564440552
0.0226925718598
0.0147798249964
0.0147186270915
0.0146307579707
2.2369823358
0.194529436994
0.0184099099133
0.0148616970982
0.0162861749995

layerTime
0.0121219370048
26.323039361
0.0409341340419
0.0120663440321
0.0120697279926
0.0120709338225
16.8636047358
0.0122156119905
0.0121380628552
0.0120076800231
0.0120572920423
0.0121632937808
0.0121086230502
0.0121166261379
0.0120415489655
0.0121237689164
0.0120307761244
22.2841819711
1.44718239084
0.0122944400646
0.0120040059555
0.0122549240477

checksumTime
0.0119139708113
0.0124270939268
0.0117634290364
0.0117871388793
0.011766733136
0.0120670490433
0.0121391250286
0.0116323020775
0.0117081790231
0.0117314429954
0.0121696130373
0.0117669911124
0.0117797369603
0.0117034949362
0.0117022390477
0.0118170459755
0.0117245570291
0.0119140250608
0.0118602011353
0.0117179958615
0.0131840109825
0.0417002041359




layer number :  22
75.07793405
0.0993408709764

jsonTime
0.0332576669753
2.91035471205
0.022413601866
0.0153402909636
0.0150601021014
0.0153111510444
1.84015341103
0.0158575540408
0.0165431881323
0.0162976020947
0.0319643840194
0.0167091188487
0.0173285270575
0.0168122530449
0.0156932619866
0.0314739989117
0.0158815940376
2.27259395202
0.201550564962
0.0173231298104
0.0146184409969
0.0153020629659

layerTime
0.0124027971178
25.3267565861
0.0411444560159
0.0121440018993
0.0192678458989
0.0121284520719
16.564281394
0.0122845680453
0.0121207719203
0.0122044950258
0.0126100019552
0.0123036471196
0.012275806861
0.0122627839446
0.0121752889827
0.0123707300518
0.0122606670484
22.7545855429
2.19661311805
0.0120108090341
0.0120436549187
0.0121017331257

checksumTime
0.0120618678629
0.0123745899182
0.0117742591538
0.012035259977
0.012131893076
0.0119908708148
0.0123074480798
0.0118942458648
0.012057994958
0.0121171579231
0.0120236400981
0.0119169179816
0.0119661900681
0.0118673080578
0.0119898749981
0.0119994559791
0.0121225358453
0.0119999430608
0.011172613129
0.0117935971357
0.0117336709518
0.0504283378832




layer number :  22
73.9155692451
0.0984325071331

jsonTime
0.0325003778562
2.76155290217
0.0226532698143
0.0158384710085
0.0146747000981
0.0233203021344
1.72523603286
0.0160927930847
0.0173305179924
0.0150716968346
0.0313605929259
0.0167568901088
0.0164384420495
0.0173385711387
0.015649265144
0.031328456942
0.0158058421221
2.42005013605
0.215210882947
0.0324227679521
0.0151919370983
0.0153161541093

layerTime
0.0124191690702
25.415360505
0.0470550169703
0.012185719097
0.0120717659593
0.0120826878119
16.8182005382
0.0121164089069
0.0119956349954
0.0120696111117
0.0123555071186
0.0123191669118
0.0123214558698
0.0123844619375
0.0122104969341
0.0123076590244
0.0121991010383
21.540165483
1.99982555001
0.0127204118762
0.015997444978
0.0121898658108

checksumTime
0.0120175299235
0.0114380610175
0.0118950500619
0.011783124879
0.011792188976
0.0117530331481
0.0123222148977
0.0121494969353
0.0117859721649
0.0117652940098
0.0120171788149
0.0119339420926
0.0121434370521
0.0120186659042
0.0119738890789
0.011926184874
0.011955492897
0.0157572838943
0.0120118451305
0.0118560800329
0.0127133890055
0.0317069711164




layer number :  22
74.5184617629
0.0992279439233

jsonTime
0.032729055034
3.21460718918
0.0221395399421
0.0170731700491
0.0316500030458
0.0157058320474
1.93417782616
0.0161031919997
0.0160905809607
0.0162588409148
0.0161519178655
0.0335018569604
0.0172429380473
0.0177168610971
0.0154955110047
0.0155448811129
0.0315418110695
2.48151383712
0.204899093136
0.0585535590071
0.0162112549879
0.0147763739806

layerTime
0.0125315780751
25.6111959268
0.0617109111045
0.012341419002
0.0140461439732
0.0122477260884
16.7893958699
0.0120165080298
0.0126001760364
0.0122571431566
0.0122257620096
0.0122846700251
0.0122295410838
0.0126423977781
0.01226872392
0.0122460930143
0.0123849620577
21.211191213
1.98642850597
0.0123269588221
0.0120980448555
0.0123412308749

checksumTime
0.0118411749136
0.0126087691169
0.0120536198374
0.0120097219478
0.0120518039912
0.0119611108676
0.0120317370165
0.0117616269272
0.0120078050531
0.0119232879952
0.0118938030209
0.0119860519189
0.0124143289868
0.0120825481135
0.0119459619746
0.0120303418953
0.012003229931
0.016541127814
0.0134115910623
0.0136094561312
0.0117622441612
0.0379751340952




layer number :  22
74.4729830569
0.101292796899

jsonTime
0.0152297269087
3.09721939079
0.0216917111538
0.0227740148548
0.0148442380596
0.0147782990243
1.70319125592
0.0160939870402
0.0193400608841
0.0324190091342
0.0170620339923
0.0165152938571
0.017174171051
0.0176207032055
0.0156842838041
0.0316421771422
0.0158475369681
2.42611220921
0.189979457995
0.0296350140125
0.0149683328345
0.015740777133

layerTime
0.0122553131077
26.2578092332
0.0410370968748
0.0122951290105
0.0120014278218
0.0120482088532
16.4150339381
0.0124148321338
0.0124274611007
0.0123234258499
0.012285642093
0.0125710121356
0.0122342579998
0.0123665980063
0.0131064350717
0.0124164549634
0.0122898900881
21.3996909698
1.97647506115
0.0124246249907
0.0122546970379
0.012281530071

checksumTime
0.0119861760177
0.0124596979003
0.0118179330602
0.0120403331239
0.0118085681461
0.0117749951314
0.0122884227894
0.0121963599231
0.0119968599174
0.012010185048
0.0119816460647
0.0119595078286
0.0119674089365
0.011956139002
0.0130823629443
0.0119987248909
0.011990343919
0.0114034919534
0.0141307008453
0.0117275281809
0.011972307926
0.0407979458105




layer number :  22
74.321624697
0.10173347895

jsonTime
0.0332442680374
3.14131825301
0.0218295869417
0.0152182818856
0.0150374600198
0.0147448182106
1.66431725398
0.0164816179313
0.0160449740943
0.0147899840958
0.0221518219914
0.0151535319164
0.0153748299927
0.0158553221263
0.0146264880896
0.0220027749892
0.0152658929583
2.44835065608
0.198579696938
0.0191294539254
0.0146212580148
0.0146081529092

layerTime
0.01249207207
25.197836332
0.0414113900624
0.0120804531034
0.0191923100501
0.0120572349988
16.6063554019
0.0122377530206
0.0121161360294
0.0120886899531
0.0123231380712
0.0120137589984
0.0120091449935
0.0119997949805
0.011989235878
0.0121435639448
0.0118177640252
21.941443562
2.15693899593
0.0122353029437
0.0119226321112
0.0120245390572

checksumTime
0.0121035468765
0.0126952510327
0.0117505011149
0.0117789178621
0.0118753828574
0.0117518450134
0.0121765600052
0.0117716540117
0.011720267823
0.0117453539278
0.0116851381026
0.0117153080646
0.01172231487
0.0116949379444
0.0116998681333
0.011943719117
0.0116998339072
0.0119561669417
0.0117974861059
0.0116729470901
0.0116531399544
0.0351220569573




