layer number :  12
99.77536292
0.162900378928

jsonTime
2.23288547806
0.0140348579735
0.0159680808429
1.64798134402
0.0155952021014
5.75054678391
0.0177950190846
0.0222305031493
0.535780339967
0.0162043690216
0.0147809430491
0.0155894819181

layerTime
15.7329494129
0.0116601730697
0.011770830024
17.311231317
0.0121787018143
51.5076974991
0.0121563200373
0.0159098769072
4.44965257705
0.0125549680088
0.0120351319201
0.0122225889936

checksumTime
0.0115313050337
0.0120554270688
0.0119107479695
0.0123865930364
0.0118099381216
0.0162538918667
0.0117920448538
0.0129967750981
0.0158558259718
0.011954245856
0.011996518122
0.0597279621288




layer number :  12
100.26754306
0.0713235859293

jsonTime
2.1316092629
0.0220562478062
0.0157669840846
1.4827809229
0.0165512759704
5.62802595599
0.0176968609449
0.0228722880129
0.48362341593
0.0169937650207
0.0148037059698
0.0146913679782

layerTime
16.372928666
0.0124888040591
0.0121139860712
17.686249522
0.0120003810152
51.618723006
0.0121713720728
0.0121586839668
4.34933692403
0.0120615970809
0.0120349179488
0.0121968199965

checksumTime
0.0121709362138
0.0120095519815
0.0117874708958
0.012411601143
0.0117702148855
0.0147054290865
0.0118199659046
0.0117757581174
0.0158320539631
0.0120586419944
0.011702486081
0.055914452998




layer number :  12
99.6502133079
0.139061714988

jsonTime
1.98383538402
0.0151963329408
0.0154611500911
1.61941131903
0.0157672930509
5.62158284103
0.0242048078217
0.0167096708901
0.491908518132
0.0143478610553
0.0160899148323
0.014716380043

layerTime
15.882298864
0.0121500000823
0.0121414719615
17.23851354
0.0123533029109
51.90620076
0.016393234022
0.0124282380566
4.32589768898
0.012108566938
0.0121078200173
0.0120639631059

checksumTime
0.0123577220365
0.0117575449403
0.0124269390944
0.0122204509098
0.0119368250016
0.0120483289938
0.0173801560886
0.0120482910424
0.0112670948729
0.013557291124
0.0117531439755
0.0577963069081




layer number :  12
100.801034176
0.0743441178929

jsonTime
2.172591076
0.0151733572129
0.0148445020895
1.49664427503
0.0154370949604
5.63041600212
0.0280061971862
0.0139697040431
0.469245007029
0.0157829478849
0.0139014339074
0.0145746830385

layerTime
16.216150478
0.012079995824
0.0121232520323
17.596597184
0.0120842240285
52.058800753
0.0137823268306
0.012051259866
4.64728426491
0.0121100849938
0.011892314069
0.0121120580006

checksumTime
0.012582042953
0.011576222023
0.0120873779524
0.0118641350418
0.0117647568695
0.0155745549127
0.0110985650681
0.0117441641632
0.0125504150055
0.0111968501005
0.0117318460252
0.0644078420009




layer number :  12
101.389673218
0.259351995075

jsonTime
2.15044216393
0.014834191883
0.0155293559656
1.49128619605
0.015340733109
5.68470266694
0.0343886760529
0.0158565549646
0.558120555943
0.0163655281067
0.0147146400996
0.0158860599622

layerTime
16.2876153181
0.0120067931712
0.0123556819744
17.7087096281
0.0121218629647
52.4465040781
0.0136793379206
0.0122415360529
4.3531485151
0.0130108390003
0.012053163955
0.0119920591824

checksumTime
0.011847167043
0.0117601479869
0.0118819938507
0.0119969008956
0.0117350160144
0.0121975538787
0.0119903860614
0.0120940210763
0.0119118317962
0.0118101749104
0.0130241289735
0.0645317158196




layer number :  12
100.183595349
0.0702700989787

jsonTime
1.90314735612
0.014268776169
0.0172400970478
1.65485751
0.0152630219236
5.40241370886
0.0158844569232
0.0147410528734
0.458765276009
0.0148746268824
0.0145991130266
0.0172021661419

layerTime
16.1048638788
0.0120956688188
0.012636275962
17.335853962
0.0121701429598
52.121455573
0.012182211969
0.0156990480609
4.72183788009
0.0120558890048
0.0120660448447
0.0213501299731

checksumTime
0.0127966559958
0.011826666072
0.0119612261187
0.0119336149655
0.0117710691411
0.0120362371672
0.0117332451046
0.0129372889642
0.0120563609526
0.0117088020779
0.0136748950463
0.0306470019277




layer number :  12
102.471736395
0.0710793389007

jsonTime
1.89669011207
0.0152022552211
0.0155178850982
1.44626204902
0.0153704481199
5.97635965794
0.0164464619011
0.0152898130473
0.47810739791
0.015080598183
0.0146963109728
0.0146210200619

layerTime
16.3569583159
0.0120888969395
0.012738006888
17.5288331991
0.0117437969893
53.420440027
0.0122563401237
0.0122461449355
4.88001591712
0.0120379338041
0.0120956320316
0.0163559960201

checksumTime
0.0122618929017
0.0116965179332
0.0119226339739
0.0123534009326
0.0116602659691
0.014059697045
0.0124933228362
0.0117415161803
0.0120216538198
0.0117250951007
0.0116512039676
0.0488686680328




layer number :  12
106.272971702
0.0729186609387

jsonTime
1.92587548401
0.0156953779515
0.0157148709986
1.61302980012
0.0155644691549
5.73642231408
0.0165210580453
0.0156826728489
0.502112330869
0.0150074730627
0.0153643798549
0.0167216940317

layerTime
16.6112558399
0.0121205588803
0.0122793819755
18.234913711
0.0120465490036
56.5636932091
0.0122049578931
0.0121068041772
4.59363117209
0.0121480210219
0.011977682123
0.0122691579163

checksumTime
0.0120390830562
0.0120792861562
0.0119500719011
0.0119468448684
0.0109941628762
0.0118536809459
0.0137441291008
0.015442892909
0.012049742043
0.0118232190143
0.0117781059816
0.0490699929651




layer number :  12
110.80465408
0.0728373120073

jsonTime
2.18173547299
0.0150342679117
0.0158872429747
1.52577222302
0.0151506259572
5.79355000309
0.0197636908852
0.0143845151179
0.601444327971
0.0199409150518
0.0152057728264
0.0147648609709

layerTime
17.720220587
0.0120729370974
0.0120187341236
18.668314121
0.0120036751032
58.711256369
0.01393808797
0.0119975199923
5.02669770294
0.0140067129396
0.0120827571955
0.0120915370062

checksumTime
0.0119545031339
0.0118132838979
0.0117312159855
0.0117725429591
0.0116505739279
0.0155573659576
0.0118760589976
0.0120670041069
0.0128353799228
0.0120444961358
0.0117627249565
0.126764907036




layer number :  12
113.196756747
0.302221604157

jsonTime
2.09216111316
0.0155578849372
0.0152804169338
1.68987597502
0.0163080119528
5.45417402196
0.0272156898864
0.015287467977
0.49741690699
0.0148190639447
0.0144932540134
0.0138465180062

layerTime
18.7802684249
0.0121156328823
0.0120440700557
20.2199311559
0.0122830451
58.7090035051
0.0128175499849
0.0118408659473
5.03514755704
0.0119968680665
0.0121040339582
0.0120282741264

checksumTime
0.0137248861138
0.0117504140362
0.0116717810743
0.0122496220283
0.0117933419533
0.0157058790792
0.0119226870593
0.0112999610137
0.0117844170891
0.0116920329165
0.0113972369581
0.0406346409582




