layer number :  11
212.102376875
0.0730196358636

jsonTime
1.53601211612
0.0151935289614
0.206499346066
1.3935303071
4.23231495498
0.0177872290369
0.0168681750074
0.0147347808816
13.1895277391
0.0193494800478
0.0176771159749

layerTime
16.2028849521
0.012051833095
2.78081693198
19.5611287639
51.9849972499
0.01239674096
0.0244897920638
0.0120146570262
100.585076319
0.0130013669841
0.0122511850204

checksumTime
0.012152022915
0.0117245959118
0.0111909878906
0.0117198571097
0.0159015520476
0.0120624119882
0.0118156450335
0.0117024269421
0.0120668599848
0.0120323079173
0.0355938361026




layer number :  11
211.735077734
0.0750515379477

jsonTime
1.4637770711
0.0152028868906
0.203380706953
1.52164012706
4.13729801797
0.0181085220538
0.0209233199712
0.0156383290887
12.414976442
0.0241674310528
0.0224012848921

layerTime
16.370253986
0.0123353090603
2.80110488413
19.332134387
53.202176071
0.0124205239117
0.0398701608647
0.0122453928925
99.8193581959
0.0166508229449
0.0125185581855

checksumTime
0.0124158880208
0.0122185389046
0.0119738648646
0.0120121820364
0.0137982550077
0.0119776001666
0.0120543700177
0.01198407216
0.0121693729889
0.0120342790615
0.0381355108693




layer number :  11
211.757056127
0.0720661259256

jsonTime
1.51827740902
0.015171919018
0.202466217102
1.31175354309
4.12915863306
0.0181836250704
0.0368590371218
0.0159614291042
12.9222868779
0.0226984291803
0.0220103107858

layerTime
15.904005145
0.0120724849403
2.99692323897
18.2707139628
53.2026892318
0.0132452319376
0.0433727228083
0.0123113689478
100.819282541
0.0155083928257
0.0124711680692

checksumTime
0.0122336230706
0.0120684020221
0.0121845549438
0.0119705700781
0.0122221640777
0.0120844389312
0.0121323820204
0.0120199411176
0.0119382978883
0.0120490922127
0.0361185469665




layer number :  11
213.864952145
0.072118749842

jsonTime
1.55477164313
0.0223219529726
0.202407140983
1.7893793101
4.37052328791
0.0174097050913
0.0166695711669
0.0171772369649
11.9412793121
0.0186841289978
0.0191647680476

layerTime
16.159963246
0.0121386451647
3.179499747
19.852444971
54.1673317661
0.0121917598881
0.0244043290149
0.0120856920257
100.191272261
0.0129340449348
0.0167033849284

checksumTime
0.0134363588877
0.0117091699503
0.0122925390024
0.0119031958748
0.0157034769654
0.0117430109531
0.0148880300112
0.0118257128634
0.012008120073
0.0116052899975
0.0443351510912




layer number :  11
211.936218929
0.0728865629062

jsonTime
1.46397740603
0.0232404281851
0.188795331167
1.33311560308
4.10250169295
0.0164016089402
0.0194963268004
0.0162223479711
12.3204408151
0.0208125619683
0.0189310868736

layerTime
16.2910646319
0.0125781488605
2.76625461597
18.646988194
53.27746337
0.0123378250282
0.0397430020384
0.0122271638829
101.079234676
0.013029496884
0.0128396120854

checksumTime
0.0122207780369
0.0121527719311
0.0126387509517
0.0114324700553
0.0123966739047
0.0120760751888
0.0119631860871
0.0119847811293
0.0165723320097
0.011845304165
0.0395885959733




layer number :  11
213.924933533
0.0886382060125

jsonTime
1.49632936716
0.0155906609725
0.210770078935
1.74307546904
4.32624185202
0.015173768159
0.0173301440664
0.0166874520946
11.908433788
0.0194187001325
0.0175617719069

layerTime
16.0204900499
0.0121153839864
3.02284031804
19.154004304
54.220234992
0.0121354409494
0.0243137860671
0.0121745518409
101.357097285
0.0129296148662
0.0124930860475

checksumTime
0.0121605182067
0.0117295240052
0.0123799049761
0.0118706668727
0.012098605046
0.0117236918304
0.0163869359531
0.0118436841294
0.0122666780371
0.0119293851312
0.0538368790876




layer number :  11
210.824638191
0.0714724261779

jsonTime
1.54811290395
0.0154481120408
0.290175420931
1.63780019619
4.24847971695
0.0169832461979
0.0254764452111
0.0147127599921
12.0055418462
0.021196343936
0.0365451669786

layerTime
15.052185986
0.0121354521252
3.06627989607
18.8840839688
52.3931280621
0.0121711199172
0.0290834179614
0.012023704825
101.224807792
0.0130718059372
0.0124567600433

checksumTime
0.0126922009513
0.0120662399568
0.0123326338362
0.0121728910599
0.0157906708773
0.0155639068689
0.0118214390241
0.0117218419909
0.0157121461816
0.0119677309413
0.0390205450822




layer number :  11
209.261998697
0.0708197299391

jsonTime
1.42706982698
0.022905894788
0.192108372925
1.37149221101
4.11527802492
0.015036170138
0.0203813719563
0.0158447991125
11.961309032
0.0229572281241
0.0207463740371

layerTime
15.4300637031
0.0121369911358
2.72916805604
19.5395305881
51.214311373
0.0122845799197
0.0394529909827
0.0123038438614
100.815876146
0.0142078569625
0.0125954318792

checksumTime
0.0119234530721
0.0118005329277
0.0121698670555
0.0122407709714
0.0119257760234
0.0119549259543
0.0119203550275
0.0119821180124
0.0126366978511
0.0173853600863
0.0374324659351




layer number :  11
214.220214188
0.0691405341495

jsonTime
1.56877940497
0.0165292711463
0.253887353931
1.35831041913
4.25955870096
0.0168743161485
0.0172819739673
0.0146449059248
12.5019206551
0.0241514160298
0.0226131309755

layerTime
15.841145196
0.0122787170112
2.81287085405
18.881050193
53.680024307
0.0122646128293
0.0307884900831
0.0120201359969
102.608276585
0.0166211198084
0.0125777991489

checksumTime
0.0141821249854
0.0119975449052
0.0126597059425
0.0119680429343
0.0146377340425
0.0128668330144
0.011844515102
0.0117938169278
0.0122994540725
0.0122603480704
0.039393476909




layer number :  11
207.337155305
0.070782237919

jsonTime
1.5656206659
0.0166497500613
0.284843225963
1.31639828905
4.20868174615
0.0157181429677
0.0243361259345
0.0163079889026
12.263128069
0.0181118310429
0.0184749760665

layerTime
16.2133320079
0.012329445919
3.00549251703
18.5242501399
50.9069686339
0.0121156540699
0.0245474749245
0.0120670720935
98.6162279169
0.0129034239799
0.0124071929604

checksumTime
0.0124747271184
0.0118877480272
0.0122849890031
0.0120993189048
0.0125795770437
0.0117555269971
0.0127977891825
0.0118057029322
0.0121035249904
0.0116903129965
0.0334419631399




