layer number :  21
78.1003882899
0.10144768795

jsonTime
0.0343996288721
2.74195159995
0.0217821411788
0.0162526890635
0.0340035969857
0.296166301938
0.0150640630163
0.0146331060678
0.0146196780261
0.0166649899911
3.77997299191
0.0153030839283
1.45135002886
0.0171460229903
0.0149658829905
0.0151689669583
0.0222703830805
0.0150298718363
0.0162877321709
0.0146985962056
0.0147079031449

layerTime
0.0124248240609
23.649909921
0.041021291865
0.0123445349745
0.0139188228641
3.01696407795
0.0120280620176
0.012057682965
0.0120803758036
0.0122544469777
30.346334999
0.0147049950901
11.8724300861
0.0121892250609
0.0120597190689
0.01197473309
0.0120737159159
0.0120464011561
0.0122020039707
0.0123013888951
0.0120506859384

checksumTime
0.0119668450207
0.012326573953
0.0118271489628
0.0119210181292
0.0119774271734
0.0118430170696
0.0117580408696
0.0117951880675
0.0120775420219
0.0123544752132
0.0123998459894
0.0173913401086
0.0165872939397
0.0119511189405
0.0117329398636
0.01175198704
0.0117666900624
0.0118120778352
0.0117786808405
0.0117786519695
0.0315959209111




layer number :  21
78.2069889009
0.0988404820673

jsonTime
0.0154320257716
2.75130815711
0.0216883900575
0.0163381360471
0.0170702678151
0.28780216584
0.0161275288556
0.0221979061607
0.0139426430687
0.0148213249631
3.30584745179
0.0150696609635
1.50912639895
0.0157425720245
0.0228515609633
0.015766276978
0.0149563569576
0.0149367309641
0.0155127309263
0.0218543210067
0.0147556860466

layerTime
0.0122517310083
23.699148657
0.041470249882
0.0121468708385
0.0122952139936
3.04469900415
0.0125969590154
0.0123306890018
0.0121079569217
0.0121250119992
30.5321607611
0.0120964520611
12.1621670611
0.0114306348842
0.0122187710367
0.0121427178383
0.012058773078
0.012084254995
0.0123066022061
0.012117333943
0.0121082458645

checksumTime
0.0119970580563
0.0132723199204
0.0119166490622
0.0117182352114
0.0119871101342
0.0120060869958
0.0118791030254
0.0114046719391
0.0118835379835
0.0118133791257
0.0120537860785
0.0117958479095
0.0122822539415
0.0129706191365
0.0129685180727
0.0116428970359
0.0117244981229
0.0116585209034
0.0116342569236
0.0116374560166
0.0399002439808




layer number :  21
78.444219677
0.0998374670744

jsonTime
0.015308276983
3.12978128996
0.0218402738683
0.0195810908917
0.0170168839395
0.306350990897
0.0225443418603
0.0142015090678
0.0147623610683
0.0147152680438
3.51211903594
0.0286479208153
1.4408414131
0.0242353901267
0.0152169540524
0.0149555110838
0.0154388018418
0.0152077248786
0.0243575540371
0.0147663431708
0.0159199419431

layerTime
0.0122522199526
23.5179241002
0.0421659001149
0.012334787054
0.01234655804
3.213682801
0.0123171461746
0.0121281149331
0.0120498428587
0.0120252759662
30.590271845
0.0119668811094
11.779857063
0.0121379508637
0.012110686861
0.0120375009719
0.0120517259929
0.0119587150402
0.0122904961463
0.0120418169536
0.0122955569532

checksumTime
0.0119462660514
0.0134626249783
0.0119801410474
0.0119060699362
0.0119323141407
0.0118731560651
0.0115471708123
0.0117809590884
0.0117957161274
0.0118155600503
0.011964451056
0.01154657593
0.0160629309248
0.0118538960814
0.0118052801117
0.0128658940084
0.0118393311277
0.0155068419408
0.011743809795
0.0118640230503
0.0503924330696




layer number :  21
78.309919985
0.0990103378426

jsonTime
0.0331033810508
2.99159853719
0.0295965631958
0.0181770820636
0.0306839479599
0.28568482399
0.0156472031958
0.0145497019403
0.0156728541479
0.0162591699045
3.692366048
0.017391928006
1.50400206097
0.0149877800141
0.0161324639339
0.0150827649049
0.0226309499703
0.0155971560162
0.0156282312237
0.0158026651479
0.0156255709007

layerTime
0.0123970538843
23.546513811
0.0724968288559
0.0123357980046
0.012679223204
2.92693346809
0.012085923925
0.0120529411361
0.0124600019772
0.0122120392043
30.475808416
0.0124043200631
11.8755940001
0.0120669899043
0.0120775550604
0.012114539044
0.0123437279835
0.0120708050672
0.0121435299516
0.0121161539573
0.0122471139766

checksumTime
0.0120282699354
0.0125408067834
0.0118489870802
0.0118669038638
0.0118493589107
0.0120313807856
0.0118221619632
0.0120332778897
0.0118665809277
0.0119201568887
0.0175796819385
0.0121551710181
0.0118801079225
0.0117923330981
0.0117689380422
0.0127937069628
0.012928253971
0.0117523078807
0.0128844878636
0.011951653054
0.0635805451311




layer number :  21
78.2898011091
0.115132497158

jsonTime
0.0153977039736
2.76130886679
0.0424832089338
0.0181332840584
0.0165614869911
0.284925451968
0.0149437410291
0.0223448348697
0.016141417902
0.0157187648583
3.72783541097
0.0171153680421
1.41915787081
0.0147517579608
0.0221190629527
0.0149791091681
0.0150249151047
0.0149066250306
0.0155568560585
0.0216277879663
0.0157557500061

layerTime
0.0122411011253
23.806893697
0.0729987339582
0.0123684739228
0.01222671289
2.89440279407
0.0120704609435
0.0124494801275
0.01234406
0.0119650680572
30.7252194639
0.012268820079
11.6821493502
0.012032405939
0.0122491801158
0.0119774448685
0.0119912049267
0.0132335620001
0.0120043489151
0.012080329936
0.0122286318801

checksumTime
0.0119704119861
0.0124223541934
0.0119636419695
0.0118277121801
0.0119018999394
0.0120100539643
0.0119934091344
0.0118166420143
0.0119573480915
0.0116547760554
0.0162684000097
0.0121117590461
0.0118236569688
0.0116810810287
0.0117547388654
0.011669303989
0.0116956399288
0.0121081890538
0.0116717671044
0.0117005701177
0.0377613210585




layer number :  21
78.3376854442
0.0999131551944

jsonTime
0.0154610071331
3.17703332403
0.0217195991427
0.0158904518466
0.0152788369451
0.239828001941
0.0225470040459
0.0148552120663
0.0145363190677
0.0146754090674
3.70909765805
0.0223477869295
1.42782128416
0.0235333968885
0.0171504060272
0.01524681109
0.0152418059297
0.0157793350518
0.0308785478119
0.0145326349884
0.0151568981819

layerTime
0.0122168399394
23.681571279
0.0411194639746
0.0121043010149
0.0121436628979
2.928104355
0.0121652740054
0.0120773219969
0.0119536630809
0.0122889119666
30.3215603428
0.0125462270807
11.9161882908
0.0124319649767
0.011541276006
0.0114280038979
0.0113396539818
0.0113401447888
0.0113884171005
0.0112741040066
0.0117192699108

checksumTime
0.0119815908838
0.0124120360706
0.0116978120059
0.0116999940947
0.0116989212111
0.0122021539137
0.0117515139282
0.0117235619109
0.0117584888358
0.0120104991365
0.0119169661775
0.0121260208543
0.0158732561395
0.0140329720452
0.0111786369234
0.0111927231774
0.0116981030442
0.0112239941955
0.0111911781132
0.0112084858119
0.0493317260407




layer number :  21
78.3424145351
0.0987192241009

jsonTime
0.0333753968589
2.96398487012
0.0221446580254
0.0158808240667
0.0226250330452
0.250861961162
0.0152285608929
0.0146232228726
0.0147396898828
0.0146181129385
3.50083471392
0.0197706501931
1.47765634186
0.0155536220409
0.014888253063
0.015014143195
0.0227903509513
0.0150562308263
0.0170604761224
0.0159232988954
0.0156860640272

layerTime
0.0120377230924
23.8094978919
0.0411172420718
0.0120270280167
0.0122893690132
3.10542336386
0.0120818901341
0.0121304031927
0.0120708730537
0.0121877661441
30.337661539
0.0134496379178
11.9515806541
0.0120455259457
0.0121354560833
0.0121040288359
0.0115630840883
0.0120270480402
0.0122757698409
0.0121631030925
0.012226908002

checksumTime
0.011769332923
0.0126577590127
0.0117777627893
0.0116207450628
0.0116992448457
0.0120094870217
0.0117568660062
0.0118103569839
0.0123294249643
0.0116628869437
0.0120031340048
0.0114974500611
0.0128655359149
0.011729988968
0.0117259428371
0.0116891351063
0.0117707250174
0.0119282819796
0.0120033971034
0.0119118390139
0.0563747819979




layer number :  21
78.89904829
0.0978826719802

jsonTime
0.0150861709844
2.81514454796
0.0218501640484
0.0182742250618
0.017509836005
0.325975467917
0.0155228269286
0.0151601280086
0.0146959479898
0.0156976939179
3.74940530001
0.0150364411529
1.45796715911
0.0147763718851
0.0199203360826
0.0154421529733
0.02291707322
0.0151874618605
0.0158385860268
0.014393039979
0.014720991021

layerTime
0.0121841530781
23.791059267
0.0427776898723
0.0124451390002
0.0115691199899
2.9881261331
0.0117999541108
0.0120436470024
0.0120005591307
0.0123594691977
30.6876975209
0.0117237989325
12.1722922279
0.0120631309692
0.0140865310095
0.0123864652123
0.0121597279795
0.0122008880135
0.0119051949587
0.0120057470631
0.0121321568731

checksumTime
0.0119870819617
0.0125358500518
0.0118289859965
0.0118035320193
0.0116621269844
0.0118703260086
0.0117559598293
0.0118066030554
0.0121052658651
0.0120345659088
0.0120023069903
0.0152285939548
0.0120939691551
0.0129360409919
0.0120079868939
0.0117269167677
0.0117684579454
0.0120335870888
0.0115408310667
0.0118840360083
0.0404582219198




layer number :  21
78.1492313631
0.0991145961452

jsonTime
0.0158187970519
2.99507243698
0.0211181610357
0.0164396360051
0.0154378509615
0.247354610125
0.0222362780478
0.0148014230654
0.0149070119951
0.0149105980527
3.68184047914
0.0222229140345
1.42209806084
0.0237613748759
0.0153360799886
0.015041125007
0.0149282668717
0.0150781080592
0.0232283279765
0.0152549680788
0.0148307639174

layerTime
0.0122855498921
23.557163409
0.0422010910697
0.0120932988357
0.0122016700916
2.94608251192
0.0122547019273
0.0120629779994
0.012164974818
0.0123480390757
30.4788915829
0.0121993869543
11.885416765
0.0121577649843
0.0121210929938
0.0120654909406
0.0120444300119
0.0122454890516
0.0121632351074
0.0120759648271
0.0120164111722

checksumTime
0.0120420469902
0.012467283057
0.011771237012
0.0117462880444
0.0116795909125
0.0119857660029
0.0118389700074
0.0117311130743
0.0120308650658
0.0120098858606
0.0121620900463
0.0118088270538
0.012969029136
0.0115494660567
0.0117556480691
0.012235396076
0.0118153509684
0.0114520739298
0.0126663099509
0.0118065380957
0.0538669829257




layer number :  21
78.8783310158
0.100105015794

jsonTime
0.0340281759854
2.95008647698
0.0219849681016
0.016059629852
0.0230473361444
0.249726770911
0.0154358050786
0.0145764891058
0.0148060300853
0.0151686680038
3.46671021683
0.015074867988
1.42570906598
0.0166852341499
0.0155386510305
0.0150912420359
0.0220043009613
0.0159150979016
0.0177205430809
0.015716155991
0.0164113189094

layerTime
0.012382240966
23.7798556481
0.0425939369015
0.0126327672042
0.0122163188644
3.10104417708
0.0119621891063
0.0121430410072
0.0121024500113
0.0131648450624
30.515437491
0.012039646972
12.4221260271
0.0122490818612
0.0120845360216
0.0121283729095
0.0121441390365
0.0122675530147
0.0123205280397
0.0122316870838
0.0122181968763

checksumTime
0.0119543159381
0.0124771459959
0.0117895060685
0.0117717848625
0.0117218550295
0.0131170758978
0.0118009778671
0.0117364348844
0.0117814259138
0.0124448500574
0.0120005470235
0.0118100650143
0.0157020899933
0.0145649490878
0.0118012509774
0.0117937480099
0.0116522379685
0.0121993010398
0.0119591779076
0.0119108960498
0.0666439740453




