layer number :  18
123.363134813
0.0889971489087

jsonTime
0.0153482819442
3.01330010802
0.0224050399847
0.0162024002057
0.876952297054
0.015331790084
0.0149881700054
0.60257530096
0.014491958078
0.0156385009177
0.0157039228361
5.56540886406
0.0233956989832
0.0150923270267
0.0147893561516
2.9965385939
0.0188478361815
0.0151786829811

layerTime
0.0123011302203
24.6188279029
0.0443269622047
0.0122477188706
7.36031017103
0.012102086097
0.0120732020587
6.66589795798
0.0123212269973
0.0122373939957
0.0123552491423
43.5874567118
0.0145793710835
0.0120675601065
0.0121302569751
27.316371097
0.011628447799
0.0131820437964

checksumTime
0.0119889259804
0.012982203858
0.0118241307791
0.011772796046
0.0117926117964
0.0117703238502
0.011785895098
0.0127958499361
0.0120292459615
0.0120473641437
0.0119335399941
0.0128713711165
0.0119972329121
0.0117352257948
0.011780055007
0.0129438929725
0.0111932922155
0.0434516072273




layer number :  18
123.07650679
0.0863592519891

jsonTime
0.03230738407
2.99689916894
0.0211644470692
0.0157382609323
0.957830243045
0.0153425650205
0.0147092000116
0.606748685008
0.0148887650575
0.0145498339552
0.0144599219784
5.23143229797
0.0184450540692
0.0150105331559
0.0172820880543
2.55996723799
0.0192472131457
0.0144542870112

layerTime
0.0123036329169
24.8124116319
0.043304546969
0.0122119020671
7.26413884806
0.0122269261628
0.0119529860094
6.68313124403
0.011376314098
0.0119759689551
0.0120701710694
43.7846679129
0.0125539179426
0.0120345009491
0.0122008828912
27.417669018
0.0123583870009
0.0119977341965

checksumTime
0.0119039851706
0.0122006530873
0.0117911489215
0.0117482959758
0.0118561908603
0.0117016478907
0.0117944390513
0.0122144178022
0.011314362986
0.0116963719483
0.0117698151153
0.011818288127
0.0130857639015
0.0162707949057
0.0116339090746
0.0133202979341
0.0116262678057
0.040960958926




layer number :  18
123.50288407
0.0895517771132

jsonTime
0.0152485650033
3.16237093997
0.0233572439756
0.0156029011123
0.90734712407
0.0173028991558
0.0159331131727
0.811405460816
0.014988967916
0.0156983190682
0.0146082451101
5.30004460504
0.020108776167
0.0146351419389
0.0146187508944
2.83638808504
0.0197673041839
0.0156082350295

layerTime
0.0122905238532
24.8290653401
0.0443204690237
0.0122467149049
6.72286968492
0.0125447448809
0.012302972842
6.32089685812
0.0121336840093
0.0120800840668
0.0120023568161
44.036298668
0.0123983118683
0.0120447410736
0.0120056520682
27.81740251
0.0125373669434
0.0121861149091

checksumTime
0.0119780830573
0.0120750719216
0.0118501619436
0.0116772570182
0.0119219250046
0.0120518149342
0.0120816151612
0.0119740820955
0.0119832819328
0.0120460998733
0.0116965300404
0.0119824518915
0.0117573770694
0.0117286189925
0.011703717988
0.0129543179646
0.0122041020077
0.0463919069152




layer number :  18
121.413066819
0.0894814671483

jsonTime
0.0327758551575
3.0520793139
0.0215217759833
0.0158061191905
0.876286458923
0.0155140170828
0.0146583421156
0.596373477951
0.014289515093
0.0149940550327
0.0147669238504
5.41195347509
0.0190052608959
0.015220480971
0.0146631950047
2.90936736809
0.0234567150474
0.0153828079347

layerTime
0.0125721569639
24.3229923102
0.0409788819961
0.0121228899807
6.93799219793
0.012288791826
0.0120360259898
6.51365197403
0.0122366379946
0.0120115370955
0.0122110659722
42.772879588
0.0126637071371
0.0120527059771
0.0120064541698
27.2417504711
0.01258456707
0.0122159519233

checksumTime
0.0119635399897
0.0123979109339
0.0119202518836
0.0117937449832
0.0122061921284
0.0117589670699
0.0116610759869
0.0117952718865
0.012201204896
0.0117462310009
0.0120070250705
0.0130528360605
0.0117623289116
0.0116769729648
0.0173048188444
0.0121281878091
0.0118687460199
0.0479077841155




layer number :  18
120.601143824
0.0876205069944

jsonTime
0.0324618588202
3.04292054405
0.020676841028
0.015772880055
0.903493217891
0.0160421209875
0.0148756878916
0.606314970879
0.0149737028405
0.0149344070815
0.0146886280272
5.09768084507
0.0226993898395
0.0191954020411
0.0151254970115
2.79622608586
0.019409464905
0.0152922819834

layerTime
0.011607269058
24.102362317
0.0411923499778
0.0124827108812
7.03079512203
0.0121149960905
0.0120141739026
6.65159536921
0.012090297183
0.0120266799349
0.0121660199948
42.5921557299
0.0144845840987
0.013252279954
0.0120476810262
27.0059629511
0.0124389890116
0.0120491308626

checksumTime
0.0112678289879
0.0116021130234
0.0124052339233
0.0117438631132
0.0119360969402
0.0119780891109
0.0116680171341
0.0120078099426
0.0119691188447
0.01187110506
0.0118095199578
0.0119004091248
0.0128933899105
0.0116716760676
0.0119421540294
0.0120240270626
0.0127920750529
0.0437303090002




layer number :  18
120.133392436
0.0891127940267

jsonTime
0.032695340924
3.00928042992
0.0206549922004
0.0176350700203
1.03891245602
0.0153926860075
0.0147651869338
0.60033934121
0.0148748438805
0.0144626630936
0.0134189100936
5.38618669892
0.020650489023
0.0147446610499
0.0152324561495
2.81709059794
0.019766233163
0.0146600590087

layerTime
0.0124859490898
23.9601054091
0.043063294841
0.0123905609362
6.93749226513
0.0120970390271
0.0120297190733
6.67267227801
0.0121019410435
0.0113893970847
0.0116721538361
42.2230455871
0.0124081240501
0.0120675929356
0.0120940918569
26.724806864
0.0133398598991
0.0120443438645

checksumTime
0.0120981619693
0.012119020801
0.0120109950658
0.0119682659861
0.012247602921
0.0118566940073
0.0121334698051
0.0118812529836
0.0116388069
0.0109873858746
0.0119849850889
0.0167574540246
0.01175069483
0.0128424470313
0.0173217230476
0.012908797944
0.012138202088
0.0310057241004




layer number :  18
118.690928997
0.0873723689001

jsonTime
0.0151534359902
3.16691110609
0.0215910989791
0.0230319991242
0.858631296083
0.0227556410246
0.0151800019667
0.580516422167
0.0150807159953
0.0144373748917
0.0147839931305
5.28245211579
0.0241178639699
0.0281836220529
0.0160514111631
2.94620378991
0.0189027399756
0.0147226010449

layerTime
0.0123202840332
23.5182952278
0.0420477678999
0.0124910729937
6.56821983191
0.0121065669227
0.0126367318444
7.09219900891
0.0121200720314
0.0120372870006
0.0119680839125
41.7552981472
0.012930664001
0.0122759528458
0.0121760170441
26.1404041762
0.0124993759673
0.0120378490537

checksumTime
0.012038938934
0.012796863215
0.0118258199655
0.0116572668776
0.011899335077
0.0116740041412
0.0119848779868
0.0122875419911
0.0118088989984
0.0118129770271
0.0117140221409
0.0168653989676
0.0119294989854
0.0119203219656
0.0121277358849
0.0122289438732
0.0116681400687
0.0419982019812




layer number :  18
117.393751886
0.0859025849495

jsonTime
0.0329935899936
2.94790796703
0.0227850959636
0.0154867940582
0.99612421589
0.0153422579169
0.0218622260727
0.577371689957
0.015201077098
0.014479118865
0.0149248740636
5.02258621785
0.0195062458515
0.0145589518361
0.0146050779149
2.81781988801
0.0188498690259
0.0145398699678

layerTime
0.0124708700459
22.880513981
0.0429757421371
0.0121816399042
7.18193092407
0.0123593800236
0.012161788065
6.45211109798
0.0123310550116
0.0118761542253
0.0119972201064
41.6601251871
0.0123993440066
0.0120000380557
0.0151104100514
26.089062219
0.0123042138293
0.0119673800655

checksumTime
0.0119666350074
0.0122305389959
0.0118304418866
0.0127132381313
0.011924816994
0.0118495139759
0.0116208868567
0.0124995200895
0.0117663359269
0.0117761928122
0.0117449129466
0.0119357970543
0.0117346891202
0.0116521171294
0.0126647159923
0.0118957899977
0.0136866490357
0.0387890730053




layer number :  18
119.303912278
0.0878889348824

jsonTime
0.0150584580842
3.1370250429
0.0209573130123
0.0157945761457
0.928615865065
0.0151128338184
0.0136281400919
0.708836608101
0.0156577839516
0.014790795045
0.0146033640485
5.06713148812
0.01861289097
0.0163702392019
0.0159159130417
2.82035136409
0.0183095519897
0.0156023011077

layerTime
0.0121711129323
23.9421715681
0.0424810359254
0.012110499898
6.98215695797
0.0123032541014
0.0119254968595
6.56858380698
0.0121169870254
0.0120795879047
0.0120828319341
41.7530299409
0.012578247115
0.0120987268165
0.0120572529268
26.6433429669
0.0126479789615
0.0120354068931

checksumTime
0.0119793480262
0.0115771400742
0.0118269019295
0.0121750049293
0.0117398831062
0.0113823269494
0.0116524840705
0.0121895370539
0.0121115569491
0.0116974229459
0.0118130450137
0.011951033026
0.014350507874
0.0139245290775
0.0117530219723
0.0184906970244
0.0118214790709
0.0426280770916




layer number :  18
120.539349415
0.0851848991588

jsonTime
0.0152939159889
3.17124269996
0.0217060800642
0.0156138269231
0.88819350698
0.0162717220373
0.0147820701823
0.726112544071
0.0150090148672
0.0207769919652
0.014635728905
5.42565964512
0.0301234370563
0.017079026904
0.0148123309482
2.91451031691
0.0214127469808
0.0155606819317

layerTime
0.0121821979992
23.3832685009
0.0412211979274
0.0121251610108
7.17757554422
0.0120935209561
0.0120908068493
6.2155055739
0.0120400420856
0.0120313230436
0.0119742790703
42.8287605019
0.0134672219865
0.0120839860756
0.0123507590033
27.0358033001
0.0128413329367
0.012089760974

checksumTime
0.0122051660437
0.012788532069
0.011744515039
0.0117806689814
0.0121082288679
0.0120309919585
0.0118199109565
0.0122151172254
0.0113802228589
0.0117220361717
0.0118512958288
0.0136768850498
0.0139727799688
0.011682278011
0.0118203561287
0.014061302878
0.0118510951288
0.0462684500962




