layer number :  28
145.16201785
0.216002685018

jsonTime
0.0310655368958
2.88641116302
0.0217182671186
0.0157980620861
0.804300537799
0.0160888601094
0.0154650048353
0.556924519828
0.0222463079263
0.014772084076
0.0147561931517
4.86537214601
0.0233595278114
0.0160223168787
0.0251627790276
2.94660585909
0.0189726331737
0.0148375970311
0.0154521469958
0.0155138140544
0.0146868070588
0.0228423390072
0.0147496098652
1.46547357598
1.301519898
0.0153565418441
0.0152657700237
0.0147609270643

layerTime
0.0123283741996
24.391609522
0.0409637109842
0.0121456158813
6.90094735706
0.0121070968453
0.0120124691166
6.60333605413
0.0121215300169
0.0120761930011
0.0119924170431
43.087029448
0.0139424339868
0.012490893947
0.0124581919517
26.699679252
0.0123263658024
0.0123361160513
0.012054058956
0.0121272709221
0.0121560648549
0.0121833500452
0.0120635980275
10.3908905471
10.9968528999
0.0120839350857
0.0121200908907
0.0120356469415

checksumTime
0.011902847793
0.0123094299342
0.0118282949552
0.0117511041462
0.0119082180317
0.0117131571751
0.0119744560216
0.0118733290583
0.0122011459898
0.011785112787
0.0117365969345
0.0152119940612
0.0117660711985
0.0119007350877
0.0120471909177
0.0121071839239
0.0117750060745
0.0117895910516
0.012868587859
0.0121906071436
0.0120755489916
0.0118083800189
0.0117360970471
0.0116707510315
0.0115847981069
0.0127526200376
0.0115958640818
0.0473665839527




layer number :  28
145.576880585
0.113544146996

jsonTime
0.0327943600714
2.9535614918
0.0217242301442
0.0156950890087
0.821886122925
0.0151792629622
0.0147363869473
0.724711525952
0.0159295951016
0.0157292450313
0.0157329670619
5.36384969321
0.0226539608557
0.0151686500758
0.0154450777918
2.734524264
0.0202565579675
0.0147815661039
0.0149466041476
0.0147525940556
0.0220353640616
0.0158990330528
0.0147377368994
1.29716600687
1.31087403512
0.0256344610825
0.0148885040544
0.0147619401105

layerTime
0.0124033088796
23.9730960671
0.0421176338568
0.0121114919893
7.17743839417
0.0122664601076
0.0120693910867
6.82433590898
0.0121329519898
0.0121874918696
0.0122750550508
42.5928548048
0.0146746090613
0.0122419840191
0.0120963880327
26.58708163
0.0124665719923
0.0120681100525
0.0119672629517
0.0120428109076
0.0121531730983
0.0121675499249
0.0130781601183
10.6581741821
11.394864117
0.0118138068356
0.0127111449838
0.0119909739587

checksumTime
0.0119736981578
0.0122090049554
0.0117389119696
0.0117123681121
0.0118733048439
0.0116535669658
0.0117208450101
0.0119875399396
0.0119935220573
0.0118408550043
0.0119374038186
0.0156084171031
0.0118078610394
0.0139919270296
0.0117547439877
0.0130419391207
0.0117757539265
0.0118502918631
0.0118390698917
0.0117142680101
0.0119925749023
0.0118233331013
0.0120533609297
0.0117886189837
0.0119018629193
0.0119322440587
0.0112195808906
0.048919999972




layer number :  28
144.856415759
0.116291020997

jsonTime
0.0152941748966
3.16860409896
0.0213933389168
0.016159402905
0.901475918014
0.0153847751208
0.0146736749448
0.603992548073
0.0151865431108
0.0147967929952
0.0147315529175
4.8860139132
0.0230774627998
0.0152649469674
0.0152616179548
2.77165372018
0.0196372899227
0.0147817409597
0.0239448088687
0.0148698079865
0.0168226410169
0.0146113079973
0.0145523389801
1.534894004
1.32189564104
0.0168246368412
0.0304418960586
0.0159079770092

layerTime
0.0122404701542
24.0633960611
0.0419654780999
0.0121357450262
6.78334422992
0.0121964889113
0.0123022608459
6.6310705191
0.0120573979802
0.0120546931867
0.0122505230829
42.6161411558
0.0125962891616
0.0121830659918
0.0121917899232
27.303887388
0.0123315211385
0.0120403969195
0.012174293166
0.0120595609769
0.0120814349502
0.0120126069523
0.0124759520404
10.4968513681
10.610244964
0.012275964953
0.0122995288111
0.0122128070798

checksumTime
0.0119612258859
0.0123666580766
0.0117397529539
0.0119093901012
0.0118965399452
0.011774524115
0.012286555022
0.0118791048881
0.0122080368455
0.0188223069999
0.0117644187994
0.0121476561762
0.0120295169763
0.0119587450754
0.0118946449365
0.0118849379942
0.01203755592
0.0159539191518
0.0118243668694
0.0164053440094
0.0117534841411
0.0116739070509
0.0121208168566
0.0115391889121
0.0118696871214
0.0119347991422
0.0119775810745
0.0485945739783




layer number :  28
142.955463632
0.117784913164

jsonTime
0.0152468660381
3.16308691306
0.0301611961331
0.0181956188753
0.995393421035
0.0151799248997
0.014869130915
0.589868674055
0.0150202049408
0.0147541051265
0.0145858870819
5.01844925806
0.0187467120122
0.0152447239961
0.0157364280894
2.87603263999
0.018766081892
0.0156424350571
0.0152914251667
0.0162043590099
0.0222841450013
0.0149157501291
0.0144175451715
1.42545423796
1.31816161983
0.0168935030233
0.0148727910127
0.0147301121615

layerTime
0.0122200839687
23.41663187
0.0818922298495
0.0123028950766
6.48084546998
0.0117742109578
0.012023222167
6.69195111305
0.0119515410624
0.0120218668599
0.012223708909
42.253724539
0.016928085126
0.0123024089262
0.0122811598703
26.7028695941
0.0123804719187
0.0122783000115
0.0119972869288
0.0122535179835
0.0122399309184
0.0116339819506
0.0120478388853
10.266249931
10.574681116
0.012097558938
0.0119932019152
0.0119923730381

checksumTime
0.0119748660363
0.0128364169504
0.0119954701513
0.0120589248836
0.0122277671471
0.011973981047
0.0116692138836
0.011956050992
0.011736946879
0.0117428209633
0.0117200880777
0.0117780689616
0.013369288994
0.0120610350277
0.0120100339409
0.012018409092
0.0128414670471
0.0127835578751
0.0157895809971
0.0119967900682
0.0117908229586
0.0113286948763
0.0117464670911
0.0121089001186
0.0127116260119
0.0117385881022
0.0116647749674
0.0433322677854




layer number :  28
142.258996426
0.131009998033

jsonTime
0.0155203209724
3.06649230397
0.023098545149
0.0159963800106
0.94188067806
0.0154937719926
0.013920562109
0.577856303891
0.0149267800152
0.0151556159835
0.0148813510314
4.89129578299
0.0181436690036
0.0210475178901
0.0136149590835
2.91433475679
0.0186013539787
0.0158910029568
0.0147026560735
0.022753240075
0.0154835418798
0.0148996869102
0.0148124941625
1.31935169897
1.3840053631
0.015604488086
0.0158190429211
0.0316415100824

layerTime
0.0122499959543
23.697417839
0.0409285249189
0.0120689359028
6.61589170387
0.0120483960491
0.0121129259933
6.54373976402
0.0120832298417
0.0120767399203
0.0120632830076
41.5947721929
0.0115762830246
0.011166438926
0.0111486189999
26.6131657171
0.0124428798445
0.0130391821731
0.0122026270255
0.0116432679351
0.0117024730425
0.012005780125
0.0120880908798
10.273774616
10.663071102
0.0121369869448
0.0122739849612
0.0123987239785

checksumTime
0.0119378371164
0.0119383789133
0.0119157640729
0.0117420370225
0.0120396020357
0.0115339579061
0.0120647270232
0.0120324240997
0.0118456920609
0.0120811280794
0.0118202080484
0.0122972871177
0.0108967430424
0.0108459270559
0.0109617470298
0.0120411231183
0.0135556450114
0.012183843879
0.0142226838507
0.0115067451261
0.0116408050526
0.0117347978521
0.0118008430582
0.0118640710134
0.0118903759867
0.0120863940101
0.0119824199937
0.05434655305




layer number :  28
144.266664402
0.113221717998

jsonTime
0.0156133160926
2.70573257399
0.0216073461343
0.0157009568065
0.896074559074
0.0159445540048
0.0145892458968
0.653489534045
0.0149867229629
0.015470509883
0.0164673270192
5.07270239992
0.0198545271996
0.0159829182085
0.0158858620562
2.95604448393
0.0206663040444
0.0179695598781
0.014807085041
0.0149005400017
0.0222588421311
0.0151268090121
0.0144741230179
1.47037103586
1.27219706099
0.0159814381041
0.0147786911111
0.0147336348891

layerTime
0.0123447149526
23.5981474582
0.0402830368839
0.0121490331367
7.0261658798
0.0121135490481
0.01197490911
6.43485072209
0.0121293819975
0.0122788620647
0.0123617299832
42.2738993221
0.0124382919166
0.0122895448003
0.0121801029891
26.6315833819
0.0124705319759
0.0135349431075
0.0120016930159
0.0121242951136
0.0121172149666
0.0120371349622
0.0121761530172
10.749973594
11.3829766361
0.011935178889
0.0122092589736
0.0120467040688

checksumTime
0.0119453819934
0.0123190188315
0.0117518841289
0.0121419089846
0.0118161151186
0.011859789025
0.0117291398346
0.0118629368953
0.0119354980998
0.0120084029622
0.0119155300781
0.0129626188427
0.0117220978718
0.0119817741215
0.0120078329928
0.0156239659991
0.0119238151237
0.0118608740158
0.0118335788138
0.0117655538488
0.01172782504
0.0114436359145
0.0121947401203
0.0110683201347
0.0128870608751
0.0117192249745
0.0117215630598
0.0598284450825




layer number :  28
142.103590282
0.113841875922

jsonTime
0.0317990090698
3.05151751405
0.0285770909395
0.0158045049757
0.918619998032
0.0152789549902
0.0146497897804
0.581526692025
0.0147621319629
0.0146252538543
0.0216965719592
4.94232512289
0.0186375728808
0.0228036982007
0.0150104979984
2.66672448209
0.0222438869532
0.0151717751287
0.0152431640308
0.0229101299774
0.0155245671049
0.0153787850868
0.0158374488819
1.50543871894
1.255592637
0.015004494926
0.0147609019186
0.0318867361639

layerTime
0.0121384719387
24.084590171
0.0413374758791
0.0128282250371
6.85322651314
0.011628906941
0.0120618080255
6.16716158902
0.0123299800325
0.0120172000024
0.012165625114
41.970952173
0.0125038709957
0.0121580809355
0.0120049668476
26.3447850409
0.0158193451352
0.0121827400289
0.0119495459367
0.0122554041445
0.0119808081072
0.0124232808594
0.0121863249224
10.362955665
10.220464644
0.0123011069372
0.0120350620709
0.0127211029176

checksumTime
0.0117966739926
0.0119320300873
0.0118768061511
0.0111344538163
0.0116302829701
0.0114762871526
0.0119344401173
0.0121223239694
0.0115222970489
0.0118172650691
0.0118419739883
0.0119730611332
0.0118107849266
0.0117403350305
0.0137075250968
0.0118827659171
0.0122553098481
0.0125731739681
0.0118142249994
0.0117740707938
0.0116655018646
0.0118939231616
0.012027209159
0.0114528620616
0.0121893950272
0.01171750715
0.0119267418049
0.0450582359917




layer number :  28
141.620541164
0.113705341006

jsonTime
0.0160819359589
2.84825745504
0.0234125491697
0.0163203959819
0.834513456095
0.0155657748692
0.0147536599543
0.581738964189
0.0147796331439
0.0218083180953
0.0152019069064
4.96756531089
0.0262500420213
0.0159896630794
0.0157421359327
2.92684752494
0.0197715868708
0.0159606139641
0.022069754079
0.0149575690739
0.0147682661191
0.0147701939568
0.0148412550334
1.47024182207
1.33232607204
0.0155306758825
0.0226747950073
0.0147816329263

layerTime
0.0123051139526
23.5866497529
0.048055077903
0.0121870229486
6.32137102587
0.0123939791229
0.0119907071348
6.12783982186
0.0120448339731
0.0121268508956
0.0121026851702
41.8257076791
0.0128799411468
0.0122346030548
0.0122821459081
26.659757372
0.0125527400523
0.0120727601461
0.0121353359427
0.011979379924
0.0120330150239
0.0120712558273
0.0120666199364
10.7420064129
10.234067054
0.0120692020282
0.0121946218424
0.0120435690042

checksumTime
0.0119791680481
0.0124065990094
0.0117000590544
0.0116850759368
0.0119907432236
0.0120976748876
0.0117536818143
0.0119803589769
0.0120727729518
0.01213942701
0.0118659739383
0.0158437849022
0.0120540508069
0.0119931360241
0.0120177040808
0.0140025541186
0.012938773958
0.0117041009944
0.0118309638929
0.0117381529417
0.0118594830856
0.0117719310801
0.0119743889663
0.0118432850577
0.0123074620496
0.0117535691243
0.0115058941301
0.0505576978903




layer number :  28
139.747599701
0.115243258886

jsonTime
0.0154649359174
2.6575922682
0.0220104160253
0.0161269519012
0.856778207934
0.0266149749514
0.0145322761964
0.561223710887
0.014964710921
0.0144403150771
0.0145587918814
4.66930716811
0.0216464798432
0.0228087580763
0.0149070010521
2.63519341312
0.0193645081017
0.0154648199677
0.0156415379606
0.0165770088788
0.0317599971313
0.0159072510432
0.015851578908
1.45391941513
1.28319485788
0.0155813139863
0.0151992659084
0.0156314850319

layerTime
0.0123023730703
23.3281274589
0.0440971560311
0.01227985695
6.61118108104
0.0121149548795
0.011990174884
5.79700358305
0.0120514789596
0.0119661558419
0.0119976259302
41.74651418
0.0125028290786
0.0134335679468
0.0119678410701
26.5129692089
0.0123479829635
0.0121098768432
0.0116409191396
0.0124793590512
0.0124213478994
0.0121556869708
0.0123207811266
10.3372640461
10.1131788271
0.0120081400964
0.0120080879424
0.0122108149808

checksumTime
0.0120046078227
0.0118887329008
0.0116856060922
0.0117360970471
0.0119099461008
0.0119814909995
0.0116880061105
0.0121524240822
0.0117243200075
0.0118010581937
0.0116970699746
0.0166528790724
0.0118219030555
0.0215592938475
0.0117432039697
0.0119533089455
0.0129186341073
0.0129200650845
0.0120494989678
0.0119929809589
0.0122936249245
0.0119684061501
0.0119307967834
0.0118897079956
0.0121592779178
0.0128324399702
0.0116302401293
0.0561848098878




layer number :  28
142.72175578
0.113110461039

jsonTime
0.0153113589622
3.01276473305
0.0216723389458
0.0157871481497
0.843660093844
0.015191309154
0.0147316041403
0.564928180072
0.0151501030196
0.0150427219924
0.0217840361875
4.90800233395
0.0274944701232
0.0158160140272
0.0155968379695
2.5906592689
0.0262552360073
0.0146626688074
0.0145644959994
0.0145322300959
0.0144744620193
0.0217652688734
0.014696017839
1.33678949997
1.3159096879
0.0414448392112
0.0154146619607
0.0148871780839

layerTime
0.0122940901201
23.816577628
0.0424964020494
0.0121236280538
7.06871554418
0.0120302799623
0.0120032308623
6.18302170397
0.0123245101422
0.0120094399899
0.0121192899533
41.8410881308
0.0124722288456
0.0121106260922
0.0120239630342
26.8267532331
0.0118288360536
0.0119640321936
0.0121265361086
0.0119585350621
0.0119063491002
0.0120314680971
0.0119237781037
10.827340431
10.420039091
0.0124872729648
0.0119010270573
0.0120905658696

checksumTime
0.0120031819679
0.0122086110059
0.0119758688379
0.0117168789729
0.0118337927852
0.0120597379282
0.0120148439892
0.0119786369614
0.0116715829354
0.0117577828933
0.0118268220685
0.0158275540452
0.0137165240012
0.0118139619008
0.0117200361565
0.0119356638752
0.0117459080648
0.0116701629013
0.0116502027959
0.0116563278716
0.011631174013
0.0116999340244
0.0116476339754
0.0129477460869
0.0174812648911
0.0127897548955
0.0117273340002
0.0384069280699




