layer number :  15
72.0097059731
0.0807006550021

jsonTime
2.16128736385
0.0151209561154
3.02239723387
0.0166712878272
0.149348804029
0.483753598062
0.0420328509063
0.015591646079
0.0151238979306
0.0172652772162
0.0256953618955
0.02196601592
0.0147109879181
0.0148070370778
0.0157032900024

layerTime
22.4452707241
0.0121041298844
33.730272226
0.0121627401095
1.54025967815
7.83080419991
0.0122259040363
0.0121865449473
0.0120876980945
0.0118349459954
0.0116513490211
0.0121527910233
0.0120167329442
0.0119616040029
0.0122817719821

checksumTime
0.012296421919
0.0118674391415
0.0121724160854
0.011742364848
0.0121287989896
0.0119422939606
0.0118028819561
0.0118042561226
0.0154430398252
0.0117568220012
0.0118005459663
0.0120185441338
0.0117318120319
0.0121924700215
0.0367948829662




layer number :  15
69.5129481649
0.0765982128214

jsonTime
2.0894644428
0.0157741459552
2.70428487984
0.0168784309644
0.139795195777
0.490972714033
0.0175003660843
0.017397713149
0.016465353081
0.0173080959357
0.0345121540595
0.0158062069677
0.0156127728987
0.0157205439173
0.0157387771178

layerTime
20.6734282151
0.0121900220402
33.024610803
0.012108203955
1.912432048
7.84979227209
0.0123532970902
0.0123486299999
0.0123171438463
0.0126003080513
0.0125253950246
0.0122217540629
0.0122077569831
0.0122346309945
0.0122349679004

checksumTime
0.0138586889952
0.0118187020998
0.0120030860417
0.0116481222212
0.0119818560779
0.0121098598465
0.0119658987969
0.0120233949274
0.0119380070828
0.0119528940413
0.0119612589478
0.0119873499498
0.0118887880817
0.0119309150614
0.0378419570625




layer number :  15
71.0921454399
0.105121364119

jsonTime
2.07282950007
0.015469860984
2.77010428812
0.018111956073
0.162638249109
0.434053400997
0.0370601289906
0.0154709238559
0.0225155029912
0.0154415939469
0.0207981260028
0.0146620280575
0.0153368469328
0.015875965124
0.0327046101447

layerTime
22.5165764031
0.0131582338363
32.9491347719
0.0122821019031
1.80522674602
7.69096835004
0.0121631370857
0.0123802451417
0.0120934678707
0.011991441017
0.0177292388398
0.0121091119945
0.012104799971
0.0122593229171
0.0124316238798

checksumTime
0.0125231570564
0.0130099209491
0.0124923230615
0.0118594339583
0.0118871959858
0.0119265238754
0.0117581670638
0.0116996529978
0.0117130430881
0.0117670490872
0.0131950669456
0.0117833190598
0.011933397036
0.0119619139004
0.040960052982




layer number :  15
69.8143721458
0.0785844728816

jsonTime
2.16340184095
0.0161455760244
3.40653729788
0.0235304601956
0.140777432825
0.419513528934
0.019010293996
0.0164229869843
0.0150374779478
0.0225042288657
0.0153273269534
0.0146937530953
0.0148281259462
0.0160579050425
0.031354061095

layerTime
21.6505819641
0.0122707660776
32.0558642091
0.0120431738906
1.67087849695
7.66658740188
0.0121255568229
0.0121065708809
0.012108164141
0.0121700309683
0.0121581899002
0.012028286932
0.011988747865
0.0122209959663
0.0123130208813

checksumTime
0.0123767817859
0.0120283500291
0.0119534449186
0.0117810601369
0.0119197152089
0.0121063261759
0.013333008159
0.0117727350444
0.0117815160193
0.0115342161153
0.011715258006
0.0117201851681
0.013844873989
0.0119336850476
0.0426718429662




layer number :  15
70.7129549559
0.0776309908833

jsonTime
2.08718210203
0.0159382019192
2.64103160403
0.0228064318653
0.161770066014
0.491297144908
0.0313005130738
0.0171106050257
0.0163552039303
0.0170957511291
0.0174347991124
0.0292047390249
0.0156949718948
0.0161316629965
0.0154068700504

layerTime
22.1803411969
0.0123978911433
32.693114311
0.012327583041
1.88458201895
7.93129077298
0.0123008410446
0.0122997369617
0.0123061260674
0.0122511719819
0.0123493459541
0.0123284610454
0.0122936451808
0.0122328710277
0.0148443430662

checksumTime
0.0117699259426
0.0120529909618
0.0117509081028
0.0118651520461
0.0120094730519
0.0121353629511
0.0121090279426
0.011872044066
0.0119284449611
0.0119512218516
0.0119327779394
0.0119203720242
0.011862432817
0.011924010003
0.03444635286




layer number :  15
70.6267505069
0.0743191589136

jsonTime
2.07004039804
0.0159727409482
3.37718402199
0.0162270190194
0.160749603063
0.482149735093
0.0330664250068
0.0176808258984
0.0164449280128
0.0181213282049
0.0181212450843
0.0156381500419
0.0315091658849
0.015646048123
0.0163993390743

layerTime
22.7870321739
0.0121700281743
31.4778681509
0.0123832100071
1.8965387221
7.73722287198
0.0123867748771
0.0122798711527
0.0125203139614
0.0122393148486
0.0122993830591
0.01223156997
0.0122516211122
0.012209312059
0.0122134019621

checksumTime
0.012136708945
0.0118968309835
0.0120459028985
0.0119405509904
0.0121042749379
0.0120053549763
0.0120064860675
0.0119064089376
0.0119230309501
0.0119258819614
0.0119051639922
0.0118928039446
0.0119520518929
0.0119255769532
0.0353821399622




layer number :  15
70.5065505251
0.0759697421454

jsonTime
1.97272432107
0.016449888004
3.33593548695
0.0162325520068
0.140924994135
0.430290451972
0.0171463969164
0.0175987379625
0.0164303979836
0.0335768710356
0.01823741314
0.0157435960136
0.0155558900442
0.0156081940513
0.0314412610605

layerTime
22.2139811369
0.0120526149403
32.2015728801
0.012435853947
1.67403122992
7.89553039987
0.0122595659923
0.0123371039517
0.0123069118708
0.0123022280168
0.0123170090374
0.0135427040514
0.0121301100589
0.0122093739919
0.0123445817735

checksumTime
0.0120909509715
0.0115456720814
0.0120383088943
0.0116587399971
0.0118351681158
0.0119952901732
0.011875173077
0.0119113971014
0.0119511389639
0.0119493049569
0.0118767479435
0.0124845728278
0.0119158709422
0.011919755023
0.0376863181591




layer number :  15
71.799233756
0.0783096870873

jsonTime
2.14321558806
0.0150017358828
2.94085212122
0.0231565260328
0.154733414995
0.498948998982
0.03067113203
0.0167898349464
0.0171060701832
0.0166264218278
0.0171615921427
0.0281938759144
0.0151344249025
0.0154138649814
0.0160942440853

layerTime
22.158263478
0.0121195509564
33.4253537748
0.012678058818
1.90620724298
7.93378447089
0.0129155397881
0.0122398950625
0.0122455388773
0.0121309619863
0.0121416910551
0.0121829470154
0.0114160680678
0.0122393209022
0.0122606949881

checksumTime
0.0120786521584
0.0120450039394
0.0115563841537
0.0117700311821
0.01264382503
0.0124559591059
0.0119045020547
0.0142821369227
0.0119271031581
0.0117883849889
0.0117514808662
0.011776083149
0.0118265210185
0.011960658012
0.0331383259036




layer number :  15
70.6592933491
0.0790649510454

jsonTime
2.106604459
0.0143714710139
2.956775347
0.0169577798806
0.151128230151
0.480802634964
0.0179543599952
0.0173933578189
0.0165865980089
0.0172564198729
0.0336056109518
0.01647477597
0.0156996338628
0.0172886289656
0.0155978919938

layerTime
22.5400997919
0.0123103510123
32.5902412902
0.012266931124
1.89392081299
7.310255524
0.0123148399871
0.0124848890118
0.0122603818309
0.0123539620545
0.0124331971165
0.0122639839537
0.0122419840191
0.0122995998245
0.012265374884

checksumTime
0.0121701040771
0.01196243288
0.013339933008
0.0116853758227
0.0121259489097
0.0130625560414
0.0119924601167
0.011928174179
0.0119462581351
0.0119397139642
0.0119306519628
0.0119580591563
0.0119442441501
0.012101712171
0.0349211171269




layer number :  15
70.612312302
0.0772762368433

jsonTime
1.74311966496
0.0151497218758
2.93293230305
0.0169204708654
0.136611087946
0.408411132172
0.0153340292163
0.0175062769558
0.0166885750368
0.0335468419362
0.0180373240728
0.0156726869754
0.0164867548738
0.0159091090318
0.0335562878754

layerTime
21.908333794
0.0120849621017
33.2238836489
0.0121378840413
1.68276566383
7.919240413
0.0121599549893
0.0125234171283
0.0122551880777
0.0124900781084
0.0124246089254
0.0122932549566
0.0123989640269
0.0124107059091
0.0142564931884

checksumTime
0.0127235050313
0.0120865809731
0.012093844125
0.0118110391777
0.0119260400534
0.0118270497769
0.012149205897
0.0119526858907
0.0119187468663
0.0120851290412
0.0120643959381
0.0120079421904
0.012009219965
0.0176594171207
0.0424331519753




