layer number :  24
96.2705550948
0.101939189946

jsonTime
2.91120509407
0.0217182838824
0.0156866409816
0.0146184789483
0.0154063808732
0.0219008310232
1.14826432988
0.0153494430706
0.0156647039112
0.0152629851364
0.0399214380886
0.0167526497971
0.0181613781024
0.0172724239528
0.0168205711525
0.0321727681439
0.0322969849221
0.0167979060207
0.0161300320178
0.0156798160169
0.0317156440578
4.05008761398
1.36342764087
0.286563822068

layerTime
23.3546403481
0.0425402019173
0.0121296539437
0.0120831979439
0.0120789520442
0.0123947439715
7.70883287606
0.0119352648035
0.0120721929707
0.0121098938398
0.0292679599952
0.0122674622107
0.0122223999351
0.01230309112
0.0125560169108
0.0123095808085
0.286804770119
0.0123175780755
0.0122307550628
0.0122369129676
0.0125172298867
39.166011268
10.9507366351
3.95487086289

checksumTime
0.0126649190206
0.0118071371689
0.0117098870687
0.0118488881271
0.0120516379829
0.0120115980972
0.011996279005
0.012027528137
0.011708582053
0.0121450410224
0.0119170120452
0.0121993687935
0.0119435840752
0.0118981588166
0.0119157040026
0.0119358410593
0.0120343109593
0.0119424338918
0.0119405640289
0.011939059943
0.0119007870089
0.0120206160937
0.0132077508606
0.0427149790339




layer number :  24
96.3126308089
0.102646969957

jsonTime
2.94266347005
0.0215950480197
0.0229399160016
0.0147478231229
0.0147067240905
0.0147910530213
0.843299483182
0.0149836728815
0.0162616099697
0.0156310310122
0.0247921110131
0.01675458299
0.0333584048785
0.0175458460581
0.0174389691092
0.0165887980256
0.0522893897723
0.0179194379598
0.0163783740718
0.0166450538673
0.0158551400527
4.03820295399
1.10265503009
0.278219422791

layerTime
23.6404904928
0.042422400089
0.012220979901
0.0119437358808
0.0118800851051
0.0119564519264
7.75798843894
0.0120603002142
0.0121596991085
0.0120732150972
0.0286292009987
0.0123333418742
0.0124689750373
0.0122890649363
0.012234749971
0.0123019278981
0.283969698008
0.0122495160904
0.011848710943
0.0160645849537
0.0122948430944
39.6932466119
10.8935740748
3.75562488218

checksumTime
0.0124949680176
0.012711432064
0.0118359769695
0.0117480219342
0.0117055438459
0.0118916200008
0.0113786379807
0.0117509718984
0.011836117832
0.0117989340797
0.0120007109363
0.0119623271748
0.0119874239899
0.0119966249913
0.0118120789994
0.0118847971316
0.0119936540723
0.0119795990176
0.011783892056
0.0116971440148
0.01199605898
0.0139477350749
0.0129300411791
0.0415163198486




layer number :  24
96.2187907859
0.10253056488

jsonTime
2.96366766584
0.0207684270572
0.0154649899341
0.0147109231912
0.0224449948873
0.0147578341421
1.100521432
0.0154094148893
0.0223021579441
0.0155305350199
0.0190967880189
0.0149534381926
0.016069317935
0.0329895620234
0.0169359480496
0.0167950750329
0.0323365221266
0.0169090919662
0.0317181060091
0.0158845940605
0.0156216479372
4.10498232511
1.35471843719
0.284404500155

layerTime
23.3183463681
0.0415042480454
0.0124475150369
0.0119828928728
0.0122895361856
0.0121111399494
7.68150675204
0.0119872021023
0.0121788550168
0.0121017929632
0.0182314161211
0.0120363759343
0.0121338721365
0.0124452479649
0.0123348620255
0.0122348479927
0.28891056194
0.0125433800276
0.0125846099108
0.0122747968417
0.0122526779305
39.2422213999
11.0667281779
3.76642958494

checksumTime
0.0114619259257
0.0117996789049
0.0117804659531
0.0119508970529
0.01179722487
0.0117795430124
0.0119218989275
0.0118424640968
0.0118321399204
0.0119672049768
0.0119591418188
0.0117422079202
0.0117375550326
0.0120086949319
0.011975124944
0.0119333248585
0.0120340811554
0.0122332288884
0.0119437391404
0.0119485801551
0.0119650040288
0.0141825908795
0.0147427548654
0.0284735169262




layer number :  24
96.4527885928
0.118541165954

jsonTime
3.0723613149
0.0289662498981
0.0153918210417
0.0155359010678
0.0155969050247
0.0154282450676
1.17403493891
0.0151343951002
0.0152007150464
0.0169573491439
0.039620049065
0.0167574561201
0.0170314470306
0.0170160599519
0.016571943881
0.0323122050613
0.0322999460623
0.0166976980399
0.0163038971368
0.0156682829838
0.0314695651177
4.10934132687
1.22112884419
0.289976824075

layerTime
23.7319815771
0.0409873351455
0.0121264990885
0.0122873978689
0.0122894800734
0.0123219210654
7.59849443217
0.0119646128733
0.0119532160461
0.0122632719576
0.0290788919665
0.0121448880527
0.0121743751224
0.0122112908866
0.0121449809521
0.0120151201263
0.286250879988
0.0121864469256
0.0121244380716
0.0121675080154
0.0123850889504
38.8662754709
10.9922093209
4.017902805

checksumTime
0.0123104460072
0.0121373957954
0.0119507089257
0.0119299660437
0.0119250789285
0.0120931318961
0.0119186548982
0.0118961259723
0.0116312599275
0.0119244968519
0.0118942409754
0.0119264088571
0.0118445060216
0.0120338471606
0.011854480952
0.0119017518591
0.0119223850779
0.0118708398659
0.0118470648304
0.0118452790193
0.0119028510526
0.0129902500194
0.0134065640159
0.0318016908132




layer number :  24
94.898422776
0.117766848998

jsonTime
2.60834053694
0.0220211350825
0.0233074161224
0.0147716167849
0.014573368011
0.0148530420847
1.13759160298
0.0153194242157
0.0153327269945
0.0156861857977
0.0192985369358
0.0325934600551
0.0175294950604
0.0172729440965
0.0174422848504
0.0166099069174
0.0524924499914
0.017988502048
0.0155323261861
0.0163760688156
0.0159848548938
4.0834909291
1.16409350699
0.289745613933

layerTime
23.145548031
0.0426819510758
0.0122551550157
0.0120492901187
0.0121035180055
0.0120642029215
7.69393595099
0.0119843729772
0.0120007609949
0.0125531160738
0.0183412979823
0.0123225969728
0.0122424250003
0.0122796250507
0.0123687540181
0.0117691759951
0.286011575954
0.012212122092
0.0121657720301
0.012278012
0.0123971099965
38.913981498
10.7472532769
3.74923139391

checksumTime
0.0126402059104
0.0119987768121
0.0117698530667
0.0117843619082
0.0118249859661
0.0118223871104
0.0128989669029
0.0118664370384
0.0116572179832
0.0122739160433
0.0119474180974
0.0119348829612
0.011868954869
0.0118651939556
0.0119529131334
0.0116309160367
0.0121269549709
0.01194901485
0.0119342079852
0.0118684160989
0.0119652340654
0.0133568840101
0.0135825581383
0.0411226511933




layer number :  24
95.2534468661
0.182910094969

jsonTime
2.86642403714
0.0214984060731
0.0153852058575
0.0144243459217
0.0219798488542
0.014667268144
1.03950983402
0.0152425130364
0.0156739270315
0.0152614240069
0.0192603617907
0.0226028091274
0.0154368698131
0.017467160942
0.0168472849764
0.0165036600083
0.0514481060673
0.0173280609306
0.0156893560197
0.0157484838273
0.0157757338602
4.38083065208
1.10513674701
0.281341379974

layerTime
23.2047320488
0.041661321884
0.0124791981652
0.0120259779505
0.012213105103
0.0120357128326
7.28588297497
0.0119642519858
0.0121108940803
0.0120884529315
0.018652764149
0.0122077579144
0.0121289750095
0.0122494250536
0.0122432070784
0.0121713711414
0.294687725836
0.012265192112
0.0122007750906
0.0122546351049
0.0122254821472
39.171879977
10.7421299901
3.75143713597

checksumTime
0.0119789240416
0.0117841281462
0.0118765139487
0.0117754491512
0.0117783469614
0.0120918611065
0.0191136510111
0.0119251878932
0.0117665149737
0.0121776331216
0.0116137838922
0.011800032109
0.0117487320676
0.011934424052
0.0119083328173
0.0119892009534
0.0118938521482
0.012161251856
0.011943598045
0.0119099300355
0.0119851888157
0.0119588049129
0.0118235910777
0.0414870330133




layer number :  24
96.69145092
0.103520367062

jsonTime
3.08373006596
0.0207680049352
0.0152660808526
0.0154344250914
0.0219267099164
0.0147145888768
1.127812322
0.0260609660763
0.022955291206
0.0156718809158
0.0188876721077
0.016628151061
0.0174346310087
0.0332905121613
0.0169218650553
0.0170440939255
0.0328131979331
0.0167480628006
0.0315047879703
0.0156679281499
0.0156795450021
4.0534851281
1.11329321703
0.287930179853

layerTime
23.5798311802
0.0405926669482
0.0124875181355
0.0120109401178
0.0121293810662
0.0127199480776
7.68333307095
0.0121149320621
0.0120538289193
0.0124993140344
0.0194818559103
0.0122780569363
0.0122348910663
0.012291139923
0.012225239072
0.0118060649838
0.285174672026
0.0123071891721
0.0124064420816
0.0119328459259
0.012341309106
39.343384403
11.1119083359
3.93921450013

checksumTime
0.0120885409415
0.0124469201546
0.0118881908711
0.0117235030048
0.0118023909163
0.0148883031216
0.0119597469456
0.0120566717815
0.0121437320486
0.0119994219858
0.0119306258857
0.0119694541208
0.0119575958233
0.011917399941
0.0119356389623
0.0118914761115
0.0119403970893
0.0119302188978
0.0119460888673
0.0116864179727
0.0119390168693
0.0157366818748
0.0129424592014
0.0442198298406




layer number :  24
95.652099706
0.101985832909

jsonTime
3.05918750493
0.024076749105
0.0157114590984
0.0145641728304
0.0144411639776
0.0220232051797
0.849256387912
0.0153020331636
0.0156114241108
0.0153984590434
0.0261811511591
0.0152099730913
0.0154128719587
0.0154698039405
0.0158380679786
0.0222289250232
0.0252078848425
0.0167104548309
0.0157059610356
0.0156551678665
0.0310759660788
4.30108659598
1.06559360307
0.276138375048

layerTime
23.36874192
0.0407222758513
0.0120348990895
0.0119863101281
0.0119905681349
0.0121579729021
6.98574335198
0.0120235290378
0.0120967919938
0.0120209439192
0.0182890440337
0.0120404888876
0.012404010864
0.0120566519909
0.0121137020178
0.0120643910486
0.210684338119
0.0122807971202
0.0122315781191
0.0122738599312
0.0123729319312
39.378351623
11.365154682
3.75391654903

checksumTime
0.0118391830474
0.0125348309521
0.011717366986
0.0116401938722
0.0116701158695
0.01171747013
0.0120160758961
0.0117524468806
0.0117611938622
0.0117353349924
0.0120218908414
0.0117368442006
0.011862551095
0.011798286112
0.0117823018227
0.0119898121338
0.0119972820394
0.0120034508873
0.0119280170184
0.0115234290715
0.0119333770126
0.0131468609907
0.0121795369778
0.0462239540648




layer number :  24
96.6989694701
0.10328552709

jsonTime
2.99846765306
0.0222692859825
0.0256415437907
0.0158093550708
0.0156309800223
0.0156166141387
1.18816799601
0.0154536350165
0.0161694861017
0.0154509230051
0.0189618079457
0.017872086959
0.0331353060901
0.0170879359357
0.0168384499848
0.0165352369659
0.0514020859264
0.0168823390268
0.0155043869745
0.0154869949911
0.0153454758693
4.470025894
1.07308776514
0.271346581168

layerTime
23.3340630871
0.0415522169787
0.0131782600656
0.0123436229769
0.0122524278704
0.0122588309459
7.49287131499
0.0130891739391
0.012043292867
0.0120780919679
0.0181412850507
0.0117083289661
0.012408566894
0.01230020402
0.0124914571643
0.0122927199118
0.283270359971
0.0122265929822
0.0123653728515
0.0120838459115
0.0121186431497
39.4476169201
11.0647407239
4.01483901194

checksumTime
0.0122302100062
0.01182716107
0.0120885770302
0.0119906070177
0.0121358379256
0.0119989230298
0.0121389459819
0.0121137120295
0.0119271310978
0.011688162107
0.0117087599356
0.012183469953
0.0119381961413
0.0118999739643
0.0119103519246
0.0119156010915
0.0119443980511
0.0118492441252
0.0120880671311
0.0118424741086
0.0118128499016
0.01200176985
0.0118994289078
0.0373993190005




layer number :  24
96.3500280268
0.102748417994

jsonTime
3.00372528099
0.0215591471642
0.0158436661586
0.0161847071722
0.0220293740276
0.0148023921065
1.15158554399
0.0156064208131
0.0234045740217
0.0157944739331
0.0189161919989
0.0165413720533
0.0174019078258
0.0331725529395
0.0169150719885
0.0165437432006
0.0331022599712
0.0169223200064
0.0321877731476
0.0165153660346
0.0157026420347
4.11229640292
1.12238371302
0.274068038911

layerTime
23.3444927852
0.0412672420498
0.0121792859863
0.011256132042
0.0122429498006
0.0121046151035
7.68914362299
0.0124276371207
0.0121210129
0.0121020069346
0.0181994640734
0.0123047279194
0.0122540250886
0.0123558989726
0.012269519968
0.0122865128797
0.288687016116
0.0122217040043
0.0123395659029
0.012220777804
0.0122476259712
39.530010744
11.0714565429
3.7073245442

checksumTime
0.0122024877928
0.0118424098473
0.0118351487909
0.0118092149496
0.0117296730168
0.0118085409049
0.0123073260766
0.0118457239587
0.0117651391774
0.0117927340325
0.0119651500136
0.0119528190698
0.0119517541025
0.0119143389165
0.0118916709907
0.0121092849877
0.0119829198811
0.0119526230264
0.0119673800655
0.0119435850065
0.0119229471311
0.0118357760366
0.0119044620078
0.0336671748664




