layer number :  21
81.3333564149
0.0986310800072

jsonTime
1.95460707508
0.0153089179657
0.632728680037
0.0307194730267
0.0160151901655
0.015727315098
0.0155583019368
0.03170545795
3.59913660889
0.0248530039098
0.266614702065
0.0154389219824
0.0148099898361
0.778344428865
0.0176774670836
0.0168535469566
0.015497016022
0.0147583340295
0.0624015070498
0.0159507398494
0.0158074731007

layerTime
17.0766693649
0.0121127748862
6.37018596497
0.18741981592
0.0122581019532
0.0121430109721
0.0123046990484
0.0122896870598
40.8465310701
0.0439790489618
2.55362267396
0.0121384938248
0.0120352532249
5.82958142902
0.0126304649748
0.0122537219431
0.0121110270265
0.0121729241218
0.300469585927
0.0122736890335
0.0122647918761

checksumTime
0.0124994590878
0.0120227769949
0.0120600380469
0.012049840996
0.0120267998427
0.0119893481024
0.0118378850166
0.0119450460188
0.0135139280465
0.0113433429506
0.0127547171433
0.0119124171324
0.0117823479231
0.0120196640491
0.012025448028
0.0121758379973
0.0118243489414
0.0120261788834
0.0120886841323
0.0120645009447
0.0440938440152




layer number :  21
81.540943301
0.116830448853

jsonTime
2.06439632317
0.0148971020244
0.504850002006
0.0227672150359
0.0146856319625
0.0217598748859
0.0146944499575
0.0149643239565
3.44880561181
0.0279722269624
0.302460629027
0.0161363801453
0.014785009902
0.876132942969
0.0145750669762
0.0158748889808
0.0217993508559
0.015217868844
0.0327676709276
0.0145874670707
0.0144824669696

layerTime
17.3331356759
0.0120783620514
6.80831287405
0.0840598859359
0.0120339980349
0.0121335810982
0.0120308490004
0.0126134550665
41.1382545182
0.0665583000518
2.49154094304
0.0138999340124
0.0130400741473
5.38312740508
0.0119058790151
0.0120712469798
0.0122557519935
0.0119377409574
0.163179761963
0.0118889790028
0.0118776401505

checksumTime
0.0121345389634
0.0118071250618
0.0118923669215
0.0118174271192
0.0116536759306
0.0118097369559
0.0120839220472
0.0119757500943
0.0146901779808
0.0117110819556
0.0138249208685
0.0132555048913
0.0111958659254
0.0117402959149
0.012745146174
0.0115356249735
0.0127240892034
0.0115741491318
0.0115601459984
0.0115730729885
0.0534380460158




layer number :  21
81.3901600048
0.0988133058418

jsonTime
2.10176838492
0.0160114918835
0.544393985998
0.0234811720438
0.0145421610214
0.0152526630554
0.0146458619274
0.0227318149991
3.45891546598
0.0205877309199
0.249872296117
0.0160038489848
0.0156515880954
0.922695962014
0.0154000809416
0.0154717441183
0.0147995508742
0.0145321760792
0.050824501086
0.0159061390441
0.0159561429173

layerTime
17.8058394641
0.0120964820962
6.35885055782
0.0950770659838
0.0121046209242
0.0119956289418
0.0119971940294
0.0122509328648
40.516063659
0.0459362531547
2.29409559583
0.0122450899798
0.0122476520482
5.80135164387
0.0120124460664
0.0121051240712
0.0119452232029
0.0121742298361
0.346788001014
0.012135198107
0.0120883770287

checksumTime
0.0124542340636
0.0117908190005
0.0122448280454
0.0118057010695
0.0117258499376
0.0116577411536
0.0117606860586
0.011973119108
0.0119880719576
0.0164533848874
0.011674201116
0.0119950689841
0.0121911589522
0.011894530151
0.012615414802
0.0117562499363
0.0120985119138
0.0116822379641
0.0119786949363
0.0119701130316
0.0361833858769




layer number :  21
81.5169938628
0.118443899788

jsonTime
1.96916619595
0.0156905711628
0.500928661088
0.0231685328763
0.015786539996
0.0322084419895
0.0156265639234
0.0155955289956
3.54037662502
0.021823344985
0.215585738188
0.0194096688647
0.0147276001517
0.724453842966
0.015324450098
0.0151774538681
0.0143088379409
0.0158102819696
0.051259157015
0.0167610929348
0.0158040500246

layerTime
17.163818364
0.0120577088092
6.46981270192
0.084383506095
0.0122759570368
0.0123128050473
0.0120814649854
0.0122524090111
41.763934104
0.0460893700365
2.10342956102
0.0138578261249
0.0119313530158
5.68113221694
0.0120474859141
0.0120963470545
0.011853559874
0.0122336400673
0.35820669285
0.0121238001157
0.0121843409725

checksumTime
0.0120021889452
0.0117148780264
0.0123550691642
0.0117940518539
0.0119680890348
0.0119494029786
0.0119535550475
0.0119933539536
0.0133394049481
0.0119838169776
0.0116931949742
0.0118129828479
0.0118843119126
0.0129561880603
0.0117920420598
0.0190120821353
0.0119657930918
0.0119295630138
0.0121016800404
0.0118859000504
0.0406499898527




layer number :  21
80.2299061171
0.101164340042

jsonTime
1.98454016494
0.0153960878961
0.505693776999
0.0229829829186
0.0142626469024
0.0310583119281
0.0168293060269
0.015556053957
3.69238592917
0.0281372000463
0.224934943952
0.0159488481004
0.0150564780924
0.696197513957
0.0161162749864
0.0150924418122
0.0205597379245
0.0152865860146
0.0327693000436
0.0224217940122
0.0147615580354

layerTime
16.924666421
0.0116136500146
6.42847316619
0.0844122129492
0.0119562461041
0.0123835380655
0.0123393670656
0.0121446519624
40.8080317199
0.0456963158213
2.11744496389
0.0120755489916
0.0121459218208
5.68839381007
0.0121708458755
0.0120779541321
0.0118882330135
0.0117032171693
0.152864631033
0.0121337869205
0.0120766418986

checksumTime
0.0121834881138
0.0121850329451
0.0120325479656
0.0113281970844
0.0132810040377
0.0119731349405
0.0119479559362
0.011951982975
0.0130039690994
0.0117566101253
0.0134184800554
0.01200917596
0.0117436731234
0.0175218039658
0.0118303662166
0.0112647509668
0.0127368669491
0.0113875498064
0.0128112561069
0.0118238909636
0.0472581561189




layer number :  21
81.0037740469
0.101489882916

jsonTime
2.12308936287
0.015272622928
0.524262647144
0.0225991639309
0.015125173144
0.0166231370531
0.0157300732099
0.0316406930797
3.60618354008
0.0221492699347
0.284248200944
0.0155667441431
0.0146933139767
0.716415788047
0.0142800039612
0.0160265539307
0.0174140159506
0.0150347980671
0.0406208110508
0.016050721053
0.015721732052

layerTime
17.2970113901
0.0120415450074
6.57478208281
0.0844505978748
0.0120946639217
0.0122469228227
0.0122520017903
0.0123896480072
40.6140855139
0.0490762351546
2.23603692814
0.0121222669259
0.0125570108648
5.86475542886
0.0131009181496
0.0130336850416
0.0120840210002
0.0119973891415
0.171223457903
0.0122611077968
0.0123314019293

checksumTime
0.0123211990576
0.0117508219555
0.0118262981996
0.0117870420218
0.0121651240624
0.0119333199691
0.0119291560259
0.0120470849797
0.0141127400566
0.0168050578795
0.0126488478854
0.0117650830653
0.0118305641226
0.0124606210738
0.0122230648994
0.0117017771117
0.0116957188584
0.0117649629246
0.0117124060635
0.0120223141275
0.0343977569137




layer number :  21
81.898133347
0.117317054188

jsonTime
2.0870711559
0.0152861159295
0.615759943845
0.0226352049503
0.0158373489976
0.0322832278907
0.0159664188977
0.0164574810769
3.68457612302
0.0309054548852
0.228368517011
0.0153629509732
0.0148194308858
0.689735165099
0.0162574772257
0.0150237230118
0.0220517201815
0.0161711110268
0.0513033948373
0.0316238082014
0.0158413129393

layerTime
17.559578011
0.0121444500983
6.32890260802
0.172793993028
0.0122323718388
0.012872022111
0.012294400949
0.0122962358873
40.6981381772
0.0495419600047
2.60250976402
0.0130215310492
0.0122218930628
5.91311907698
0.012040145928
0.0120016601868
0.0118277459405
0.0121743089985
0.340933313128
0.0124249740038
0.0121568369213

checksumTime
0.0124058199581
0.0120111410506
0.0118977960665
0.0120757641271
0.011957049137
0.0120512880385
0.0119471850339
0.012009575963
0.0159843249712
0.0130875599571
0.0131393400952
0.0121692209505
0.0117204210255
0.0128034828231
0.011432438856
0.011863459833
0.0117540508509
0.011901477119
0.0119928938802
0.0119193790015
0.0455039769877




layer number :  21
81.0199165251
0.0973995220847

jsonTime
2.09571069409
0.015237489948
0.591359257931
0.02256703889
0.0328381278086
0.0147723020054
0.0144349781331
0.0310125639662
3.50852610404
0.0218249037862
0.229494982865
0.0156301821116
0.021751111839
0.689483393915
0.0159270970616
0.0189404780976
0.031738668913
0.0158803400118
0.0513347559609
0.0149055309594
0.0157510910649

layerTime
17.1517568899
0.0121085629798
6.61959990719
0.0844938780647
0.0120342471637
0.0119292649906
0.0120912620332
0.0126036920119
40.490596313
0.0491413651034
2.36305512092
0.0119747889694
0.0120881961193
5.87355525396
0.0130569848698
0.0135369480122
0.0123432520777
0.012508681044
0.358973596012
0.0116541539319
0.0119653560687

checksumTime
0.0121657710988
0.0123396120034
0.0119422050193
0.0117557640187
0.0117373890243
0.0117425548378
0.0118350139819
0.0123911779374
0.0152307790704
0.0118070261087
0.0118288421072
0.01171642798
0.011710046092
0.0135355889797
0.0121057080105
0.0119898470584
0.0120603409596
0.0119724329561
0.0114988090936
0.011846432928
0.0484073120169




layer number :  21
79.3256979729
0.0990575640462

jsonTime
1.89404429705
0.015884086024
0.496968365973
0.0232053040527
0.0218419479206
0.0146674579009
0.0147712840699
0.0158615780529
3.57761726808
0.0236699839588
0.222072100965
0.0191324600019
0.0147844110616
0.885812581051
0.014945768984
0.0156096620485
0.0166918099858
0.0316112518776
0.051062712213
0.015956557123
0.0314295932185

layerTime
16.8275913638
0.012132526841
6.55948361196
0.0841219720896
0.0120978259947
0.011620918056
0.0124005700927
0.0124588429462
39.8374422069
0.045560104074
2.08040625299
0.0119883890729
0.011924357852
5.56428210507
0.0122291999869
0.0134377120994
0.012213265989
0.0123647511937
0.337757297792
0.0123013819102
0.0123678669333

checksumTime
0.0119207471143
0.0117446421646
0.0120570159052
0.0118489479646
0.0117967361584
0.0118651678786
0.0119100029115
0.0115471179597
0.0165351280011
0.0119659900665
0.0159102629405
0.0117522999644
0.0117007540539
0.0119245280512
0.0130929178558
0.0123514479492
0.013314913027
0.0120205627754
0.0119905390311
0.0119756369386
0.0529494339135




layer number :  21
80.5947956569
0.10201612697

jsonTime
2.08789744298
0.0155467600562
0.527516699163
0.0296830080915
0.0148205519654
0.014725455083
0.0147017638665
0.0146689170506
3.45336297597
0.0215035348665
0.249248904176
0.0153566291556
0.0219530439936
0.689330836991
0.01491742488
0.0153108939994
0.0218340728898
0.0147028660867
0.0324825718999
0.0162014150992
0.0157101289369

layerTime
16.8963278721
0.0120425599162
6.73041240289
0.0849676430225
0.0120422579348
0.0120364630129
0.0120332529768
0.0120027710218
40.3814309929
0.0453821329866
2.4996955269
0.0133637669496
0.0122421388514
5.86966160196
0.0120230610482
0.0120486218948
0.0120706630405
0.0120444139466
0.230561521137
0.0121966719162
0.0122207470704

checksumTime
0.0130286139902
0.0116907570045
0.0119310889859
0.0118409949355
0.0117221290711
0.0117706740275
0.011809817981
0.0117410051171
0.0146615591366
0.0153932629619
0.0120105249807
0.0123364049941
0.0117168121506
0.0120186971035
0.0122241140343
0.0117240711115
0.0117637310177
0.0120608180296
0.0120434418786
0.0119427850004
0.0384455069434




