layer number :  6
85.4782506512
0.0578000100795

jsonTime
1.62639724999
0.0148542390671
0.0219815229066
0.213918380206
0.0176880238578
5.87813207507

layerTime
11.6008345601
0.0121148789767
0.0121672321111
2.16492379992
0.0167788129766
63.7249457529

checksumTime
0.0118157179095
0.0119621530175
0.0118620388675
0.0119463780429
0.011725298129
0.0457105310634




layer number :  6
85.6171703381
0.0582046271302

jsonTime
1.55687888386
0.0166243799031
0.0290172907989
0.240230543073
0.017238385044
5.80754424515

layerTime
11.7580386091
0.0123538509943
0.0121840180364
2.19955497002
0.0169176589698
63.7780845719

checksumTime
0.0138852940872
0.01192412409
0.011798226973
0.0119677300099
0.0117911698762
0.0422836369835




layer number :  6
86.4890910171
0.0571648040786

jsonTime
1.60150141385
0.0150127341039
0.014779912075
0.210573147982
0.0191035920288
6.37956422195

layerTime
11.7267643141
0.0120023980271
0.0120730521157
2.1206860391
0.0164039800875
64.1954665151

checksumTime
0.0124256839044
0.0118872697931
0.0116536628921
0.0119000629056
0.0118393008597
0.0374005299527




layer number :  6
85.801674919
0.0579605051316

jsonTime
1.50956014497
0.0155585061293
0.014892864041
0.198605053127
0.0170800790656
5.77070660191

layerTime
11.3810733769
0.0123263909481
0.0120254608337
2.6535999428
0.016933433013
64.0260233511

checksumTime
0.0122321320232
0.012200094061
0.0116641840432
0.0118930321187
0.0120786919724
0.0445994148031




layer number :  6
86.8396188358
0.0583904029336

jsonTime
1.46520169894
0.0222363120411
0.0143773772288
0.206416307949
0.0174668780528
6.444189362

layerTime
11.8808792401
0.0122867040336
0.0124586829916
2.35586981801
0.0171432448551
64.2270037369

checksumTime
0.0123191489838
0.0113771688193
0.011925164843
0.0118033341132
0.0118586651515
0.0349444069434




layer number :  6
87.2024338879
0.0588097069412

jsonTime
1.57614576607
0.0152609760407
0.0147904218175
0.202009381959
0.0171856060624
6.03974025603

layerTime
12.313460313
0.0123111300636
0.0119707561098
2.37838446
0.0167379609775
64.4341125551

checksumTime
0.0121319289319
0.0122568430379
0.0118894870393
0.0118639960419
0.0120713128708
0.040596685838




layer number :  6
86.43022693
0.0582364299335

jsonTime
1.45497271488
0.0149667738006
0.0145964159165
0.20508823893
0.0179625500459
5.81477078283

layerTime
12.1664320922
0.0120698472019
0.0120462581981
2.12635565712
0.0167471759487
64.408184035

checksumTime
0.0119514439721
0.0116769669112
0.0117764428724
0.0118225989863
0.011723970063
0.0381316610146




layer number :  6
86.1942390311
0.058169845026

jsonTime
1.53892986104
0.0154548329301
0.0146867390722
0.202396336012
0.0180814790074
6.28481468186

layerTime
11.610702154
0.0121606930625
0.0121173148509
2.21708607883
0.016814623028
64.077776151

checksumTime
0.0124530720059
0.0116772900801
0.0117580341175
0.0118827989791
0.0118590751663
0.0447718261275




layer number :  6
85.66333187
0.0581906130537

jsonTime
1.53704056889
0.0219239830039
0.0145220810082
0.189586271066
0.01697784313
5.81125793094

layerTime
11.9423666971
0.0122036591638
0.0119539620355
1.86563407793
0.0169047908857
64.0641635431

checksumTime
0.0119798528031
0.0115978189278
0.0116794009227
0.0118353499565
0.0117285470478
0.0313370309304




layer number :  6
85.1171546399
0.058193848934

jsonTime
1.55934541603
0.0151533971075
0.0145738141146
0.197184609948
0.0172413690016
5.76979270484

layerTime
11.798765169
0.0120431890246
0.0120527888648
2.09731520503
0.0168577448931
63.4336965291

checksumTime
0.0122831729241
0.01184967882
0.0118711672258
0.0118797859177
0.0120407561772
0.0445422378834




