layer number :  24
82.8604997781
0.0985832130536

jsonTime
0.015346967848
2.10980305704
0.0154097611085
0.0220832938794
3.39961925102
0.0172420809977
0.0182748849038
0.0222106880974
0.015429338906
0.0145927621052
0.0152335860766
0.0170146778692
0.437714964151
0.023783931043
0.0148550958838
0.131072215969
0.0318421900738
0.0163559899665
0.0184546348173
0.519174689893
0.0148698929697
0.0151459209155
0.0159112669062
0.015890335897

layerTime
0.0123082750943
21.2074416019
0.0121488939039
0.0121439921204
44.449142454
0.0121914029587
0.0134287211113
0.0122410978656
0.0121216590051
0.0122902018484
0.0120645707939
0.0121561309788
4.22662622086
0.0121738840826
0.0120896729641
1.33729804587
0.0124060211238
0.01235864521
0.0124156770762
4.03589896718
0.0120918920729
0.0122965860646
0.0123078110628
0.0123073889408

checksumTime
0.0121469229925
0.0126959090121
0.011846085079
0.0118127588648
0.0120789171197
0.0117433529813
0.0118423239328
0.011925232131
0.0114709970076
0.0129256481305
0.0163376631681
0.0120248990133
0.0128520650323
0.0117822929751
0.0118003261741
0.0120887709782
0.0120209928136
0.0129832159728
0.012025617063
0.0117914469447
0.0129851920065
0.0121012539603
0.0120527320541
0.0405534061138




layer number :  24
83.9913320111
0.103407416027

jsonTime
0.0153392141219
2.06797160394
0.022354755085
0.0147286260035
3.40587997809
0.0193055991549
0.0156922310125
0.0157859160099
0.0156724969856
0.0155761090573
0.0157962208614
0.0324515779503
0.408884900156
0.0154735650867
0.0153672781307
0.135080693988
0.0161158679985
0.0157847038936
0.0177300448995
0.528806817951
0.0149906249717
0.0167364168447
0.031544460915
0.015652682865

layerTime
0.0122781768441
22.498244653
0.0121320029721
0.0120888878591
44.13296529
0.0125549267977
0.0122248160187
0.0122876018286
0.0122386110015
0.0121564830188
0.0122110100929
0.0123573078308
4.43177487189
0.0121397010516
0.0120307370089
1.32753686816
0.0122426119633
0.0122858120594
0.0123086359818
4.04558764305
0.0118000928778
0.0121094200294
0.0120116029866
0.0123330880888

checksumTime
0.0119880361017
0.0120284459554
0.0116874200758
0.0117446770892
0.0122608018573
0.0118920761161
0.0118973830249
0.0119304920081
0.0119784760755
0.0120567160193
0.0119016370736
0.0121743560303
0.011836264981
0.0135114528239
0.0117930278648
0.0121501989197
0.011941177072
0.0119607890956
0.0120847451035
0.0118048139848
0.0190178791527
0.0117160670925
0.0117578611244
0.0372968420852




layer number :  24
82.0968741069
0.103593243985

jsonTime
0.015198480105
1.81691364921
0.0157243679278
0.0143142540473
3.33955845213
0.0196478900034
0.0164951039478
0.0156728059519
0.0152410508599
0.0156243839301
0.0156488299835
0.0316790540237
0.422480235109
0.015306717949
0.0162712929305
0.135867482983
0.0153089989908
0.0155602130108
0.0154423480853
0.378954422893
0.0156164278742
0.0147436340339
0.0233098471072
0.0150683959946

layerTime
0.0120086050592
22.0319618799
0.0119895581156
0.0119935080875
43.1232006149
0.0125500201248
0.0124714539852
0.0124317631125
0.0122563662007
0.0122254830785
0.0123256589286
0.0124748318922
4.41578184394
0.0120190589223
0.0120284210425
1.2376832969
0.0122227689717
0.0119684669189
0.0120101768989
4.19612320303
0.0119855150115
0.0120714961085
0.0131094120443
0.012061662972

checksumTime
0.0122675928287
0.0121737469453
0.0117201749235
0.0119214658625
0.0120878149755
0.011970337946
0.0118361320347
0.0127320729662
0.0119791468605
0.0119845829904
0.0119548481889
0.0120149250142
0.011904536048
0.016365353018
0.0118364500813
0.0127774211578
0.0116386599839
0.0117846899666
0.0117285281885
0.012850027997
0.0117495299783
0.0138090099208
0.0122277159244
0.0465165199712




layer number :  24
81.5535116489
0.101838006871

jsonTime
0.0151585380081
2.06456312491
0.0144200788345
0.014708639821
3.33516158606
0.0190006340854
0.0141848931089
0.0140818690415
0.0156068198849
0.0155282751657
0.0158176471014
0.0318440389819
0.416779897176
0.0153283129912
0.0153271439485
0.134380692849
0.0148730031215
0.015862892149
0.015845982125
0.395857539028
0.0159396999516
0.0154097098857
0.029079311993
0.0156512858812

layerTime
0.0129561510403
22.4837290822
0.0119820120744
0.0119967281353
41.6033289519
0.0122684629168
0.0124845548999
0.011994933011
0.0122346109711
0.0119091197848
0.0123038890306
0.0127239651047
4.16736150999
0.0122067320626
0.0120675479993
1.5297845602
0.0121066218708
0.0121403359808
0.0121271968819
4.42971298797
0.0122189691756
0.012195190182
0.0123231620528
0.0122176550794

checksumTime
0.012210519053
0.0116851700004
0.011676842114
0.011734694941
0.0157573961187
0.0123423389159
0.0113819569815
0.011825195048
0.011872312054
0.011929274071
0.0120282138232
0.0119647749234
0.0119304968975
0.0128634029534
0.011778423097
0.0119863008149
0.0136031280272
0.0117087638937
0.0117397920694
0.0121253249235
0.0122525929473
0.0119079148863
0.012032255996
0.0438276210334




layer number :  24
82.8565389391
0.10290669906

jsonTime
0.0160598692019
2.0995094548
0.0160802190658
0.0153381740674
3.19162138109
0.0191084020771
0.0162009429187
0.0156960650347
0.015488747973
0.0155309010297
0.0154918888584
0.0316661039833
0.418414952001
0.0153661859222
0.0165658469778
0.147310338216
0.0150757748634
0.0136211130302
0.0149127428886
0.525875800056
0.0156052981038
0.015380343888
0.0217201460619
0.0148627511226

layerTime
0.0122479950078
22.2412887982
0.0121601030696
0.0120663109701
43.3075072928
0.0126355988905
0.012155193137
0.0122241480276
0.0121867030393
0.012103702873
0.0121287060902
0.0124789110851
3.96630226099
0.0121263689362
0.0121127909515
1.75747816684
0.0113015719689
0.0114445351064
0.0120332890656
4.21509428788
0.0121050761081
0.0120427440852
0.0126545629464
0.0120452078991

checksumTime
0.0119232269935
0.0126241028775
0.0118110359181
0.0122063639574
0.0121968360618
0.0118410030846
0.0118809738196
0.0118540450931
0.0119380829856
0.0118184201419
0.011846663896
0.0121048870496
0.0116459149867
0.0155656721909
0.0117548098788
0.0127339761239
0.0110584429931
0.0112315020524
0.0117237849627
0.0130389139522
0.0117150079459
0.0117713459767
0.0121745399665
0.0440348510165




layer number :  24
81.4690305011
0.103854428977

jsonTime
0.0152030480094
1.87829400715
0.0169107639231
0.0156611551065
3.66504092002
0.0194200510159
0.0155013860203
0.0153213730082
0.0147336090449
0.0154796889983
0.015475993976
0.0316081901547
0.409345170017
0.0162282399833
0.0165034779347
0.1353503149
0.0157725519966
0.0150684409309
0.0172500559129
0.488607343985
0.0159706980921
0.0166275149677
0.0316056029405
0.0159236991312

layerTime
0.0122300910298
20.612328345
0.0125139220618
0.0122623890638
43.6658017351
0.0114309629425
0.0124486049172
0.0120654699858
0.012118767947
0.0122063718736
0.0124766139779
0.0123939658515
4.18355057784
0.0132050400134
0.0120316990651
1.51474617608
0.0115387060214
0.0122824439313
0.0122525249608
3.91030409303
0.0122571049724
0.0122372400947
0.0123351421207
0.0122163519263

checksumTime
0.0118841459043
0.0125005759764
0.0119952559471
0.0119158448651
0.0167972808704
0.0114753330126
0.01170357503
0.0117762570735
0.0117411820684
0.0119199361652
0.0119188649114
0.0119858700782
0.012026314158
0.0130246810149
0.0120503159706
0.0120541159995
0.012664308073
0.0118138771504
0.0119824139401
0.012314616004
0.0120067489333
0.0119752909523
0.0119281439111
0.0409301170148




layer number :  24
83.064792996
0.102179121925

jsonTime
0.0150853721425
2.02137826919
0.0267143838573
0.015567178838
3.85606270819
0.0182130010799
0.0161350709386
0.0157328769565
0.0164292121772
0.0157542161178
0.0156454010867
0.0317802201025
0.417976852972
0.0153501699679
0.0144961611368
0.138353211107
0.0166780531872
0.0155519018881
0.0175051430706
0.543985553086
0.0173616968095
0.0155538781546
0.0220326948911
0.0148682878353

layerTime
0.0122619548347
21.8475461958
0.0122479381971
0.0122355159838
44.0435300588
0.0136044449173
0.0122456680983
0.0123105761595
0.0122279110365
0.0123603018001
0.0122481710277
0.012531701941
3.83266751096
0.0121419839561
0.0120347449556
1.29554797406
0.0122664999217
0.0124741070904
0.0123003309127
4.06868277281
0.0121733141132
0.0120425538626
0.0120787429623
0.0120843641926

checksumTime
0.0119820879772
0.0124341731425
0.0119477959815
0.012061699992
0.0120030320249
0.0120454861317
0.0119832088239
0.0119720308576
0.0120214838535
0.0118909450248
0.0118775998708
0.0119198940229
0.0119635951705
0.0117691659834
0.0117095578462
0.0119901248254
0.0120196030475
0.0119379989337
0.0119548060466
0.0162858741824
0.0118208779022
0.0116486551706
0.0117049771361
0.0369546059519




layer number :  24
81.372219075
0.103436605074

jsonTime
0.0152349630371
1.88492815709
0.0158443329856
0.015379659133
3.68575600698
0.0166911650449
0.0154862289783
0.0145811459515
0.0146756230388
0.0156072529498
0.0156445838511
0.0323412660509
0.416789388051
0.0155678589363
0.0155734741129
0.139564418932
0.0162036470138
0.0145428660326
0.0160336580593
0.387170705013
0.0149582158774
0.015363200102
0.0325925808866
0.0161715480499

layerTime
0.0122898020782
21.468044027
0.0122456829995
0.0120819900185
42.7587959769
0.0122275529429
0.0120252359193
0.0120364460163
0.0119387391023
0.0122471649665
0.0122128431685
0.0119210209232
4.19954900304
0.0120639910456
0.0119812379126
1.52514150413
0.0120942860376
0.0119480360299
0.0122022340074
3.91218958306
0.0120126612019
0.0123845390044
0.0127416162286
0.0123480090406

checksumTime
0.0119775168132
0.01402026508
0.0118125719018
0.0118256439455
0.0120470260736
0.0128790831659
0.0117454340216
0.0117019519676
0.0116673279554
0.0119250121061
0.0119454688393
0.0119465980679
0.012026892975
0.0126471829135
0.0165035810787
0.01293978584
0.0120470239781
0.0126519498881
0.0117230389733
0.0117324739695
0.0117908548564
0.0122024959419
0.0120382658206
0.0367167359218




layer number :  24
76.9544593769
0.101280224975

jsonTime
0.0151360989548
2.03104327689
0.0151437919121
0.0238971260842
3.06917617703
0.0197369197849
0.0164701740723
0.0156368399039
0.0156749789603
0.0157179459929
0.0156837911345
0.0324444100261
0.420051655034
0.0153345980216
0.016346554039
0.137120618019
0.0167332999408
0.0162918828428
0.017497950932
0.534090069123
0.0182825189549
0.015382658923
0.0215121668298
0.0147324590944

layerTime
0.0122140350286
21.7485860882
0.0121274460107
0.00335728586651
38.840085268
0.0123620890081
0.0123024589848
0.0122642111965
0.0122739691287
0.0122695071623
0.01230320381
0.0124541821424
3.48774888902
0.0168164928909
0.0122795121279
1.56314509106
0.0123492840212
0.0121960770339
0.0123608950526
4.11475009285
0.0123183359392
0.0117783150636
0.0125647881068
0.0120572180022

checksumTime
0.0118002169766
0.012456497876
0.0118582160212
0.0112735091243
0.0122819440439
0.0119635730516
0.0119882309809
0.0120168619324
0.0119213887956
0.0119700098876
0.0122468010522
0.0120701037813
0.0120583451353
0.0170410259161
0.011841480853
0.0121549619362
0.0120231742039
0.0120088360272
0.012668547919
0.0160591141321
0.0128710700665
0.0110803011339
0.0121582678985
0.0446357028559




layer number :  24
79.6458696318
0.103550142841

jsonTime
0.0151551500894
1.99652200891
0.0153349651955
0.0164951658808
3.87248660601
0.0195155160036
0.0146708551329
0.0145742888562
0.0186834628694
0.0150201690849
0.0147175500169
0.0220790200401
0.307049143128
0.0159022998996
0.0147672509775
0.125815314939
0.0150797469541
0.0149403978139
0.0156443810556
0.448677392909
0.0158204708714
0.0156354040373
0.0223049349152
0.0147379748523

layerTime
0.0122178059537
20.8448126751
0.0124044469558
0.0122492590453
41.681701222
0.012175810989
0.0119723470416
0.0128125110641
0.0133474969771
0.0119000058621
0.0120535271708
0.0120826200582
3.89613324008
0.0120618529618
0.0126174839679
1.48961114907
0.0129930719268
0.0122809039894
0.0121802568901
4.00499350298
0.0120018769521
0.0123897560406
0.0121903079562
0.0125832550693

checksumTime
0.0118967620656
0.0122547678184
0.0117340290453
0.0119146369398
0.0159853319637
0.0117100880016
0.0116725380067
0.0124763310887
0.0122079940047
0.0118018270005
0.0118048249278
0.0115723097697
0.0131279670168
0.0117388979997
0.0119027970359
0.0120161911473
0.012300406117
0.0118233261164
0.0118445011321
0.011960453121
0.0116815250367
0.0117986439727
0.0117936371826
0.039295750903




