layer number :  23
47.3906544668
0.0996167489793

jsonTime
0.0152822860982
3.27225269587
0.0216497639194
0.0156932838727
0.0150836599059
0.262457072968
0.0161305179354
0.0317786459345
0.234255322022
0.0150261239614
0.289189501898
0.015211234102
0.0153774260543
0.0161852310412
0.0222103309352
0.0150298518129
0.018538128119
0.0160923269577
0.0158367890399
0.0318569899537
0.0166185069829
0.0158115921076
0.0225312740076

layerTime
0.0122805689462
32.8800752671
0.041519066086
0.0118939289823
0.012156301178
3.32903696992
0.0123080820777
0.0123901879415
2.39910059399
0.0121397939511
3.69710487407
0.0120572629385
0.0121877798811
0.0120798510034
0.0121127271559
0.0121521481778
0.0123656908982
0.0123615569901
0.012193884002
0.0124559709802
0.0123282959685
0.0122801719699
0.0122608011588

checksumTime
0.0120279190596
0.0117377820425
0.0117402810138
0.0117397711147
0.011695493944
0.0120705531444
0.012023800984
0.0119741810486
0.0121398239862
0.0118549771141
0.0118276909925
0.012185649015
0.0122206730302
0.0118782089557
0.0120274049696
0.0120529818814
0.0119107780047
0.0119299681392
0.0117783099413
0.012043758994
0.0119817689992
0.0119900968857
0.0403363958467




layer number :  23
47.7451750319
0.0998369078152

jsonTime
0.0337180499919
2.83697407995
0.0216709210072
0.0162003040314
0.0226660899352
0.245371137979
0.0141641900409
0.0147101790644
0.233691061847
0.0149155838881
0.275475736009
0.0153648972046
0.0150234410539
0.0224062229972
0.0151668631006
0.0149696599692
0.0185974449851
0.0312747461721
0.0158189840149
0.0153666799888
0.015667890897
0.0159689460415
0.0312997549772

layerTime
0.0124362739734
33.0484196329
0.0409400691278
0.0121786261443
0.0121790689882
3.86493853992
0.0119318880606
0.0122684289236
2.44399751606
0.0123408390209
3.75527951983
0.0120981759392
0.0120872908738
0.0122592558619
0.0120754679665
0.0121575659141
0.0123827620409
0.0121804459486
0.0122005878948
0.0115032820031
0.0122455831151
0.0122183889616
0.0123463980854

checksumTime
0.012032432016
0.0120378700085
0.0118578188121
0.0117586269043
0.0116926091723
0.0118626479525
0.0117811639793
0.0119964440819
0.0118464010302
0.0119217601605
0.0119636959862
0.0121823549271
0.0117198461667
0.0117841840256
0.0117505330127
0.0119663141668
0.0121349787805
0.0119075630791
0.0119382569101
0.0118602241855
0.0119593839627
0.0119693849701
0.0434404339176




layer number :  23
46.6314402679
0.101448071888

jsonTime
0.0153207280673
2.71790751792
0.0215856141876
0.0171674699523
0.0229225589428
0.245444023982
0.0151251580101
0.0145726311021
0.178099814104
0.0151104768738
0.273179461947
0.0153072657995
0.014896534849
0.0223512670491
0.0174183051568
0.0166718310211
0.0183721838985
0.0313952888828
0.0159976130817
0.0156507240608
0.0155478178058
0.0158297419548
0.0312570699025

layerTime
0.0122615008149
33.0020544901
0.0427688129712
0.0121639759745
0.0122670710552
3.72209834401
0.0120225178543
0.0119785540737
2.53320594202
0.0120786989573
2.92579602706
0.0120014010463
0.0120758111589
0.012134738965
0.0121027948335
0.012205732055
0.0124157960527
0.0123239750974
0.0122506970074
0.0122793780174
0.0117623121478
0.0122690231074
0.0123667370062

checksumTime
0.0119930461515
0.0123980417848
0.0119548740331
0.0116905809846
0.0117660970427
0.0118387730327
0.0117716239765
0.0121314348653
0.012010185048
0.011836900143
0.0121610059869
0.0119286221452
0.0117076688912
0.0119121279567
0.0120963649824
0.0119175480213
0.0119384280406
0.0119326999411
0.0120121368673
0.0119832011405
0.0116487368941
0.0119076950941
0.0445145869162




layer number :  23
46.4739604609
0.102856516838

jsonTime
0.0152080520056
2.69160219608
0.0294169960544
0.0190446139313
0.0177640151232
0.297160123941
0.0149237101432
0.0218098231126
0.168438361026
0.0730810039677
0.33957290696
0.0152786539402
0.0154198750388
0.0152053870261
0.0148357891012
0.0223892081995
0.0158777348697
0.014768504072
0.0156973178964
0.0157668308821
0.0314247731585
0.0159506408963
0.0157051270362

layerTime
0.0122585231438
32.6630735169
0.082042664988
0.0127098280936
0.0124467359856
3.92557647801
0.0121050039306
0.012346762931
2.04686916596
0.0127138451207
3.22220303607
0.0123376839329
0.0120572489686
0.0121128240135
0.0123127480038
0.012175377924
0.0122715181205
0.0120832079556
0.0121694840491
0.0121690582018
0.0122595478315
0.0122292090673
0.0121773530263

checksumTime
0.0120143298991
0.0120507380925
0.0116238729097
0.0121000809595
0.0119100229349
0.011977890972
0.011681356933
0.0117482079659
0.0120413990226
0.0121016858611
0.0119054710958
0.0121652679518
0.0118038340006
0.0117327980697
0.0119153677952
0.0118272399995
0.0118301028851
0.0117535551544
0.0120647680014
0.0117985208053
0.0119509061333
0.0118915669154
0.041530509945




layer number :  23
46.7049920019
0.101829268038

jsonTime
0.0328089599498
3.07525877492
0.0226767060813
0.0169039170723
0.0229737090413
0.251093456056
0.0160122471862
0.015858408995
0.245977465995
0.0148018440232
0.284051880939
0.0158319429029
0.0146365000401
0.0228370849509
0.0149120781571
0.0148487470578
0.0158763958607
0.0216707310174
0.0144274730701
0.0142473338638
0.0143591030501
0.014367380878
0.0216270738747

layerTime
0.0122891510837
32.3733169201
0.0407310500741
0.0122567450162
0.0121265558992
4.18981169793
0.0123651889153
0.0123068529647
2.19005378196
0.0120421131141
3.07571015903
0.0119483929593
0.0120324969757
0.0121485518757
0.0119581809267
0.0121411869768
0.011943873018
0.0120428148657
0.0120718129911
0.011984643992
0.0120353908278
0.0119303090032
0.0119712031446

checksumTime
0.0121697830036
0.0115458958317
0.0119972778484
0.011920660967
0.0120540331118
0.0122434878722
0.0121343310457
0.0118739060126
0.0120420779567
0.0118100889958
0.0119398110546
0.0115942850243
0.0116425640881
0.0121772619896
0.0116585509386
0.0117084861267
0.0115736310836
0.0116928829812
0.0117923801299
0.0117527490947
0.0117475881707
0.0116683330853
0.0463983698282




layer number :  23
47.2835479432
0.100465452066

jsonTime
0.0151546290144
3.16837551701
0.0220170810353
0.0165048679337
0.0156037157867
0.252568031894
0.0149372778833
0.0146615148988
0.181385231903
0.0152024978306
0.273325701011
0.015441597905
0.0157180950046
0.0226431251504
0.0150614588056
0.0152392389718
0.0190171760041
0.0314256930724
0.0162019850686
0.0161878070794
0.0159500699956
0.0157829590607
0.0320605849847

layerTime
0.0122577289585
33.152568226
0.0512747529428
0.0122927660123
0.0121925820131
3.79342979705
0.0120365649927
0.0125381150283
2.53411984094
0.0120225730352
2.89995366102
0.01200754405
0.0120316389948
0.0121835088357
0.0120135720354
0.0122927289922
0.0124072409235
0.0124320809264
0.0122962358873
0.0123283679131
0.0122123248875
0.0121915859636
0.0123658599332

checksumTime
0.0122213340364
0.0124638308771
0.0117098521441
0.0117037431337
0.011719154194
0.0118768019602
0.0117825381458
0.0120062001515
0.0120039461181
0.0118095991202
0.0120191338938
0.0116232179571
0.011767613003
0.0116723862011
0.0118157831021
0.0118733400013
0.0118501430843
0.0120540119242
0.0121653950773
0.0120487550739
0.0119635500014
0.0119168721139
0.0382768211421




layer number :  23
47.3938933469
0.233596561942

jsonTime
0.0160162081011
3.20686850697
0.0217426409945
0.016728942981
0.0229208138771
0.236480492866
0.0155710119288
0.0161986651365
0.217285838211
0.0150110549293
0.283242068952
0.0158181299921
0.0151117448695
0.022686917102
0.0151070798747
0.0151135050692
0.0160050198901
0.022367069032
0.0148999309167
0.0154079839122
0.0157046071254
0.0156022540759
0.0312890210189

layerTime
0.0122869689949
33.24370779
0.0428271081764
0.012247195933
0.0122105800547
3.51130229607
0.0120299090631
0.0122035958339
2.13778722589
0.0120295661036
3.40668179514
0.0126374368556
0.0120382909663
0.0121293680277
0.0121148161124
0.0121100859251
0.0121185379103
0.0115113400389
0.0123098781332
0.0122624090873
0.0122289599385
0.0121860809159
0.0123214700725

checksumTime
0.0119061979931
0.0126499508042
0.0124158388935
0.0117748491466
0.011759980116
0.0118459579535
0.0119212029967
0.0118786429521
0.0119403779972
0.0117377119604
0.0121194040403
0.0120395671111
0.0116905299947
0.0117722260766
0.0117643098347
0.011705373181
0.0118136419915
0.0117545230314
0.0120093289297
0.0119268759154
0.0119792469777
0.0119865119923
0.0427553469781




layer number :  23
45.764898747
0.10133373295

jsonTime
0.0145748069044
3.07731823809
0.021571097197
0.0162525789347
0.0168154381681
0.282204749994
0.0162770380266
0.0293618158903
0.200732576195
0.0221829609945
0.298472231021
0.016019608127
0.0149597439449
0.0157518889755
0.0150698830839
0.0317776140291
0.0184709271416
0.0164794709999
0.0156469878275
0.0158067659941
0.0312524039764
0.0159233380109
0.0156311809551

layerTime
0.0122570970561
31.5129072969
0.0426534519065
0.0122738780919
0.0123861979228
4.15311408788
0.0122398319654
0.0123205559794
2.15040964796
0.0118373960722
3.03834923008
0.012129137991
0.0121163781732
0.0124790240079
0.0119945949409
0.0123105100356
0.0123125349637
0.0121525498107
0.0121445739642
0.0122927231714
0.0125769579317
0.0122588190716
0.0121089732274

checksumTime
0.0119561199099
0.0118330949917
0.0117220319808
0.0117093198933
0.0121697720606
0.0121478280053
0.0119142541662
0.0118994689547
0.0119818348903
0.0115562658757
0.0122004279401
0.0118390559219
0.0122597799636
0.0118041799869
0.0118693818804
0.0118942349218
0.0120104050729
0.0119550921954
0.0120149150025
0.0118530909531
0.0119464630261
0.0119205059018
0.054461158812




layer number :  23
47.9440061839
0.102137496928

jsonTime
0.0325672321487
3.11921263789
0.0212847380899
0.0164468749426
0.0226704920642
0.244423842989
0.0153503851034
0.014654175844
0.244485051138
0.0151406440418
0.275833328953
0.0154373918194
0.0152149719652
0.0229848648887
0.0157632350456
0.015025037108
0.015768433921
0.0217251379509
0.0146387680434
0.0146807399578
0.014586381847
0.0146432358306
0.0305009789299

layerTime
0.0123518470209
33.35879918
0.0402331538498
0.012183236191
0.0121492699254
3.73803642788
0.012089228956
0.0120607891586
2.45004072692
0.0120248808526
3.49523638794
0.0118086880539
0.0124236820266
0.011773603037
0.0120834610425
0.012165928958
0.012160875136
0.0120380229782
0.0120909670368
0.0119625828229
0.0120030271355
0.0120118211489
0.012290179031

checksumTime
0.0119919159915
0.0126268099993
0.0117086870596
0.0117585689295
0.0117693350185
0.0124306650832
0.0118104170542
0.0119319257792
0.0120975840837
0.0120898950845
0.0122633031569
0.0114852869883
0.0116825441364
0.0114368419163
0.0117334269453
0.0117348369677
0.0119815899525
0.0117667880841
0.0118234730326
0.0117048372049
0.0117731019855
0.0117496689782
0.0368796319235




layer number :  23
47.057550448
0.101299956208

jsonTime
0.0154246941675
3.13642338896
0.0208680450451
0.0191108579747
0.0181340989657
0.309008026961
0.0159450620413
0.0146615810227
0.172448730096
0.0174427051097
0.27867788705
0.0154438780155
0.0158951878548
0.0227158311754
0.0151842969935
0.0159141579643
0.0172033060808
0.0230608968996
0.0147988069803
0.0148647420574
0.0146868119482
0.0157982029486
0.0313153499737

layerTime
0.0122376000509
32.576605889
0.0659204728436
0.0125150808599
0.0126921690535
4.10765901604
0.012123917928
0.012007697951
2.01563336188
0.012048447039
3.4178186059
0.0123848160729
0.0120585199911
0.0121522189584
0.0120479539037
0.012147573987
0.0121808869299
0.0129886560608
0.0122092550155
0.0120972648729
0.0122213279828
0.0122143928893
0.0123763079755

checksumTime
0.0119288528804
0.0116998790763
0.0120556731708
0.0119278330822
0.0120915619191
0.0119703849778
0.0117505281232
0.0115697069559
0.0119687300175
0.0122439758852
0.0120477450546
0.0119491480291
0.0117502759676
0.0117899409961
0.0117363880854
0.0118196799885
0.0117895400617
0.0118821300566
0.011956919916
0.0117173450999
0.0119437461253
0.0119267711416
0.0445057149045




