layer number :  9
77.6578437539
0.0622119328473

jsonTime
2.757505171
0.0220429201145
0.0155180960428
0.0146631482057
0.0146704840008
0.270724642789
4.39100017701
0.025101215113
0.0141878728755

layerTime
23.5666827841
0.0429848509375
0.0120891570114
0.0120675729122
0.0119808989111
2.2243506501
44.033945516
0.0135157050099
0.0120375109836

checksumTime
0.0123801508453
0.0117662709672
0.012066636933
0.0117876799777
0.0118910172023
0.0119213711005
0.0148172348272
0.0111293820664
0.0321655250154




layer number :  9
76.7154745099
0.058036537841

jsonTime
2.76286689797
0.0217108710203
0.0153776030056
0.0150062011089
0.0219155249652
0.263520929031
4.07837535092
0.0202738170046
0.0148095001932

layerTime
23.0490071711
0.0424924429972
0.0121747660451
0.0120050969999
0.0121760840993
2.46084290091
43.6855230629
0.0125099951401
0.0115963669959

checksumTime
0.0119887229521
0.0117672518827
0.0117864250205
0.0117516729515
0.012031323975
0.0110276481137
0.0126861389726
0.0117563297972
0.0399353099056




layer number :  9
77.4406859071
0.0609362870455

jsonTime
3.13102447195
0.0221846301574
0.0173106619623
0.0313681829721
0.0158499369863
0.295336188981
4.33611000399
0.0200458501931
0.0219976049848

layerTime
23.4831374232
0.0409837209154
0.0122982410248
0.013828254072
0.0122546958737
2.34211679106
43.4200365969
0.0124738938175
0.0121413690504

checksumTime
0.0118236308917
0.0117947279941
0.0123332450166
0.0120373920072
0.0119434320368
0.0118886979762
0.0119995849673
0.011779824039
0.0330370101146




layer number :  9
76.7991914919
0.0613248569425

jsonTime
2.7666834991
0.0223523129243
0.0175977069885
0.0157485669479
0.0157741410658
0.305874971906
4.38420651713
0.0223553278483
0.0161348560359

layerTime
23.2966541839
0.0412794561125
0.0122567550279
0.0126080419868
0.0123161538504
2.37052906211
43.243726372
0.0136433800217
0.0113978020381

checksumTime
0.0127196700778
0.0120222459082
0.0119840779807
0.0121659580618
0.0118801831268
0.0117968188133
0.0169691210613
0.0121679899748
0.0443106018938




layer number :  9
76.6243822621
0.0585718790535

jsonTime
3.00343861408
0.0216257350985
0.0165189360268
0.0219174891245
0.0147839200217
0.247097208165
4.13547017099
0.0192431311589
0.0220490379725

layerTime
23.315623113
0.0405826419592
0.012189042056
0.0136536099017
0.0120647558942
2.57500255201
42.9287146071
0.0125474219676
0.0121738950256

checksumTime
0.0127755019348
0.0118763530627
0.0117550648283
0.0110923331231
0.0118034048937
0.0119639788754
0.0120284238365
0.0117986029945
0.0357546040323




layer number :  9
77.1248960961
0.060742147034

jsonTime
3.14062751201
0.0218516059685
0.0153256880585
0.0152896370273
0.0147979389876
0.300220637815
4.11759395408
0.0200521610677
0.0150669328868

layerTime
23.5238596711
0.0424797891174
0.0121374558657
0.0120718700346
0.0120424609631
2.38447572803
43.238995766
0.0124285209458
0.0120493511204

checksumTime
0.0124908159487
0.0117874029092
0.011702449061
0.012106979033
0.0116744420957
0.011996652931
0.0119637988973
0.0126581911463
0.0457362020388




layer number :  9
76.833987579
0.0580651890486

jsonTime
2.7038824379
0.0223824018613
0.0160457349848
0.0225120729301
0.0147413350642
0.256210168824
4.62585257995
0.0233687569853
0.0289240190759

layerTime
23.1395848871
0.0408287371974
0.0120617570356
0.0120366730262
0.0119167289231
3.01101424219
42.666802834
0.0126563219819
0.0123417859431

checksumTime
0.0136896970216
0.0117492289282
0.0117532860022
0.0116803939454
0.0117097981274
0.0120508819818
0.0120526079554
0.0118938570376
0.035609412007




layer number :  9
78.2568462449
0.0624110039789

jsonTime
2.86055087415
0.0310741269495
0.0230056939181
0.0169254359789
0.0146209970117
0.245541370939
4.58020963101
0.0229546369519
0.0152595699765

layerTime
23.3207711668
0.0481652000453
0.0122098519932
0.0112876100466
0.0119610270485
2.51856201421
44.282909658
0.0126332619693
0.0121352560818

checksumTime
0.0119909590576
0.0130928871222
0.0117307789624
0.0114560059737
0.0116764919367
0.0118632968515
0.012083074078
0.0118684209883
0.0472466899082




layer number :  9
76.784833662
0.0610753349029

jsonTime
2.97203130089
0.0215541590005
0.0160049318802
0.0146760011557
0.014599689981
0.248818539083
4.38569519902
0.0260171440896
0.0157978739589

layerTime
23.2627541581
0.0427105790004
0.0122781579848
0.0121041890234
0.0120147720445
2.47425688594
43.0191455071
0.0130579299293
0.0127949670423

checksumTime
0.0120876510628
0.0122389199678
0.0115907969885
0.0118188648485
0.0118958069943
0.0138001549058
0.0138991279528
0.0115146539174
0.0379623190966




layer number :  9
76.9188414621
0.0599813992158

jsonTime
2.70896008611
0.0214152310509
0.0153483520262
0.0147439870052
0.015026323963
0.302067636978
4.346575937
0.017868737923
0.0153351931367

layerTime
23.255992885
0.0424686530605
0.0121379480697
0.0123959030025
0.0123564938549
2.3591499899
43.5256649221
0.0118876181077
0.0120623549446

checksumTime
0.0123971658759
0.0117788829375
0.0117175139021
0.0116015831009
0.0119292761665
0.0118779840413
0.0113715429325
0.0117287908215
0.0522668990307




