layer number :  19
104.308665131
0.0912023701239

jsonTime
0.0153993261047
2.09299593396
0.0225835018791
0.525047771866
1.49122377997
4.65655826195
0.052646601107
0.0147047820501
0.0145952859893
0.0245780481491
0.757269964088
0.117027632194
0.0153718658257
0.0155499610119
0.0204734830186
0.12232897291
0.0149827518035
0.0154689031187
0.0146892010234

layerTime
0.0122919878922
16.510406055
0.0122535221744
6.16754264408
15.448046827
45.221409213
0.152186530875
0.0120383631438
0.0120074939914
0.0153659929056
7.64808477904
1.49340493791
0.0120148980059
0.0120393170509
0.0208187010139
1.15682180994
0.0115111540072
0.0119562519249
0.0119627080858

checksumTime
0.0119653590955
0.0122421199922
0.0118165549356
0.0121507269796
0.0116674820893
0.0120347919874
0.0118641089648
0.0117147008423
0.0132125499658
0.0117374679539
0.0118302218616
0.0134000370745
0.0117712391075
0.0116579518653
0.0117758531123
0.0118761111517
0.0115512229968
0.0117404919583
0.0451746198814




layer number :  19
104.9576521
0.0880510259885

jsonTime
0.0151843598578
2.04561536387
0.0155127581675
0.520909647923
1.48037295113
5.03754604701
0.0525355611462
0.0149214679841
0.0199133190326
0.0191647750326
0.938178902026
0.11270593293
0.0149069980253
0.014897800982
0.0201139119454
0.141163144028
0.014821437886
0.0166987350676
0.0145841049962

layerTime
0.0124093811028
16.5765796951
0.0121848669369
6.20600069803
15.4249142499
44.842883999
0.14903121395
0.012316131033
0.0134351558518
0.0156639418565
7.61427180306
1.49267352908
0.0120441738982
0.0121426379774
0.020729488926
1.641051827
0.0121099080425
0.0120512959547
0.0119960450102

checksumTime
0.0119582030457
0.012212293921
0.0116346890572
0.0123415228445
0.0111524930689
0.0118128228933
0.0118396750186
0.0135832319502
0.0119204481598
0.0119753910694
0.0118819458876
0.0110746819992
0.0117431180552
0.012811788125
0.0117725110613
0.0118119299877
0.0120214871131
0.0119422560092
0.0393443040084




layer number :  19
104.605490441
0.0902651471552

jsonTime
0.0160280859563
2.07325672801
0.0149350839201
0.515619324055
1.48690554104
4.5118692019
0.0479315090925
0.0186347540002
0.0323286808562
0.0199501728639
0.927025599871
0.124230704969
0.0172213369515
0.021971216891
0.027724572923
0.156710159034
0.0148295948748
0.014783883933
0.0220538950525

layerTime
0.0122008740436
16.30173561
0.0120772540104
6.0721221359
15.8615278329
44.946032099
0.230494189076
0.0124287249055
0.0147742880508
0.0157763389871
7.54918155796
1.47004457889
0.0121427879203
0.0121655231342
0.0350234210491
1.58534517908
0.012009938946
0.011999161914
0.0121081618126

checksumTime
0.0118672128301
0.0119365251157
0.0117479010951
0.0119778870139
0.0118481421378
0.0116661009379
0.0172518889885
0.0120226291474
0.0118136620149
0.0120198691729
0.0128020031843
0.0163266051095
0.011757434113
0.0119527529459
0.0119065649342
0.0117879430763
0.0119877601974
0.0128152701072
0.035932542989




layer number :  19
103.636506842
0.0863877581432

jsonTime
0.0154499369673
1.88378284802
0.0226304009557
0.508203303907
1.47431312804
4.53090763814
0.0505010630004
0.0146489909384
0.0230860859156
0.0162206289824
0.847638928099
0.11751411017
0.0154989608563
0.0219018249772
0.0202296278439
0.117860526079
0.0149540309794
0.0145156190265
0.0231364669744

layerTime
0.0123221480753
16.1728543171
0.0119728278369
6.0961792469
15.936900917
44.9973767148
0.142556826118
0.0120246789884
0.0122631432023
0.0153748330195
7.47663236503
1.47810025187
0.0112573890947
0.0121353049763
0.022422197042
1.09880672488
0.0120538009796
0.0121096719522
0.0121168990154

checksumTime
0.0119123598561
0.012378375046
0.0117975252215
0.0120216170326
0.0120367549825
0.0158731560223
0.0119550270028
0.0160208339803
0.0118421849329
0.0117523008958
0.0118235908449
0.0132683170959
0.0114188580774
0.0118055990897
0.0117648979649
0.0117553661112
0.0117346709594
0.0118470040616
0.0380332379136




layer number :  19
106.116981166
0.0879989888053

jsonTime
0.0154767478816
1.80785582191
0.0149321919307
0.492458730005
1.45716807293
4.85838775989
0.0601072469726
0.0148119849619
0.0153731510509
0.0164064639248
0.752814851003
0.109542330028
0.0148557040375
0.0146467490122
0.0206891458947
0.174195657019
0.0230340838898
0.0149168290664
0.0147883051541

layerTime
0.0123517750762
16.21967158
0.012012118008
6.12318871217
16.157622291
46.222291966
0.166938165203
0.0120476789307
0.0121007058769
0.0154361731838
7.74235360394
1.48536502896
0.0120387249626
0.0120284229051
0.0222161379643
1.5965950801
0.0113464731257
0.0119472050574
0.0120532619767

checksumTime
0.011880510021
0.0119444970042
0.0119435200468
0.0138806349132
0.0123983190861
0.013555662008
0.0118900609668
0.0119936920237
0.0115100780968
0.0114996819757
0.0118472159375
0.0118108200841
0.0117936290335
0.0137400231324
0.0125381399412
0.0118632270023
0.0128191579133
0.0118322938215
0.0454222729895




layer number :  19
105.38347173
0.0887500990648

jsonTime
0.0315558919683
1.98495912785
0.0152677551378
0.524338579038
1.41053806804
4.8502426031
0.0506489200052
0.0195730000269
0.0315696510952
0.0197923379019
0.94457543199
0.119551526848
0.0149410390295
0.0222609178163
0.0204626109917
0.127711350098
0.0149341218639
0.0147239279468
0.022624229081

layerTime
0.0123624610715
16.4958436841
0.0121009720024
6.10648859688
15.511511649
45.686784863
0.167946349829
0.0133388270624
0.0160779939033
0.0155261640903
7.67435904988
1.47634176002
0.0119699898642
0.0126378161367
0.0215263951104
1.46438975702
0.0120603970718
0.0121221600566
0.0120974578895

checksumTime
0.0119719060604
0.0123153829481
0.0117949210107
0.011899638921
0.0120127690025
0.0119776970241
0.012489547953
0.0120620569214
0.0120400821324
0.0122127260547
0.0118710771203
0.0118340631016
0.0112723151688
0.0129055168945
0.0117721238639
0.0119206910022
0.011704408098
0.0118864309043
0.0924386831466




layer number :  19
106.375846997
0.0864682272077

jsonTime
0.0153562109917
1.85582851316
0.0152091740165
0.548216068884
1.72561711795
5.12598472903
0.0606747260317
0.0148754089605
0.0145099370275
0.0165427341126
0.758785048965
0.110113234026
0.0147389359772
0.0144790860359
0.0194082900416
0.12480421504
0.0217127280775
0.0148921941873
0.015699575888

layerTime
0.0122400210239
16.559149673
0.0120632241014
6.40809402498
16.257871602
45.9297939851
0.160200382117
0.0119835759979
0.0122921860311
0.0152970829513
7.82475163415
1.09005198209
0.0120253728237
0.0120261081029
0.0214961878955
1.14981595892
0.0121189130004
0.0115060668904
0.0119451491628

checksumTime
0.0287926390301
0.0125160878524
0.0121752270497
0.0120576131158
0.0119760609232
0.0116648268886
0.0117644588463
0.011740535032
0.0128946700133
0.0117866068613
0.0117673389614
0.000200503971428
0.0117450640537
0.0117680788971
0.0118659280706
0.0127149960026
0.0117034078576
0.0141506420914
0.043346124934




layer number :  19
108.411978614
0.088239637902

jsonTime
0.0317091839388
2.00068637799
0.0161429871805
0.611678696936
1.43020560988
5.06891182507
0.0522384771612
0.0149279520847
0.0225311119575
0.0191561318934
0.924727704143
0.115945200901
0.0150175141171
0.0222531601321
0.0209131820593
0.165001251036
0.0149341730867
0.0145523049869
0.0217032318469

layerTime
0.0123013900593
16.7748856561
0.0122509999201
6.43232625513
16.30610439
46.7717633739
0.156427814858
0.0120099110063
0.0122426969465
0.0181962600909
8.05769228097
1.19202710595
0.0121975690126
0.0121316870209
0.0218336898834
1.62619897397
0.0120070909616
0.0120282790158
0.0120925351512

checksumTime
0.0121571379714
0.0125387518201
0.0119365060236
0.0125823849812
0.0122746110428
0.0119101060554
0.0117755939718
0.01179571799
0.0120731871575
0.0169955608435
0.0119023430161
0.013704092009
0.0118561799172
0.0129189828876
0.0130128341261
0.0120975528844
0.0119560330641
0.0117968809791
0.0377184420358




layer number :  19
106.210824534
0.0873570130207

jsonTime
0.0161819159985
1.86221078108
0.0154889309779
0.505193229066
1.50691580307
5.37521689688
0.0584486599546
0.0153966778889
0.0148019490298
0.0188344479539
0.945041515864
0.109432427911
0.0148250821512
0.0157021970954
0.0266842090059
0.171682001092
0.021977188997
0.0181373720989
0.014617648907

layerTime
0.012310796883
16.52773776
0.0120936988387
6.14681921294
16.2353231821
45.518943449
0.14983590506
0.012040557107
0.0120336378459
0.015590546187
7.63032956608
1.21256180317
0.0122926768381
0.0123040720355
0.0348384650424
1.5487543419
0.0121008099522
0.0139592259657
0.0120463431813

checksumTime
0.0120214459021
0.0123970841523
0.0117643610574
0.0125265659299
0.0122343120165
0.0119638249744
0.0118006870616
0.011803674046
0.0119215759914
0.0120183629915
0.0118732720148
0.0118221538141
0.0119838980027
0.0120109010022
0.0118899568915
0.0117177530192
0.011818140978
0.0121650090441
0.0382582379971




layer number :  19
108.796827485
0.0904418840073

jsonTime
0.0330430709291
2.04346351209
0.0151853791904
0.529371751938
1.57859511301
4.80215366604
0.0514030992053
0.0169125460088
0.0155796119943
0.0159887911286
0.916781729087
0.114629166899
0.0155051008333
0.0147693259642
0.0220330930315
0.130774985999
0.0159134268761
0.0148385611828
0.0152807619888

layerTime
0.0123915509321
17.4119231731
0.0125180319883
6.44121373002
16.26697877
46.6620146718
0.159832717851
0.0125382728875
0.0120180160739
0.0153925959021
8.07159659103
1.44850818114
0.0120680399705
0.0122907869518
0.0216231490485
1.46001989907
0.0121562851127
0.0120308429468
0.0120172658935

checksumTime
0.0119094869588
0.0121811868157
0.011885901913
0.011887460947
0.0122250691056
0.0118802599609
0.0117347440682
0.0117819451261
0.0117208538577
0.0118221798912
0.0118295410648
0.0118921899702
0.0117923042271
0.0154143578839
0.011595970951
0.0164578540716
0.011885156855
0.0117807029746
0.04268537811




