layer number :  10
66.8187119442
0.0631206000689

jsonTime
1.60633686301
0.0154344199691
0.0221171248704
1.94192423788
0.0153649260756
0.0218787030317
0.0159158669412
1.41203924408
0.0544198148418
0.016034350032

layerTime
16.0695826281
0.0121132410131
0.0122075260151
26.2260241541
0.012008779915
0.0121637689881
0.0121664798353
18.7408775259
0.362863040995
0.0146601819433

checksumTime
0.0123104949016
0.0117821351159
0.0118240760639
0.011776254978
0.0116784540005
0.0118684230838
0.0118310081307
0.0119600300677
0.0119711910374
0.0416604292113




layer number :  10
67.6899206631
0.0636966649909

jsonTime
1.57938234089
0.0160480360501
0.0165575619321
2.48432364687
0.0150520980824
0.0316654520575
0.0163570400327
1.57052544481
0.0348328631371
0.01612487901

layerTime
16.0696680981
0.0126840898301
0.0122848190367
26.294634392
0.0122375199571
0.013485589996
0.0122598060407
19.0959267181
0.158926442964
0.0122836960945

checksumTime
0.0122175819706
0.0121226951014
0.011988081038
0.0119460010901
0.0119693118613
0.0120361200534
0.0118907149881
0.0119049788918
0.011839838
0.0322876439895




layer number :  10
67.794370739
0.0618730490096

jsonTime
1.55605721497
0.0167675020639
0.0157923949882
2.48911479814
0.0161961070262
0.0325340519194
0.0173332248814
1.63065834297
0.0379742910154
0.0168182139751

layerTime
15.928713396
0.0124229688663
0.0123401668388
26.2923844079
0.0123245329596
0.0137047609314
0.0125923829619
19.092346553
0.360924524954
0.0123395989649

checksumTime
0.0139782209881
0.0120135841426
0.0120243360288
0.0121638609562
0.0120346001349
0.0119171570987
0.0122480860446
0.0119319611695
0.0120597230271
0.0321962800808




layer number :  10
67.5587874469
0.0636962000281

jsonTime
1.60633008019
0.0159503240138
0.0146419750527
1.98661229713
0.0161169641651
0.0316221651156
0.0165166531224
1.59919345798
0.0332649091724
0.0151544690598

layerTime
16.206649876
0.0120072171558
0.0120413349941
26.703406336
0.0122744259425
0.0135156069882
0.0122931508813
18.8553938861
0.162976725958
0.0120263230056

checksumTime
0.0121168668848
0.0117895419244
0.0119822188281
0.0122700708453
0.0119905509055
0.0120280929841
0.0119792139158
0.0120114309248
0.0130805638619
0.0372120440006




layer number :  10
66.4652516851
0.0621426939033

jsonTime
1.57353366097
0.0150141951162
0.0240026770625
1.94879956287
0.0150487590581
0.014696261147
0.0149587818887
1.58483303408
0.0334290720057
0.0158497721422

layerTime
16.4304155379
0.0121019058861
0.0122931660153
25.1465934601
0.0128110288642
0.0120555118192
0.012395652011
19.205602657
0.155037658988
0.0122691439465

checksumTime
0.0120212379843
0.011782047106
0.0121377899777
0.0119720089715
0.0108982219826
0.0117208091542
0.0120950930286
0.0122128508519
0.0120075480081
0.0339422740508




layer number :  10
67.051651106
0.060601941077

jsonTime
1.56948960409
0.0162221021019
0.0155409229919
2.47090512095
0.0353089431301
0.0162042491138
0.0162415478844
1.56015360588
0.0350078430492
0.014822473051

layerTime
16.045379214
0.0124959771056
0.0122631241102
25.520307912
0.0123057449237
0.0121518538799
0.0122826101724
19.109553851
0.333418063121
0.0113400479313

checksumTime
0.0126193808392
0.0118989958428
0.0121922779363
0.0122075469699
0.0117752549704
0.0120432930999
0.0118614679668
0.0169540729839
0.0117631319445
0.0355212509166




layer number :  10
67.8317818949
0.0627543749288

jsonTime
1.54811774706
0.0151409909595
0.014582592994
2.41498563299
0.0223879399709
0.0153791301418
0.0152186180931
1.57337216591
0.0335754011758
0.0147969031241

layerTime
16.163754967
0.0120609069709
0.0127689819783
26.4844032419
0.0121165642049
0.0120274550281
0.012131981086
19.0652403601
0.157713877037
0.0121044949628

checksumTime
0.0124042029493
0.0117022590712
0.0110679811332
0.01196505595
0.0116689098068
0.0118139388505
0.0120437690057
0.0130295017734
0.013506244868
0.0373107248452




layer number :  10
66.24791086
0.0779957189225

jsonTime
1.53394509107
0.0153548228554
0.021649637958
2.09426070587
0.0161247130018
0.0157884401269
0.0163454359863
1.65085623786
0.0412085079588
0.0159789980389

layerTime
15.8330538839
0.0120153392199
0.0119682981167
25.3791102022
0.0122797258664
0.0124893100001
0.0123831538949
18.971832565
0.339106922969
0.0122345429845

checksumTime
0.0124878000934
0.011791748926
0.0121637459379
0.0122054219246
0.0119813180063
0.0119402960408
0.0117592751049
0.0119774260093
0.0119752660394
0.0328101371415




layer number :  10
67.452327268
0.0614162199199

jsonTime
1.60324214096
0.0163235829677
0.015629875008
2.57116055908
0.0159104750492
0.0315384340938
0.0163516069297
1.59610870411
0.0533871899825
0.0157788880169

layerTime
15.993730508
0.0122482129373
0.0122574609704
26.335063156
0.0122298840433
0.0135763320141
0.0122570090462
18.5320457038
0.360208051046
0.0122265371028

checksumTime
0.0123666999862
0.0119676389731
0.0119504029863
0.0117756880354
0.0120070478879
0.0121196589898
0.0121511679608
0.0121741180774
0.0120366788469
0.0404052729718




layer number :  10
67.666998466
0.0650682919659

jsonTime
1.50533748697
0.0151415970176
0.014619399095
2.18910491117
0.016562767094
0.0316413529217
0.0165389219765
1.59597831685
0.0522415759042
0.0160186518915

layerTime
16.320520934
0.012264274992
0.0120331239887
26.1919168269
0.0122696259059
0.0135178430937
0.0123313209042
19.0483113441
0.35796017223
0.0122816290241

checksumTime
0.0120017060544
0.0115208609495
0.0120458479505
0.0120999959763
0.0119184569921
0.0118910491001
0.0119368501473
0.0119228349067
0.0120311309583
0.037263909122




