layer number :  18
174.446841078
0.085941238096

jsonTime
2.34661216987
0.0323910091538
0.0179247700144
3.75652236701
1.00366128888
6.47809717199
0.062249366194
0.0701360150706
0.373935220996
0.0150095298886
0.014976257924
0.0152152259834
0.300481494982
0.0222482648678
0.0181356731337
0.0157113960013
0.0145860339981
0.0145398229361

layerTime
26.2314269731
0.0135949449614
0.0129776229151
49.9144567591
10.0933090411
63.83969349
0.595105784945
0.653755713021
4.25407422008
0.0123507410754
0.0121018390637
0.0120574841276
3.81650410895
0.012109921081
0.0122363739647
0.0121925799176
0.0119130660314
0.0120581919327

checksumTime
0.0122884798329
0.0118849030696
0.0119741188828
0.0122183200438
0.0122251738794
0.0121772279963
0.0164861718658
0.0120243700221
0.0118654679973
0.0118228809442
0.0117187090218
0.0188178019598
0.0117640530225
0.0117727429606
0.0127435680479
0.0117350060027
0.0117377110291
0.0405276401434




layer number :  18
167.823392964
0.085645867046

jsonTime
2.41904689185
0.0148414249998
0.0151414670981
3.786477888
0.836326516001
5.57176789804
0.050076819025
0.0670885201544
0.349688328104
0.0164345710073
0.0163122620434
0.0157108181156
0.347658065148
0.0148006940726
0.0171791731846
0.0169803539757
0.0219467370771
0.0153262380045

layerTime
24.2651250181
0.0121604090091
0.0123407798819
49.0555934389
9.99066968495
61.3750949369
0.263690541964
0.615760062821
4.16162421787
0.0122994340491
0.0123029469978
0.0122411157936
4.03619055892
0.0119696350303
0.0125072589144
0.012115836842
0.0120869018137
0.0120930809062

checksumTime
0.0120127110276
0.0124226589687
0.0120193460025
0.0117495171726
0.0119950280059
0.0121301659383
0.0118300500326
0.0122401220724
0.0120615409687
0.0119649379048
0.0119827040471
0.0119937569834
0.0118099709507
0.0117602918763
0.0139375980943
0.0118360561319
0.0138988101389
0.0406441551168




layer number :  18
173.612907189
0.0849569730926

jsonTime
2.42193034384
0.0358773770276
0.016192794079
3.46298247809
0.991841829149
5.61218723003
0.061961529078
0.0642276359722
0.300408481155
0.0152666228823
0.0157764470205
0.0151005277876
0.30650134082
0.0158765588421
0.0215101270005
0.0168003749568
0.0315465931781
0.0156964890193

layerTime
26.0098810182
0.0121720929164
0.012096043909
49.858085877
9.70751366881
64.8258272698
0.607641833834
0.626294013113
3.83099539694
0.0121737329755
0.0131015938241
0.0122259040363
4.26865797001
0.0122373350896
0.0125559831504
0.012284019962
0.0123780868016
0.0124496188946

checksumTime
0.0119674429297
0.0118689499795
0.0111872979905
0.0119517429266
0.011776171159
0.0156057560816
0.0120762910228
0.0119711689185
0.0136280900333
0.0117531351279
0.0119348152075
0.0117191311438
0.0118796261959
0.0118910109159
0.0119660468772
0.0119476870168
0.0119455570821
0.0299557240214




layer number :  18
170.25467415
0.0870615621097

jsonTime
2.32305191993
0.0149388599675
0.016098190099
3.20926913107
0.943904940039
5.89804827794
0.0517330230214
0.0567475839052
0.316783634014
0.0152560172137
0.0152354259044
0.0256266759243
0.34147274401
0.0150577351451
0.0246745168697
0.0153640930075
0.0152586661279
0.0159705390688

layerTime
26.407919145
0.0120830200613
0.0113897959236
48.5325700231
10.038950471
62.5630330071
0.55370598007
0.277002718998
4.31050676387
0.0124241327867
0.011805369053
0.0135686830617
3.79788837722
0.0120126090478
0.0125822930131
0.0121033559553
0.0119641318452
0.0121888339054

checksumTime
0.0121699380688
0.011815818958
0.0117486689705
0.0121133618522
0.0122449570335
0.0119365658611
0.0124547020532
0.0118383411318
0.0118356859311
0.0113987862132
0.0115783149377
0.011269721901
0.0119515447877
0.0117266529705
0.0117920900229
0.0117594359908
0.0116803310812
0.0375315139536




layer number :  18
171.459618195
0.0875367929693

jsonTime
2.46180192288
0.0152871708851
0.0322840218432
3.80548425787
0.74215881899
6.02799687721
0.0508312368765
0.0555949809495
0.362372295
0.0152198879514
0.0149920869153
0.0162512329407
0.311274948064
0.0156196351163
0.0200791889802
0.0174843068235
0.0280880481005
0.0153892389499

layerTime
26.0755101491
0.0126745039597
0.0133152960334
47.6273854519
10.1911565401
64.0744751568
0.262254938949
0.54212298803
3.95317866281
0.0120734721422
0.012096256949
0.0118801752105
4.25283029792
0.0123695868533
0.0123544421513
0.0124417440966
0.0122914600652
0.012213248061

checksumTime
0.0124942900147
0.011795084225
0.0120415030979
0.0118962591514
0.0119458998088
0.0119045651518
0.0118884760886
0.0119252700824
0.0129710361362
0.0118510089815
0.0133916609921
0.0116568438243
0.0122048400808
0.0120076970197
0.0140795269981
0.0119661958888
0.0117957550101
0.0427348918747




layer number :  18
172.449992859
0.0873580439948

jsonTime
2.46307184594
0.0159353110939
0.0163040610496
3.59945980785
0.851438394049
5.65776460804
0.0546534918249
0.0656274079811
0.371732688975
0.0158811211586
0.0225331059191
0.0146848761942
0.302492717979
0.016821207013
0.0223582070321
0.0168789972086
0.0316721759737
0.0167433498427

layerTime
25.8934506041
0.0122457828838
0.0122807479929
49.6928313212
9.87780751591
63.4280698679
0.388680827105
0.6385875782
4.30858969386
0.015869027935
0.0121578329708
0.0120983798988
4.19589438802
0.0122428750619
0.0125126938801
0.0122889489867
0.012357612839
0.0122543121688

checksumTime
0.0126025760546
0.0125616670121
0.0118544900324
0.0126556889154
0.0118134510703
0.013679274125
0.0121366349049
0.0119873220101
0.0121074439958
0.0129054680001
0.0117535369936
0.0116618610919
0.0121853929013
0.012009762926
0.0118840599898
0.0119422019925
0.0119711011648
0.0379308129195




layer number :  18
172.090380672
0.0876691169105

jsonTime
2.28115777811
0.0158999999985
0.0157020201441
3.43214735109
0.773565442069
5.63181045605
0.0589665279258
0.0670351879671
0.352663235972
0.0160767179914
0.0147586800158
0.0144594348967
0.292487411993
0.0149631609675
0.0177089280915
0.0157672539353
0.021772300126
0.0154007261153

layerTime
26.5195047921
0.0123037309386
0.0121878329664
49.591694925
9.06404426089
63.9015923059
0.609668551944
0.64136299002
3.919695694
0.0119998860173
0.0120370900258
0.01230511209
4.31685611908
0.0120920231566
0.0122283918317
0.0120675640646
0.012054520892
0.0118852688465

checksumTime
0.0125283759553
0.0117050779518
0.0117578168865
0.0120290459599
0.0142765480559
0.0121554371435
0.0120139990468
0.0127542831469
0.013348603854
0.0117507120594
0.0118553889915
0.0119622219354
0.0119200779591
0.0116828319151
0.0114160771482
0.0117346018087
0.0128264690284
0.0465530289803




layer number :  18
173.790752226
0.0879195791204

jsonTime
1.94154785504
0.0165407608729
0.0168403161224
3.94405592
0.988822294865
6.27863743599
0.0615795019548
0.0620479260106
0.345476959832
0.0172380970325
0.0159405809827
0.0152174050454
0.333823699038
0.0149117049295
0.0171518421266
0.0152947569732
0.0216910238378
0.014734745957

layerTime
25.9391750491
0.0123463780619
0.0129515288863
48.9742289151
10.2453916082
64.7062458498
0.608169576153
0.655627210857
4.35693355603
0.0122221789788
0.0122909320053
0.0122162299231
3.71722386894
0.0120099720079
0.0122641129419
0.0122261410579
0.0121018381324
0.0120232990012

checksumTime
0.0127378359903
0.0119217699394
0.0119028689805
0.0121928420849
0.0121668139473
0.0122315280605
0.0120167019777
0.0120294801891
0.0120569909923
0.0119405989535
0.0118331641424
0.0119270370342
0.01182707306
0.0117674239445
0.0117743979208
0.0112644711044
0.011751285987
0.0416723079979




layer number :  18
171.986972638
0.0865968510043

jsonTime
2.14269454195
0.0148470681161
0.0155999741983
3.49144741893
0.97907854896
5.65698965383
0.0669348977972
0.0690478030592
0.368263060926
0.0150850231294
0.0147953438573
0.0145299211144
0.315216819989
0.0150929240044
0.0171402720734
0.0161571889184
0.0219768949319
0.0145075549372

layerTime
25.6532056781
0.012179933954
0.0120855378918
48.8830921601
9.73362300103
64.4680073881
0.609287820058
0.642356427852
3.98850333504
0.0120567360427
0.0120235539507
0.0119266058318
4.30261023389
0.0116427121684
0.0122506418265
0.0119177759625
0.0120241369586
0.0119296340272

checksumTime
0.0120200789534
0.0118648088537
0.0117554750759
0.0122747179121
0.0119021111168
0.0121573801152
0.0120891840197
0.0121421071235
0.0118025939446
0.0117062539794
0.0117380090524
0.0122169761453
0.0118259589653
0.0113943619654
0.0116340271197
0.0119199061301
0.0116321190726
0.0375222319271




layer number :  18
169.147486092
0.0890054898337

jsonTime
2.55468258588
0.0156366869342
0.01702226419
3.86892044684
0.806745241862
5.67562351911
0.0824056880083
0.0695491649676
0.31593321613
0.0224238310475
0.0158172738738
0.0152115789242
0.30365780904
0.0152265650686
0.0183283439837
0.0151383909397
0.0148597729858
0.0228180161212

layerTime
26.0042377741
0.0123038878664
0.0127743268386
45.9300635632
9.97580032703
63.8358365691
0.609167021932
0.585532691097
3.88699402707
0.0121654749382
0.0120212661568
0.0162370980252
3.99655747996
0.0120140840299
0.0123323849402
0.0121183951851
0.0120553709567
0.0119932137895

checksumTime
0.0120539150666
0.0119653670117
0.0122694941238
0.0120086090174
0.0119066019543
0.0120773769449
0.0120122160297
0.0118677488063
0.0120829218067
0.0117464391515
0.014378645923
0.011610415997
0.0116364969872
0.011697611073
0.011664527934
0.0117269540206
0.0117536529433
0.0432880870067




