layer number :  10
9.87263361784
0.0610371660441

jsonTime
0.0150021999143
0.129155357135
0.0150332648773
0.0146467480808
0.298890684964
0.0223278189078
0.0313796279952
0.0146665489301
0.714712725952
0.0219821878709

layerTime
0.012253821129
1.44659970887
0.0119841210544
0.0120293358341
3.51546422602
0.0122890709899
0.196120565059
0.0123536211904
3.14265615586
0.0113406789023

checksumTime
0.0119259208441
0.0120449850801
0.0116990150418
0.0118264560588
0.0118580830749
0.0117985161487
0.0118684568442
0.0118961930275
0.0126207761932
0.0426251490135




layer number :  10
9.80918252701
0.0629178439267

jsonTime
0.0189991521183
0.127423851984
0.0148303071037
0.0148975269403
0.283763649175
0.0324611030519
0.0432173558511
0.015704006888
0.685606049839
0.0223576149438

layerTime
0.0122237429023
1.55859585595
0.0120509269182
0.0123897900339
3.04079592298
0.0123731000349
0.450705097988
0.0121672840323
3.21483796113
0.0122477640398

checksumTime
0.0116107461508
0.0118487959262
0.0117727450561
0.0120182859246
0.0121614509262
0.012012660969
0.0119113661349
0.0118753451388
0.0121795858722
0.0306144121569




layer number :  10
9.51586116618
0.0628000542056

jsonTime
0.0159439730924
0.127321355976
0.0147930679377
0.0147566639353
0.382717699977
0.0219405649696
0.0312187748495
0.0146858380176
0.468837552937
0.022392397048

layerTime
0.0120685689617
1.2609255109
0.0120567800477
0.0120196130592
3.39740901301
0.012095148908
0.200848225038
0.0120647130534
3.25209299009
0.012202728074

checksumTime
0.0119235911407
0.0119354750495
0.011805085931
0.0117307810578
0.0121767930686
0.0120325731114
0.0117923161015
0.0117385848425
0.0122471170034
0.0366664719768




layer number :  10
10.02856158
0.063506199047

jsonTime
0.014667598065
0.127509847982
0.015636654105
0.0148225009907
0.286203221884
0.0315324510448
0.0431041470729
0.015747016063
0.694308480015
0.0225417029578

layerTime
0.0124064451084
1.57301854715
0.0121927598957
0.0113247670233
3.03688994097
0.0124097170774
0.446142083965
0.0122305690311
3.41198828816
0.0122108878568

checksumTime
0.0121374118607
0.011884349864
0.0120758269913
0.0114552711602
0.0120430099778
0.0120035388973
0.0120006159414
0.01216483186
0.01238818001
0.039587080013




layer number :  10
9.17251893296
0.0621541729197

jsonTime
0.0152087560855
0.124210851034
0.0148198739626
0.0157999170478
0.39981389395
0.0219237930141
0.0311966768932
0.0146907260641
0.460576848127
0.0225438380148

layerTime
0.0123196819331
1.16728024092
0.012032113038
0.0122679339256
3.35086293588
0.0121256480925
0.205509821186
0.0122515070252
3.03092827997
0.0122007930186

checksumTime
0.011970397085
0.0118505810387
0.0119567050133
0.0118962260894
0.0118073420599
0.0117849069647
0.0121845668182
0.0117858338635
0.0124132970814
0.0435031459201




layer number :  10
9.83229386597
0.0620375289582

jsonTime
0.0149195850827
0.123031024123
0.0150243190583
0.0145406499505
0.291315657087
0.0219892810564
0.0315443910658
0.0147256569471
0.683836378157
0.0220566829666

layerTime
0.0122415667865
1.42718767887
0.0119469598867
0.0120592268649
3.52794368681
0.0121290578973
0.19610816706
0.0122323168907
3.15265804995
0.0120924010407

checksumTime
0.0119333260227
0.0120461781044
0.0119342401158
0.0115356671158
0.0117967471015
0.0120628289878
0.0118330200203
0.012005195953
0.0116843809374
0.0431825721171




layer number :  10
8.71777306707
0.0630954820663

jsonTime
0.0152248789091
0.12433821708
0.0162966458593
0.0157719459385
0.394281225977
0.0218349250499
0.0303155779839
0.0145885758102
0.458459509071
0.0148639110848

layerTime
0.0123270039912
1.10335605592
0.0123045600485
0.012315917993
3.287568453
0.0123481689952
0.214299988933
0.0120773760136
2.71756730299
0.012024482945

checksumTime
0.0119297730271
0.0122368950397
0.0121447211131
0.0121755339205
0.011855446035
0.0115056340583
0.0117692281492
0.0117419990711
0.0119980738964
0.0344431051053




layer number :  10
9.86728116195
0.062421774026

jsonTime
0.015139675932
0.148233868182
0.0148403060157
0.0156409870833
0.285569065018
0.0148345069028
0.0311274260748
0.0148466939572
0.668845172971
0.0152888118755

layerTime
0.0122569040395
1.43154424382
0.0120303360745
0.0119837659877
3.54998616804
0.0120575570036
0.205432334915
0.0119593068957
3.16274539009
0.0123320589773

checksumTime
0.011979166884
0.0118259640876
0.0116795098875
0.0118046989664
0.0118386750109
0.0121779260226
0.0117636520881
0.0119574170094
0.012253601104
0.0401649570558




layer number :  10
9.83801988093
0.062671268126

jsonTime
0.0318094659597
0.128243113868
0.0148190101609
0.0149045898579
0.297155858018
0.0143074330408
0.0311443700921
0.0160465321969
0.683685840108
0.01504595601

layerTime
0.0114983378444
1.42114698212
0.0120096609462
0.012305974029
3.51589393802
0.0120232489426
0.206488976022
0.0124409659766
3.15213659895
0.0120967661496

checksumTime
0.0115890931338
0.0117569179274
0.0118605550379
0.0118083870038
0.0119215368759
0.0118265401106
0.0120062287897
0.0121996009257
0.0121986868326
0.0427704788744




layer number :  10
9.51589505305
0.0669749791268

jsonTime
0.017298058141
0.143968616147
0.0148044051602
0.0144803719595
0.277104939101
0.0161824538372
0.0429141689092
0.0159582050983
0.680304070003
0.016369111836

layerTime
0.0124736397993
1.5579416689
0.0121933978517
0.0120569320861
3.0430353689
0.0124203271698
0.469521995168
0.0122902379371
2.90361970407
0.0122890099883

checksumTime
0.0119339430239
0.0117565449327
0.0116285320837
0.01201584097
0.0120757240802
0.0119614698924
0.0120153839234
0.0120206389111
0.0115314230788
0.0441253420431




