layer number :  19
159.080879483
0.0879094579723

jsonTime
0.0154319189023
3.08619049215
0.0284137851559
0.0155924470164
0.0146122330334
0.0145777619909
0.0217669059057
3.24691782705
0.0220931519289
0.0151252849028
0.0227695810609
8.50221437612
1.1853278731
0.0172804179601
0.0165889170021
1.87051927787
0.0442257998511
0.0160022559576
0.0158144959714

layerTime
0.0122536651324
32.2167763019
0.0424386910163
0.0121328840032
0.0120221350808
0.0119307939894
0.0120450640097
35.4921911829
0.0137126080226
0.0119547590148
0.012313463958
53.1002478648
5.36852436396
0.0122417740058
0.0122067788616
13.9483581411
0.242994419066
0.0122271890286
0.0124838519841

checksumTime
0.011994642904
0.0119733209722
0.0117123478558
0.0117944090161
0.0117678458337
0.0116663621739
0.0119403770659
0.0120268450119
0.0116433820222
0.0119493489619
0.0117827940267
0.0123006990179
0.0119804460555
0.0120495420415
0.0118729341775
0.0157538650092
0.0119650440756
0.0120150388684
0.0336831312161




layer number :  19
154.734032141
0.0857354430482

jsonTime
0.0161403270904
3.1001234299
0.0215630719904
0.0174103388563
0.0156721691601
0.0324125220068
0.0166950619314
3.28080830094
0.0239923780318
0.0143341249786
0.0154044129886
8.44091084902
1.184360218
0.015902744839
0.0151668919716
1.7034313709
0.0281880341936
0.0151587519795
0.0146192689426

layerTime
0.0122583981138
31.4835836282
0.0411823170725
0.0123299369588
0.0121900979429
0.0138458791189
0.0123194020707
33.429458292
0.0117869919632
0.0114954579622
0.0123113789596
51.6913482791
5.50456935819
0.0120494309813
0.0119817699306
14.0046219511
0.110699099954
0.0120830400847
0.012079105014

checksumTime
0.0119658939075
0.0124647268094
0.0119222081266
0.0119718660135
0.0122319739312
0.0120302189607
0.0119345500134
0.0140110589564
0.0113858061377
0.0117712509818
0.011967245955
0.0122556928545
0.0127934080083
0.0116770311724
0.0117045920342
0.0122961588204
0.0117472019047
0.0117745890748
0.0351387700066




layer number :  19
150.886710731
0.0891202269122

jsonTime
0.0322431779932
2.98706496879
0.0214794760104
0.015380429104
0.0145456099417
0.0284920360427
0.0165362071712
3.24241699302
0.033421004191
0.0158478249796
0.0168167259544
8.03908311389
0.963275643066
0.0170617101248
0.0324362928513
1.80260780803
0.0293801119551
0.0157811988611
0.0315446380991

layerTime
0.0123322808649
31.378971379
0.041186657967
0.0121084318962
0.0120653640479
0.0140255049337
0.0122142250184
34.0843766481
0.0141158557963
0.0122693900485
0.0122733479366
48.2165680281
5.22674337099
0.0122488790657
0.013198036002
13.9598587858
0.123099184129
0.0122907741461
0.0124186349567

checksumTime
0.0119255671743
0.0120692921337
0.0120768549386
0.0116582331248
0.0117797709536
0.0119305069093
0.0119634908624
0.0121263158508
0.0121918451041
0.0119312279858
0.0118706771173
0.011937313946
0.0119442238938
0.0119250849821
0.0119319991209
0.0146484530997
0.0120300829876
0.0119790749159
0.0312211378478




layer number :  19
151.726246457
0.0878406341653

jsonTime
0.0153354241047
3.01720277988
0.0218661711551
0.0152127370238
0.0145468590781
0.01423973497
0.0144524599891
2.49289425998
0.0172987820115
0.0318609650712
0.0170095791109
8.09243592317
0.709559031064
0.0169769250788
0.0179972189944
1.77785805496
0.0276747120079
0.0147361159325
0.023246986093

layerTime
0.012219196884
30.8340395482
0.0418964070268
0.0122017159592
0.0118820010684
0.0119358191732
0.0119186090305
34.4222157921
0.0122880029958
0.0141306850128
0.0122619380709
50.4034189468
5.23969187913
0.0123680338729
0.0123382939491
13.8224887399
0.102389200125
0.0119986520149
0.0121786089148

checksumTime
0.011844904162
0.0118013718165
0.0116694788449
0.0119558309671
0.0119456069078
0.011730795959
0.0119818479288
0.0122374948114
0.0119483959861
0.0120791129302
0.0118766748346
0.0119921360165
0.0120270939078
0.0156245019753
0.011940697208
0.0118878460489
0.0116722669918
0.0130996259395
0.0422165920027




layer number :  19
153.659601949
0.088366451906

jsonTime
0.0154997981153
2.69596380298
0.0270194751211
0.0209557821508
0.0154801029712
0.0152925008442
0.0284542061854
2.81981258793
0.0173511821777
0.0150873719249
0.0169853370171
8.10571994493
0.782938917167
0.0154162300751
0.0151621021796
1.36955618998
0.0411921569612
0.0320406800602
0.0160268722102

layerTime
0.0121742750052
31.9611302121
0.0698105629999
0.0124632900115
0.0125858520623
0.0121475080959
0.012447103858
34.7529726061
0.0156014719978
0.0118827160913
0.0123200060334
51.319326872
4.8434647359
0.0121049359441
0.0120770710055
13.919483725
0.224338934058
0.0123701060656
0.0122853268404

checksumTime
0.0119264619425
0.012170403963
0.0115195058752
0.0125714328606
0.0120051980484
0.0119179969188
0.011942160083
0.0121800238267
0.0126168529969
0.0119397838134
0.0119509000797
0.0121324879583
0.0119256749749
0.0117589589208
0.0117957990151
0.0120196309872
0.0127609118354
0.0119620058686
0.0366113430355




layer number :  19
154.456762499
0.0878534698859

jsonTime
0.01534953597
3.15663244086
0.0314552451018
0.0172063470818
0.0155820180662
0.0159978291485
0.0153095209971
2.88850181294
0.0165081550367
0.0318089080974
0.0170711399987
8.30538967298
0.75257263612
0.015735458117
0.0169570380822
1.73718769406
0.0421201200224
0.0158316930756
0.0311721828766

layerTime
0.0123005839996
31.8303311081
0.0826384080574
0.0122503710445
0.012245335849
0.0121477618814
0.011888716137
34.672600531
0.0121270748787
0.0138891490642
0.0122831459157
51.507924753
5.28505260497
0.0120209369343
0.012652734993
13.2111067339
0.22033789102
0.012228209991
0.0122449831106

checksumTime
0.0119626580272
0.012234441936
0.0115737959277
0.0118686219212
0.0121967350133
0.0119279879145
0.0118649890646
0.0150435159449
0.0120447520167
0.0119970259257
0.0119328231085
0.014031851897
0.0126079348847
0.0119260279462
0.0138465890195
0.0121535980143
0.0122758089565
0.0119703679811
0.0378407640383




layer number :  19
152.463887024
0.085686552804

jsonTime
0.0310272001661
2.62308497401
0.0218506560195
0.0155009930022
0.0145595881622
0.0155518390238
0.0336622030009
3.29584695911
0.0156163861975
0.0145090259612
0.0232706409879
7.86945284903
0.998707212973
0.0162803779822
0.0150783790741
1.57838461013
0.0346354171634
0.0157964969985
0.0313758600969

layerTime
0.0115414687898
31.2919703859
0.0422994331457
0.0124599500559
0.0123149889987
0.0122871969361
0.0119804169517
35.195117319
0.0120674269274
0.0120009600651
0.0121306870133
51.2621935199
4.85110805905
0.0149337700568
0.0120497618336
12.498002894
0.158258335898
0.0122429348994
0.0123257569503

checksumTime
0.0111698941328
0.0123210889287
0.0117786489427
0.0118503358681
0.0120134458411
0.0120172870811
0.0116170200054
0.0119944638573
0.0119573590346
0.0126744899899
0.0117206790019
0.0115158921108
0.0118283198681
0.0130069840234
0.0116686499678
0.0116747738793
0.0120050450787
0.0118950379547
0.0415204151068




layer number :  19
155.894254881
0.0921792110894

jsonTime
0.0160326440819
3.14802922285
0.0307657970116
0.0164071179461
0.0142817539163
0.0150901149027
0.030425518984
3.23156817397
0.0155919990502
0.014315939974
0.016079798108
7.80194967496
1.17814374296
0.016742864158
0.0160468500108
1.73516398016
0.0277911848389
0.014841074124
0.0153400620911

layerTime
0.0124731459655
32.0051811691
0.082326078089
0.0114189609885
0.0119361481629
0.0114490969572
0.013321083039
34.660382272
0.0124314059503
0.0120524109807
0.0121050868183
51.740208393
5.45104308613
0.0120738910045
0.0126896451693
13.9876442768
0.107272183057
0.0120219578966
0.0120725999586

checksumTime
0.0119894160889
0.0122662999202
0.0119296989869
0.0111752450466
0.0109653489199
0.0122020670678
0.0120114060119
0.0121977119707
0.0116430721246
0.0117473970167
0.0117060681805
0.0144268309232
0.0140392258763
0.0117733548395
0.011861669831
0.0122034221422
0.0117934439331
0.0118455321062
0.0389377600513




layer number :  19
150.439650177
0.0906840399839

jsonTime
0.0311659979634
2.97632237012
0.0215226509608
0.015827476047
0.0148639730178
0.0154042840004
0.0318869189359
3.22114457097
0.0168550550006
0.0144372349605
0.0256453179754
7.58298612805
1.10545754991
0.0160534260795
0.0149855420459
1.75400776207
0.0412136788946
0.0157871760894
0.0156273790635

layerTime
0.0124043351971
29.3493636958
0.0408646210562
0.0121092840564
0.0120301579591
0.0125024381559
0.0139300969895
34.2646273531
0.0119849229231
0.0120484691579
0.0120527660474
50.1322809251
5.37592710508
0.011998913018
0.0124754768331
13.613668768
0.221485583112
0.0124579279218
0.0122076170519

checksumTime
0.0119694748428
0.0128505411558
0.0118361068889
0.0117797709536
0.0117271419149
0.0121486550197
0.0119776430074
0.015582164051
0.0114951739088
0.0117704339791
0.0117248948663
0.012253788067
0.0119781258982
0.0116956059355
0.0119664841332
0.0121687159408
0.0118989599869
0.0119639919139
0.0423047628719




layer number :  19
153.423723845
0.0877607159782

jsonTime
0.016032562824
3.06271270895
0.0308313209098
0.0178248628508
0.0315820560791
0.0164761680644
0.0157271840144
3.03049876099
0.0154651449993
0.0218618081417
0.0153734621126
7.57787964307
1.16545104608
0.0157217080705
0.0149920920376
1.60939973895
0.0420481648762
0.0158358069602
0.0325500029139

layerTime
0.0123681481928
31.76731393
0.083001872059
0.0128157250583
0.0139572708867
0.0128529518843
0.012616164051
34.108983089
0.0120560589712
0.012129890034
0.0135575670283
51.198012002
5.13868855801
0.0120563970413
0.0121795840096
13.6449654649
0.221008057939
0.0123324708547
0.0123573620804

checksumTime
0.0119986359496
0.0138933730777
0.0121243901085
0.0124118749518
0.0124641710427
0.012201921083
0.0121295768768
0.0119680480566
0.0116942729801
0.0118166918401
0.0143022008706
0.0117241689004
0.0121418838389
0.011747228913
0.0118279471062
0.0120344480965
0.0119708161801
0.0119983442128
0.0432651888113




