layer number :  35
150.397549932
0.151398258051

jsonTime
0.0215122790541
2.97586203599
0.0469285908621
0.0174587948713
0.0156473161187
0.0160674680956
0.0319155938923
0.017107067164
0.0328341741115
0.0158134319354
0.0147836050019
5.9029362062
0.0170131889172
0.0287512040231
0.0650177630596
0.0152475049254
0.0161516920198
0.0169346509501
0.0291279649828
0.0155633951072
0.0153626489919
0.0152710010298
0.0154195239302
0.0282976308372
0.0177526599728
0.0155485807918
1.29519413412
0.015189858852
0.0226506940089
1.10659313994
0.0886648809537
0.770912467968
0.0158000930678
0.106486048782
0.0146982979495

layerTime
0.0121902208775
29.702246706
0.0869468951132
0.0122524851467
0.0123177750502
0.0122144869529
0.012346993899
0.012167197885
0.0123095738236
0.0121244441252
0.0122908300254
73.4212714969
0.0129080759361
0.194214652991
0.995558822062
0.012342269998
0.012166725006
0.0150214070454
0.0126197920181
0.0122198110912
0.0122646621894
0.0124934159685
0.0122169589158
0.0123589090072
0.0121632500086
0.0124447871931
10.4589624929
0.0120513541624
0.0578993328381
11.9911400941
0.796961266082
7.89196989499
0.01207900187
1.0362143002
0.0122309031431

checksumTime
0.0119302792009
0.012253772933
0.0119309490547
0.0121046828572
0.0119520458393
0.0120280301198
0.0119635600131
0.0120327610057
0.0116274780594
0.0115143719595
0.0119885948952
0.0123218970839
0.0120856110007
0.0119746439159
0.0135346569587
0.0119176141452
0.011864857981
0.0117839330342
0.0119781338144
0.0119085158221
0.0120094208978
0.011950208107
0.0119239131454
0.0120022820774
0.0120320781134
0.0119080098812
0.0118595231324
0.0118815279566
0.0118523561396
0.0120922429487
0.012084019836
0.0128631740808
0.0128563072067
0.0120122379158
0.0375999349635




layer number :  35
156.901188556
0.130758709041

jsonTime
0.0337095279247
3.11490484513
0.0307136720512
0.0173790080007
0.016360423062
0.033014792949
0.0157783830073
0.0155949259643
0.0157982320525
0.016469449969
0.0311037458014
5.95119316713
0.0353502649814
0.0292723649181
0.0634080679156
0.0150306711439
0.0154172349721
0.0228179870173
0.0146208140068
0.0146149890497
0.0146652408876
0.0215882000048
0.0145766988862
0.0146713508293
0.0158993790392
0.0146320159547
1.34154048795
0.0328033550177
0.0295379748568
1.21425029193
0.0606782881077
0.783632111968
0.0163942179643
0.156260543037
0.0175147291739

layerTime
0.0124418169726
31.7542881779
0.0817833538167
0.0123010450043
0.0122049821075
0.0119867729954
0.0122324819677
0.0122173549607
0.0124320930336
0.0121785199735
0.0123002980836
75.828028756
0.015926563181
0.191796250874
0.937673611101
0.0120827609207
0.0120098360348
0.0120322911534
0.0120924860239
0.0120217830408
0.0120397100691
0.0120652390178
0.0120587551501
0.0122673260048
0.0121959189419
0.0122563801706
10.756458102
0.013216531137
0.122949628159
13.042360398
0.407323413994
8.19442967512
0.0122514781542
1.44918859494
0.0121475728229

checksumTime
0.0119956559502
0.0127707680222
0.0120881411713
0.0119663018268
0.0117202738766
0.0120994050521
0.0119661160279
0.0119144921191
0.0119086808991
0.0119602421764
0.0119749659207
0.0120957589243
0.0133582230192
0.0120347060729
0.0120989559218
0.0120418930892
0.011754355859
0.0117232839111
0.0117991799489
0.0116793769412
0.0117648630403
0.0117049149703
0.0117659480311
0.0117480410263
0.011746136006
0.011904025916
0.012118485989
0.0119713989552
0.0120013509877
0.0119018240366
0.0122051578946
0.0120926778764
0.0119513468817
0.0164411449805
0.0330460870173




layer number :  35
153.240526492
0.131281108828

jsonTime
0.0268844210077
2.63424995518
0.0300962710753
0.0175868771039
0.0156766630244
0.0155896169599
0.0155976267997
0.0319889672101
0.015820580069
0.0156690378208
0.0157142721582
5.92255271296
0.0181993080769
0.0228708069772
0.054962920025
0.0177718501072
0.0221127260011
0.0149725440424
0.0135476919822
0.014597855974
0.0147355599329
0.0219212318771
0.0147015200928
0.0159384449944
0.0189097200055
0.0166418170556
1.39841865795
0.0225946761202
0.0225746519864
1.2531243579
0.0707388708834
0.773185206112
0.0145627199672
0.157593654934
0.0161098060198

layerTime
0.0121015759651
29.657640734
0.082677927101
0.0124110400211
0.0121479639784
0.0124549609609
0.012361377012
0.0133493479807
0.0121879458893
0.0122658140026
0.0123738050461
75.086519768
0.0127697878052
0.0911730010994
0.710262719076
0.0123788928613
0.0125152270775
0.0120151170995
0.0116148949601
0.0120913020801
0.0120108281262
0.0121210671496
0.0120524968952
0.0122352838516
0.0123750150669
0.0122850008775
10.308018211
0.0122145779897
0.0585892030504
12.73104183
0.807995152194
8.28829015908
0.0121109429747
1.76440835511
0.0122001420241

checksumTime
0.0118487279397
0.0122281548101
0.0119184148498
0.0119473189116
0.012021758128
0.011888459092
0.0120577369817
0.0119915639516
0.0118606421165
0.0119655269664
0.0122365038842
0.0157009090763
0.0118203100283
0.0119070359506
0.0164392238948
0.0117740919814
0.0121109799948
0.0114477379248
0.0118223740719
0.0117722118739
0.01173853199
0.0119457598776
0.0120433401316
0.0121663210448
0.0119544989429
0.0120571281295
0.012943534879
0.0117842529435
0.0119128180668
0.0119452050421
0.0126461808104
0.0117466328666
0.0117882811464
0.0137670969125
0.0320326730143




layer number :  35
157.197661072
0.130960908951

jsonTime
0.0154018148314
3.10139819188
0.0218111320864
0.0153414800297
0.0146181869786
0.0228438437916
0.0158753159922
0.0158748228569
0.0157451368868
0.0163698780816
0.0323728881776
5.92131685582
0.0355380340479
0.0311865869444
0.0599110869225
0.0160399889573
0.0154659568798
0.0293461440597
0.0156512940302
0.0153002780862
0.0158059569076
0.0288347420283
0.0154691839125
0.0154322849121
0.0178589441348
0.0170626710169
1.30654401891
0.0321230350528
0.0313206210267
1.25538390502
0.0595507980324
0.812863891013
0.0149660781026
0.111800873885
0.0142050660215

layerTime
0.0124239530414
31.693820887
0.0410983779002
0.0121010369621
0.012074238155
0.0122845731676
0.0123333488591
0.0122815051582
0.0122599960305
0.0125686770771
0.0123664648272
76.9342720471
0.013883782085
0.192891400075
1.01433195802
0.0122321010567
0.0121932982001
0.0123585499823
0.0122657730244
0.0122076270636
0.0121719730087
0.0123194458429
0.012444291031
0.0122465610038
0.0121986039449
0.0122011990752
10.795397501
0.0131526440382
0.122110591969
13.0429198139
0.390899379971
7.86919468595
0.0119727950078
1.0330310252
0.0119413330685

checksumTime
0.0119603821076
0.0119540810119
0.0118320100009
0.0116634019651
0.0117872010451
0.0120281740092
0.0120139440987
0.0117204179987
0.0120178069919
0.0121158817783
0.011878141202
0.012322468916
0.0167447139975
0.0120284059085
0.0122468180489
0.0119823419955
0.0119289078284
0.011932288995
0.0119538858999
0.0121329990216
0.0119269220158
0.0121414181776
0.0118300409522
0.0120308450423
0.0117780589499
0.0118688209914
0.0122156420257
0.0165991608519
0.0117455201689
0.0128096300177
0.0120771650691
0.0120281658601
0.0116582140326
0.012238252908
0.0356761359144




layer number :  35
157.971889167
0.131071860204

jsonTime
0.015367164975
3.07511299197
0.0271714089904
0.0168586480431
0.0153683980461
0.0284193160478
0.0154291409999
0.0153132809792
0.0153786090668
0.0160455680452
0.0281767440028
5.88056982006
0.0228669389617
0.0242882510647
0.0492829759605
0.0150967419613
0.0146244969219
0.0225545410067
0.0155973217916
0.0146080460399
0.014871991938
0.0216721491888
0.0145493161399
0.0146576999687
0.0162844120059
0.0148806038778
1.24409894203
0.0327836389188
0.0301169899758
1.19438734907
0.0625023879111
0.755158020882
0.0151301249862
0.14747743099
0.0141174138989

layerTime
0.0123060890473
32.4797086732
0.0686775860377
0.0123119771015
0.01219119085
0.012293193955
0.0121645489708
0.0124057258945
0.012179074809
0.0121578581166
0.0122403718997
76.681626372
0.0123144050594
0.090237245895
0.719094943954
0.0121741690673
0.0120701340493
0.0123455268331
0.0119820840191
0.0120392260142
0.0121099280659
0.0120849458035
0.0120848820079
0.0119565930218
0.0120622268878
0.0120494870935
10.7740405989
0.0135979340412
0.12490998907
12.52253027
0.803611797048
8.32586467103
0.0120310990606
1.54071977013
0.0115975979716

checksumTime
0.0120515199378
0.012410818832
0.0118499649689
0.0118984449655
0.0119108450599
0.0119715901092
0.011805600021
0.0118823640514
0.0118746210355
0.0118982719723
0.0119503960013
0.0156301599927
0.0138836209662
0.0126896919683
0.0119235531893
0.0117343189195
0.013222407084
0.011765871197
0.0117149869911
0.0120477681048
0.0118214788381
0.0117962670047
0.0114661930129
0.0118263859767
0.0116850130726
0.0117561840452
0.0122324500699
0.0112761689816
0.0120523739606
0.0118518769741
0.0119455070235
0.0119923839811
0.0116892629303
0.0112231790554
0.0746985720471




layer number :  35
155.778891852
0.134320984827

jsonTime
0.0155248888768
3.01041779411
0.039475502912
0.0167543110438
0.0170409160201
0.0154594769701
0.0155636109412
0.0295034178998
0.015511111822
0.0152635560371
0.0156465701293
5.97896207008
0.0167390389834
0.0283568650484
0.0673120899592
0.0171727419365
0.0294058010913
0.0154046118259
0.0154526380356
0.0156587029342
0.0290713920258
0.0154956900515
0.0156632731669
0.0153443238232
0.0175941558555
0.0290410178714
1.24392116093
0.0298981091473
0.0297360098921
1.21280931612
0.0688087160233
0.766277015908
0.0165084891487
0.166111968923
0.0154231970664

layerTime
0.0123377069831
31.2137824348
0.0718516060151
0.0122523340397
0.0121861379594
0.0123907239176
0.0122272141743
0.0126967800315
0.0122936931439
0.0122140981257
0.0122555778362
75.135469666
0.0121733790729
0.197324187029
0.995462839026
0.012163716834
0.0131450849585
0.0121163029689
0.0122731269803
0.0122244840022
0.0123905539513
0.0122792299371
0.0127645118628
0.0122384331189
0.0122848011088
0.0123012189288
10.7537945681
0.0123037910089
0.122485460946
13.089777468
0.776168250944
8.15649722307
0.0122096629348
1.30794778815
0.0121983620338

checksumTime
0.0120489180554
0.0116876801476
0.0120418029837
0.0119550300296
0.0119525110349
0.011924552964
0.011881954968
0.0120437201113
0.0119678808842
0.0119395728689
0.0119538919535
0.0124312760308
0.0117827919312
0.0132149059791
0.0161033261102
0.0118275010027
0.0118747821543
0.0119479531422
0.01198900491
0.0119060121942
0.0119608039968
0.0119097218849
0.0119305681437
0.0119361160323
0.0118602770381
0.0119648640975
0.0120348578785
0.0119713169988
0.0119491920341
0.0112026028801
0.0121462021489
0.0129535868764
0.0120698700193
0.0119323378894
0.0427821609192




layer number :  35
158.571022302
0.131240359973

jsonTime
0.0154142479878
2.95496477513
0.0226950349752
0.015271628974
0.0154635868967
0.0145772038959
0.0214121418539
0.0149330459535
0.0146793089807
0.0157856508158
0.0157299099956
6.00115445489
0.0171146858484
0.0284684980288
0.0768127390184
0.016648713965
0.0144979460165
0.0146270499099
0.0146584280301
0.0220066451002
0.0151928651612
0.0146860529203
0.0149488840252
0.014562131837
0.0236792450305
0.0153734630439
1.31675655604
0.0160068350378
0.0293492160272
1.24583071494
0.0537243590225
0.783862916986
0.0169857409783
0.155516370898
0.0224123268854

layerTime
0.0123771468643
32.3144552528
0.040939204162
0.0121015310287
0.0121206629556
0.0120268249884
0.0121771451086
0.011973059969
0.0120960359927
0.0122955332045
0.0122880479321
77.1498003511
0.0117918811738
0.192207115004
0.95285776793
0.0120967391413
0.0120056890883
0.0120719170664
0.0119977069553
0.0121452619787
0.0121551689226
0.0120081659406
0.0123078639153
0.0120713170618
0.0121818529442
0.011997413123
10.746394309
0.0121807649266
0.121315262048
13.0296450821
0.358678777004
8.22010835889
0.0128229681868
1.4871857781
0.0122022880241

checksumTime
0.0120082970243
0.0125109190121
0.0118006719276
0.0117593300529
0.0117074341979
0.0117601470556
0.0118570730556
0.0116311849561
0.0117399501614
0.0120408749208
0.0120245281141
0.0166004779749
0.0120789769571
0.0119051379152
0.0158153260127
0.0117874329444
0.0117533789016
0.0117675990332
0.0116574789863
0.0155144778546
0.0118048980366
0.0119753691833
0.0118638810236
0.0117873761337
0.0117809218355
0.011977402959
0.0120448579546
0.0118878490757
0.0120149599388
0.0130220849533
0.0118644339964
0.0123069370165
0.0119786940049
0.0118979909457
0.0402398100123




layer number :  35
155.990844629
0.132339125033

jsonTime
0.0313077440951
3.03299704287
0.0344628510065
0.0174965469632
0.0156420720741
0.0164643190801
0.0315873660147
0.0158485739958
0.0158741651103
0.0157488840632
0.0157407959923
5.87254794291
0.0166858339217
0.0449019840453
0.0568382290658
0.0159040649887
0.0154576799832
0.016344276024
0.0293859909289
0.016352650011
0.0154555051122
0.0163646701258
0.0154553889297
0.029130151961
0.0178162630182
0.015491778031
1.29192827106
0.0149871769827
0.0230634000618
0.992055427982
0.0619186749682
0.624490172137
0.0162020768039
0.144995230017
0.0150670649018

layerTime
0.0124117711093
32.2074664701
0.0823619919829
0.0123992620502
0.0122845580336
0.0123212868348
0.0137394061312
0.012206079904
0.0120590059087
0.0122590791434
0.0121888208669
75.465184757
0.0164248261135
0.200123840943
0.998827424133
0.0122268740088
0.0122278288472
0.0127739319578
0.0123117140029
0.0120890359394
0.0121773248538
0.0122623578645
0.0122299320064
0.0123332059011
0.012277879985
0.0121699811425
10.3532797841
0.0120308659971
0.058882500045
13.0724724371
0.360622872831
8.19850689196
0.0122423809953
1.48548678705
0.0121144698933

checksumTime
0.0120262450073
0.0126271978952
0.0119335430209
0.0119925430045
0.0119663518853
0.0119538940489
0.0120488039684
0.0120567870326
0.0119657719042
0.0118818909395
0.0119644671213
0.0121960220858
0.0129852739628
0.0120205378626
0.0122756008059
0.0119685311802
0.0119162769988
0.0120707470924
0.0120335540269
0.0118871780578
0.0132213300094
0.0119643171784
0.0121789500117
0.0119609071407
0.0118456238415
0.0119566398207
0.0119028440677
0.0119410178158
0.0118292770348
0.0119450560305
0.0116786370054
0.0120124490932
0.0120896301232
0.0120299740229
0.0323471070733




layer number :  35
154.945651073
0.131021105917

jsonTime
0.0328301459085
3.09487798088
0.0214372749906
0.0155864330009
0.0149874710478
0.0223374580964
0.0146896720398
0.0146727131214
0.0145395321306
0.0145599478856
0.0216989149339
5.6881052719
0.0325206050184
0.0294533020351
0.0631804619916
0.0159199510235
0.0154983298853
0.0295023901854
0.0155142750591
0.0158773669973
0.0165897978004
0.029675505124
0.0156266889535
0.0155427260324
0.0181575489696
0.0154625740834
1.30858701887
0.0319776260294
0.0295848420355
1.27720472706
0.0807621139102
0.80471471115
0.0150014131796
0.114255852066
0.015117604984

layerTime
0.012328353012
32.2319771501
0.0410278511699
0.0120524340309
0.0119976580609
0.0119662680663
0.0119740229566
0.0119483289309
0.0120458740275
0.0119886558969
0.0121440941002
73.411662221
0.0155753840227
0.195277760038
1.02204601211
0.0123007970396
0.0170373041183
0.0122930279467
0.0121976819355
0.0122305110563
0.0123496381566
0.012468932895
0.012205732055
0.0121222210582
0.0123305579182
0.0121946719009
10.7840564721
0.013211658923
0.122086329153
12.7410453591
0.860190554988
8.64078150294
0.0120451978873
1.03134756302
0.0120221241377

checksumTime
0.0121419320349
0.0121515078936
0.012167428853
0.0121603410225
0.0116953158285
0.0117375329137
0.0118422999512
0.0117705059238
0.0117605540436
0.0119200241752
0.0117987529375
0.0120087270625
0.0120310909115
0.011979450006
0.0119608358946
0.0119003660511
0.0137190858368
0.0119840698317
0.0119438371621
0.0120220580138
0.0118556418456
0.011975749163
0.011934206821
0.0118438520003
0.0118270050734
0.011909536086
0.0120423769113
0.0120615710039
0.0119599208701
0.0122270979919
0.0120166519191
0.0118634959217
0.0120940320194
0.0119837748352
0.0369581130799




layer number :  35
158.197672384
0.130681392038

jsonTime
0.0161778579932
3.12254191493
0.0276323901489
0.0165136929136
0.0284270360135
0.0153510191012
0.0152579110581
0.0151273619849
0.0151757281274
0.0152601711452
0.0282347290777
5.68464317103
0.0325175910257
0.0283981179819
0.0600491140503
0.0159637960605
0.0147108710371
0.0219588431064
0.0155362789519
0.0147656118497
0.0153469010256
0.0216413370799
0.0151764000766
0.0147518049926
0.0158898569643
0.0155450999737
1.29669843405
0.0224675491918
0.0223239709157
1.19840020291
0.062212142162
0.640830867924
0.0148934719618
0.112170305103
0.0155660901219

layerTime
0.0122841850389
32.412076452
0.0689283248503
0.0123023269698
0.0125753341708
0.0122132529505
0.0122664798982
0.0121916970238
0.0121762799099
0.0121674498077
0.0122971909586
77.457087684
0.0160635011271
0.194135317113
1.01098714187
0.0120722239371
0.0120573609602
0.0121030120645
0.0122555249836
0.0120415890124
0.012145093875
0.012103009969
0.0116182840429
0.0120865600184
0.0121323859785
0.0120860610623
10.5115070131
0.0120914278086
0.0582806540187
12.693472909
0.65742552001
8.52644422208
0.0121032688767
1.03045914997
0.0120145149995

checksumTime
0.01193986414
0.0134834498167
0.0119398171082
0.0120331470389
0.0119580158498
0.0119043749291
0.0118785731029
0.0119295369368
0.0118547759484
0.0118340800982
0.0120812030509
0.0128862848505
0.0119530728552
0.0120517839678
0.0155875179917
0.011750241043
0.0117859980091
0.0117841579486
0.011745542055
0.0117702761199
0.0116769680753
0.0118322789203
0.0117223549169
0.0117630530149
0.0130640659481
0.0123705749866
0.0120590548031
0.0118599680718
0.0117619941011
0.011867065914
0.0117985629477
0.0119377260562
0.0118509200402
0.0117935859598
0.0403884598054




