layer number :  9
0.921901590889

checkTime
0.0158325231168
0.0145277290139
0.0123373998795
0.0153235238977
0.0141296749935
0.0158325510565
0.0145045679528
0.0137968750205
0.0189467000309

layerTime
0.0
0.0
0.552033171989
0.0415850600693
0.0
0.0
0.0
0.0386751620099
0.0577809009701




layer number :  9
0.924877325073

checkTime
0.015698465053
0.0142607658636
0.0137193198316
0.0153022480663
0.0141704659909
0.0158421029337
0.0144897371065
0.0136957669165
0.0191021789797

layerTime
0.0
0.0
0.576151701156
0.0393545059487
0.0
0.0
0.0
0.0384998410009
0.0382584421895




layer number :  9
0.922788598109

checkTime
0.0251404808369
8.44420865178e-05
0.0139080020599
0.015341547085
0.0140920008998
0.0156513911206
0.0138067409862
0.0135771131609
0.0181126769166

layerTime
0.0
0.0
0.575728914933
0.0565718149301
0.0
0.0
0.0
0.0389306058642
0.0386159489863




layer number :  9
0.923200944206

checkTime
0.0157909221016
0.0146926490124
0.0138006028719
0.0154735650867
0.0142518149223
0.0157571369782
0.0145965910051
0.0135829101782
0.0188480708748

layerTime
0.0
0.0
0.553747928934
0.0408797780983
0.0
0.0
0.0
0.0393551809248
0.0570821089204




layer number :  9
0.928948034067

checkTime
0.015811027959
0.0146974420641
0.0137998200953
0.0153187778778
0.0141297699884
0.0158424000256
0.0139139040839
0.0135904459748
0.0190001770388

layerTime
0.0
0.0
0.575048225001
0.0396070459392
0.0
0.0
0.0
0.0401399841066
0.0405964558013




layer number :  9
0.925257481169

checkTime
0.0157976609189
0.0145142821129
0.0132820559666
0.015569410054
0.0141111828852
0.0157535620965
0.0144297280349
0.0130149009638
0.0190025100019

layerTime
0.0
0.0
0.560135928914
0.055190640036
0.0
0.0
0.0
0.0393411789555
0.0385626610368




layer number :  9
0.915602672845

checkTime
0.0156657849438
0.0147133111022
0.0139128761366
0.0155992510263
0.0140969590284
0.0156872279476
0.0143162880559
0.0130088890437
0.0191654230002

layerTime
0.0
0.0
0.548682981869
0.0393027428072
0.0
0.0
0.0
0.0381596239749
0.0597529581282




layer number :  9
0.921578821028

checkTime
0.0157643049024
0.0147873919923
0.000105452025309
0.015426625032
0.0141713588964
0.0158279181924
0.0143685408402
0.0136783940252
0.0185004628729

layerTime
0.0
0.0
0.572024285095
0.0548038459383
0.0
0.0
0.0
0.0387296441477
0.038446506951




layer number :  9
0.916730453027

checkTime
0.0157666369341
0.0148463330697
0.0138087808155
0.0154833169654
0.0142061230727
0.0157501879148
0.0139453960583
0.0136928251013
0.0176648870111

layerTime
0.0
0.0
0.556261900114
0.0554215810262
0.0
0.0
0.0
0.0391471970361
0.0410826429725




layer number :  9
0.916488843039

checkTime
0.0157396059949
0.0148592039477
0.0139667950571
0.0153841029387
0.0142809690442
0.0157797620632
0.0145145300776
0.0127154320944
0.0190699568484

layerTime
0.0
0.0
0.548838460119
0.0392613408621
0.0
0.0
0.0
0.038921302883
0.0589486351237




