0.0118953191753
0.0119924811685
0.0118991643346
0.0119378401432
0.0119883031972
0.0119578214944
0.011909159172
0.0118975248382
0.0305125293283
0.0119424021492
0.0123935838346
0.0118308036666
0.0119789626527
0.0119721106991
0.0118415301937
0.0130467716372
0.0118996308301
0.0118151531594
0.0126442008186
0.0120653698493
0.0120186696683
0.0128121799983
0.0125625711711
0.0118521475039
0.0117702676604
0.0119480996509
0.0118996041516
0.0368115478195
0.0120043006609
0.0123728660207
0.0118798258481
0.0120820333444
0.0134345883465
0.0124579318411
0.0126260176572
0.0117755346582
0.0119310705146
0.0119205696586
0.0118873391766
0.0120824999952
0.0126033795144
0.0121667750063
0.0409315883687
0.0119665404975
0.0119653071742
0.011841156811
0.0118868041512
0.0118045901763
0.0118717408428
0.0118071973169
0.011829794986
0.0118482221345
0.0122699400332
0.0118837710082
0.012042532675
0.0119861326724
0.0120392576792
0.011870665825
0.0117427734852
0.0446706090006
0.0119202877977
0.0123843845213
0.0121320403026
0.0118489003314
0.0120593763228
0.0119708328469
0.0119710019984
0.0123219844924
0.0121118778091
0.0118373723429
0.0118593443573
0.012779723329
0.0117520164931
0.0125021854959
0.0117023769805
0.0117766779925
0.0118147658068
0.0362460884886
0.012364163665
0.0118267706712
0.0117937748243
0.0118048629762
0.011993285482
0.0127087066649
0.012019007816
0.0129543781902
0.0122064541598
0.0119498096368
0.0126175833672
0.0118251674964
0.0117862499901
0.0119220458631
0.0125902984873
0.0125121529563
0.0118291719894
0.0119934498216
0.0119672826647
0.0121482053267
0.01183159434
0.0122123323187
0.0117429760091
0.0118938388186
0.0119129019828
0.0119991341489
0.0118949470149
0.01258907601
0.0123163395134
0.0127888078568
0.0121258368211
0.0126984506496
0.0119426752984
0.0119340228072
0.012081930181
0.0119353235156
0.0487396926813
0.0123458520199
0.0119379142998
0.0119361646551
0.0125303763392
0.0124041961972
0.0132516600037
0.0121657937028
0.0120336063361
0.0129852519992
0.0118787873265
0.0117739864897
0.0139015046492
0.0119161688684
0.0123777894769
0.0119961900248
0.0120034961923
0.0118671031669
0.0119799215463
0.0119188421911
0.0124389093641
0.0120929049638
0.0396074205249
0.0119851971589
0.0121485500131
0.0116445534901
0.0117996185048
0.0117703930009
0.0460649348291
0.0119826010196
0.0121825529883
0.0117941783392
0.0117217919906
0.0130188236556
0.0119506206829
0.0117141256924
0.012928189283
0.0118034798264
0.0117717631511
0.0118322923275
0.0117790180375
0.0118612180037
0.0122457997059
0.0138471095124
0.0115892534765
0.0117098273477
0.0126574988244
0.0120126413143
0.0117534861784
0.0120692386602
0.012200399981
0.0136979131882
0.0121311148396
0.0120739343498
0.0120715461671
0.0563757507868
0.0119840299982
0.0124827081648
0.0120191133271
0.0118944199834
0.0118250083178
0.0119041483267
0.0122291233274
0.0119316984977
0.0118378601813
0.0118381281694
0.0136207393176
0.012080656481
0.0118329221732
0.011848008687
0.0119232206683
0.0119427900257
0.0118875151578
0.0142402995067
0.0142642719632
0.0133103333064
0.0119242440172
0.0365343601637
0.0121345623241
0.0116732778261
0.0117938961873
0.011954907813
0.0117764468499
0.0125920261489
0.0132944233482
0.0124991153134
0.01209215847
0.0120661843297
0.0123209594943
0.0497808619984
0.0123299240173
0.0117592827883
0.0119501318162
0.0121466800144
0.0128688704766
0.0136258970015
0.0118900825037
0.0119707041886
0.0122073718424
0.0132947885237
0.0375934145219
0.0119980057934
0.0124373881845
0.0117833105032
0.011817189826
0.0120166651322
0.0119724093238
0.0118037078064
0.0117769773157
0.011798944169
0.0118977248203
0.0132434543338
0.0118305766373
0.0126703278123
0.0127440756769
0.0126777341938
0.0120292000356
0.0119394919796
0.0122124906629
0.0122313128086
0.0117591643551
0.0470470283568
0.0120010215323
0.0123584550068
0.0118748686703
0.0118466191731
0.0119046249892
0.0117251123108
0.0117906149826
0.0119964098364
0.0119138211788
0.0115811921811
0.0118324208306
0.0152486540028
0.0125501403236
0.0119613598411
0.0119211611648
0.0120183041629
0.0125417811796
0.0124356448262
0.0122348438599
0.01254194517
0.011784203661
0.0117883935066
0.0118445438565
0.01223694634
0.012756759359
0.0120159036403
0.0403016270332
0.0119472376536
0.0122518271674
0.0120048038468
0.0117961979898
0.0120551401827
0.0118745520013
0.0118430369961
0.0120062151303
0.0119244894983
0.011862739843
0.0119322186607
0.0135536160087
0.0130176284583
0.0118298925032
0.011989722009
0.0128611820013
0.012641030519
0.0396911493735
0.0119404926663
0.0123783010058
0.0120300279814
0.0118752690226
0.0120214623166
0.0118857080039
0.011801164151
0.0119432244876
0.0118642169788
0.0117629528395
0.0119606218262
0.0137129228485
0.0120535853008
0.012138146616
0.0119768184959
0.0132670841412
0.0121596731672
0.0129517076615
0.01177262282
0.011886685524
0.0117440938096
0.0116230390074
0.0117517016867
0.0124546040121
0.0120909275138
0.0119237327987
0.011918536659
0.0615826078186
0.0122686018197
0.0119516750371
0.01197127117
0.0119150611572
0.0117801010104
0.0118800576505
0.01208164118
0.0373255744926
0.0122531454545
0.0118500111663
0.0120199758094
0.0117743565158
0.0118427366639
0.0121946129948
0.0123114220332
0.0123406626323
0.0117544099727
0.0119974457969
0.0125157783235
0.0121255231982
0.0129286169734
0.0118904404808
0.0474743933495
0.0123261461655
0.0118495780043
0.0118370895119
0.0117914984973
0.0118356671301
0.0118801041778
0.012074657483
0.011850842818
0.011777058496
0.0116735791477
0.0117827380115
0.0118360760195
0.0118017848193
0.0118333570038
0.0118111406531
0.0118784695321
0.0120795328403
0.0119608703535
0.0118773576687
0.0119529388224
0.0119724364679
0.0141628553392
0.0132564003191
0.0419076556767
0.0123266979936
0.01183940932
0.0119464299835
0.0120369654808
0.0118299590152
0.0119142931847
0.0119603341833
0.0118293990187
0.0142657898444
0.012836266503
0.0134065488237
0.012687641487
0.0121416068287
0.0129152576944
0.0127497693563
0.0118303591541
0.0119305191717
0.0118397363306
0.0117527716987
0.011886270969
0.0468668971638
0.0123329134658
0.0118405560109
0.0118602200334
0.0119030999873
0.0118164423038
0.0433335653118
0.0119740123239
0.0126290769355
0.0119271593285
0.0119064721511
0.0134137153121
0.0152545313661
0.0131530664706
0.0118613899685
0.0118704421329
0.0118523125033
0.0120527671728
0.0118620235007
0.0143024311595
0.0120192631924
0.0117766840073
0.0121194069895
0.0122656186771
0.0120281753673
0.0120179789762
0.0124981984845
0.0118294336522
0.0126808396696
0.0122054611566
0.0390028766511
0.0119554495128
0.0126030714794
0.0121202213534
0.0119034111849
0.0117686974894
0.0118491523317
0.011834719684
0.0117956855101
0.0119644624647
0.0117307008089
0.0117258998216
0.0109643543062
0.011691525986
0.0116560601552
0.0117311001523
0.0117037528544
0.0117838456839
0.0117384319892
0.0117279758561
0.0126321088173
0.0117837988655
0.0118155146677
0.0465244411801
0.0123469515044
0.0118886606651
0.011712972521
0.0118119760106
0.0118280231448
0.0119442316354
0.0119047743501
0.0126461415008
0.0407104401578
0.0118423023377
0.0119491540051
0.0118385871756
0.0119926135522
0.0118862461532
0.0127942689966
0.0126144893778
0.0125648814913
0.0124527298613
0.0127408931536
0.0119031826422
0.0121301134932
0.0117811943055
0.0120364633233
0.0120182881753
0.0117197551493
0.0120322889804
0.0117399130055
0.0384933693373
0.0124843116888
0.0119303096629
0.0119781936519
0.0121039825026
0.0145770349967
0.0119478414999
0.0119653534881
0.0120439711803
0.0131035344869
0.03906871035
0.012366791508
0.0122790291789
0.0119549783413
0.0127362223381
0.0123794898391
0.0120474740009
0.0120143089832
0.0121393945107
0.0125954403581
0.0119075143399
0.0118322939767
0.0122651402877
0.0117995846667
0.0117840041445
0.0121688493334
0.011849820478
0.0117619876789
0.0365822751774
0.0117800804825
0.0118514468583
0.0118731724991
0.0118604863334
0.0119481659494
0.0118757941721
0.0119074620307
0.0119045555087
0.0122513056461
0.0386264868818
0.0119258946506
0.0123709306742
0.0118656456859
0.0119455351571
0.0119127881675
0.0118390741409
0.0120282914916
0.012167772317
0.0127121471839
0.012392917648
0.012016595186
0.0121720761332
0.0131701786498
0.012348589662
0.0116644541849
0.0119245055248
0.0121999241722
0.0122270260278
0.0389850344509
0.0117885856695
0.0120664706531
0.011965528829
0.0118556153611
0.0117026199587
0.0120603481579
0.0118048453199
0.0118202211452
0.0116999576761
0.011905545815
0.0117819671674
0.0118300801647
0.0118875461437
0.0135768983358
0.012351459028
0.0123138434719
0.0119545250199
0.0118325330162
0.0120065906667
0.0118696524878
0.0118268566439
0.0119859801295
0.0118210199871
0.0122014258329
0.0118859286692
0.0118735405073
0.0118893043449
0.0119810108251
0.0123675699967
0.0121579654903
0.0123512351808
0.0122119251367
0.0120025697979
0.0119032300039
0.0129488866466
0.0128226376837
0.0117907951353
0.0118548410052
0.0120218077985
0.0117293593163
0.0117914650279
0.0124340165057
0.0117248398407
0.0123821934879
0.0121186300142
0.012771194141
0.0403992506714
0.0120263585122
0.0128009106848
0.0119334681658
0.0119121488339
0.0119121305179
0.0119708293156
0.0118667018057
0.0119245571744
0.0119088485178
0.0119506210321
0.0119297681571
0.0139296671453
0.0128910526982
0.0119297716495
0.0123397626448
0.0124464566664
0.0122902143048
0.0118190453504
0.0125819713576
0.0119076838212
0.0118861729861
0.0118371636685
0.0118795073164
0.0118571935066
0.0118646735015
0.0117760719925
0.0121919408169
0.0118938069597
0.0121098513288
0.0124246811999
0.012289148833
0.0122166168488
0.0119487640138
0.0125034202938
0.0371065840203
