0.0239926759968
0.0210043608288
0.0525790588387
0.0223313650155
0.0209543873401
0.0183088473277
0.0161872140015
0.0186871576588
0.0154472409825
0.034496155975
2.96826578219
0.0256576448446
0.0172245421757
0.968902232845
0.0156632801518
0.0151024723503
0.0240231480178
0.0173709125374
11.1308587347
0.0204428186602
0.0156007460124
0.0152113391863
0.0169525308496
0.0183822009712
0.0259099830291
0.0155983410077
0.0154446431746
0.0153331261827
0.024039968305
1.64196972017
0.0185507245284
0.0225719020236
14.878663655
0.0594588598275
0.193165988506
0.0225255786791
0.015007564992
0.0216303805161
0.0194755043291
0.0152864185123
0.0165349799985
0.0188186004525
0.018553057181
0.018142134184
0.026362048171
0.132862658492
0.0156306315136
0.018703494318
0.0770813641527
0.0153573359906
0.0162067496567
0.0161091728563
1.30253447685
0.0170250645024
0.0419301470004
0.0155515886727
0.275799385835
0.01561195999
0.0165782811625
0.0147580290019
0.0269532301657
2.93961872316
0.02611921132
0.0179295892012
0.0290574816754
0.283089845848
0.0155539799792
0.0151374181539
0.196890787163
0.0197432291655
0.0170803910005
0.901411911493
0.0160659250105
0.0215384861804
0.015076871321
0.0160775240316
0.0149031763431
0.0162954601886
2.80151642118
0.0245069556598
0.0184318491568
0.0175243835353
0.0190255636892
6.07881085534
0.0393682229915
0.0181101763349
0.188268807329
0.0222028171799
0.016276648695
0.0167598477953
0.0161925188343
0.0150504769796
0.022802639966
0.0182398456964
0.0176316653573
0.0168275810235
0.0156205337068
0.540963847501
0.0189366566677
0.0163469783341
0.0177296390175
0.016381756325
0.0219953054911
0.0152936786568
0.0164760176752
2.87241351682
0.0168534936771
0.0418270675194
0.0195587819908
3.7780114852
0.0911063996804
0.0155494632005
0.0181444153422
0.0160451160045
0.0168546751957
2.4358440545
0.019881897994
0.0216473975258
3.64608617152
0.845443965518
5.82286771296
0.065955232499
0.0623983456559
0.337506676985
0.0195106596608
0.0152670673754
0.0172610381851
0.315722745339
0.0165896296385
0.0231359646811
0.0166299869889
0.0152121011439
0.0232250281842
0.0182639514484
0.293781738166
0.0175626866597
0.0184827990403
0.0211719581663
2.92464726282
0.0215758659954
0.0156717468441
0.0150826191724
0.162773981186
0.0334041125025
2.97049385098
0.0231187779767
0.0165573306537
0.0165130521637
0.161003086502
0.0149005068233
2.86713641699
0.0199137905341
0.0153094698326
0.0185199695018
0.0146833406955
0.0159278543239
0.0159089259881
3.50730639613
0.0161267004635
0.0177248593536
0.0209804016631
0.0151468151792
0.0150861470029
1.48149428267
0.0165782826565
1.77922091552
0.015900915314
0.0150508971225
0.0156154319799
0.01648334666
0.0272242363232
2.93876386801
0.0246632331788
0.0165271339938
0.0176175375042
0.024426483685
1.79768108
0.0173874035051
0.0183606179974
0.0159072653429
0.0245607626663
0.0189971475241
0.0168838393292
0.0161132658444
0.018137311136
0.0230645906607
0.0196051461389
2.35268537166
0.229897939154
0.020483797028
0.0166182401978
0.0154732869899
2.12388517095
0.0164165881773
0.0154153321443
1.55521714748
0.0154166518284
5.64378665632
0.0206639773484
0.0169243507941
0.49001802898
0.0165456997153
0.0168591589706
0.0155001045011
1.58863355602
0.0179759949872
0.214603899707
1.58077629619
4.28079309782
0.0200407503483
0.019499850828
0.0153645593285
12.809037218
0.0236499200304
0.022167739148
0.0243604593561
2.89308594916
0.0221245926417
0.016563765336
0.0172179313377
0.262428253171
0.0161925148568
0.0160420288448
0.0149452601715
0.0172259038275
3.5506230877
0.017851629993
1.47254971171
0.0169325760216
0.0179943093099
0.0158908836699
0.0178620951483
0.0190134820102
0.0174829806201
0.0162549480058
0.0150242834934
0.0222825075228
3.00652060613
0.0251175496572
0.0165234085095
0.950848161825
0.0154780995023
0.0148414375144
0.669698090176
0.0155752796758
0.0159135478316
0.0169355668477
5.0853185975
0.0223620125131
0.0184402410135
0.0152862136796
2.86466868431
0.0187757204985
0.0153998449872
0.0163380588443
0.017593548478
0.0180003330072
0.0174368428222
0.0153928811778
0.0595544375052
0.0615042101708
0.0197518169686
0.0156335231926
0.0210705240024
2.904204769
0.0218605481399
0.0159723756369
0.91824169102
0.0238296174988
0.0149176551495
0.683250434988
0.0149564141757
0.0161495943515
0.0148775609754
5.1423908337
0.02084312782
0.0155389900125
0.0170223058473
2.8697923703
0.0191605098662
0.0155603316768
0.0184651590147
2.95954190348
0.0228545534968
0.0169990465123
0.940279112333
0.0153755981786
0.0162129012946
0.63770206585
0.0152863873518
0.0190545946825
0.0151160058449
5.29976538648
0.0225619061578
0.0189302513803
0.0150523340174
2.73725539469
0.0219090978498
0.0151663886694
0.0178482661528
0.0209534996926
0.0150403266695
0.0178820840083
0.015010160491
1.51407339649
1.36249822582
0.0157053206349
0.0194845366641
0.0150140618595
1.50007407466
0.0168604700205
0.0881333530027
0.0151625486906
0.0146349441687
0.0158641301483
0.121267822183
0.0150563785185
1.96347668416
0.0191935956827
3.00151546818
0.0161870666974
0.140340663318
0.438579502321
0.0197740922061
0.0160284441275
0.0167421901909
0.0194096931955
0.0167581350154
0.0190817847033
0.0151717031646
0.0159129435391
0.0229274691664
2.77236575651
0.022778797332
0.0161557916435
0.0153171265071
0.0201034610315
0.0164706499976
1.036275571
0.0156654338352
0.0174750774944
0.0214493561459
0.0210599153458
0.0157666584904
0.0163107333161
0.0172315180147
0.0244957878216
0.0171367711931
0.0299105349695
0.0170385184853
0.0183548801579
0.0234818173145
0.0183452158429
3.987570502
1.15797453232
0.289977164648
2.05860712282
0.0230209503594
0.522108950652
0.0292657850077
0.0153122408277
0.0154543436559
0.015293226655
0.0208572336317
3.45195254899
0.0229995383221
0.261663458329
0.0155917451484
0.023801710864
0.811453869334
0.0161084303205
0.0161932026385
0.0232914586862
0.0152246233192
0.0387163493239
0.0273906871832
0.0154803198723
1.48422352781
0.0186062448386
0.0185629969929
0.204239532293
0.020639663698
5.88121404169
0.0245620705148
1.88818126114
0.0158441742339
0.0152145434986
3.44051675101
0.0183199578508
0.0159518336683
0.0167955979899
0.0152319908957
0.0152134905026
0.0179799989953
0.0223923463297
0.374984030321
0.0215895303409
0.0157360764958
0.14419462786
0.02594151701
0.0160030878421
0.0177404359953
0.508861633173
0.0154032396968
0.0155142671623
0.0187937528244
0.0216448171608
0.0234476308494
2.99163798582
0.0349163303618
0.0192286431362
0.0203642386477
0.29282158165
0.0154327011745
0.0185496454942
0.167403559336
0.0211775078594
0.284769057509
0.018409602344
0.0145887796922
0.0179883741851
0.0148391676873
0.0198131603344
0.0160393789799
0.0160835764837
0.0160078985112
0.0197084128352
0.0165909776697
0.0152452233403
0.0163332129984
2.93185872451
0.0236410234744
0.0157726118147
0.0150568853133
0.0176515904993
0.2784827422
4.33663675468
0.0194488468114
0.0151579591523
0.0213179783314
1.91572096901
0.0153451089864
0.532561112331
1.45993961417
4.71502318501
0.0513199538303
0.0151958434726
0.0165081320253
0.0171174704834
0.852920593519
0.111768126333
0.0155555819899
0.0160831980174
0.0207015456787
0.130178878161
0.014741151516
0.0147168085095
0.0157121798256
1.49833342002
0.0185104661699
0.0150633933372
2.17990880316
0.0158834828374
0.0194022155289
0.0160901939962
1.58507571135
0.048295601989
0.0161559126961
2.32672315316
0.0163498768428
0.0166833664989
3.61689595465
0.855621209349
5.56526133783
0.0573631714991
0.0635114423349
0.348990516
0.0235050901538
0.0156319098314
0.0149244168424
0.299185401352
0.0154793946809
0.0188099175187
0.0185244649959
0.0163370453325
0.0217316946364
0.0183637888404
0.131482566474
0.0149337058343
0.0188176308293
0.275113191979
0.0192876378618
0.0339951951367
0.0151982316553
0.572125328511
0.0176168176695
0.0252568813545
2.94354464318
0.0284271038448
0.017488783303
0.0151406580117
0.0154206865118
0.0178413959996
2.96520669302
0.0171616458489
0.0157829813349
0.0192101405313
7.85713493552
0.993903324513
0.0177667401537
0.0212015836733
1.60567176567
0.0349880581489
0.0195937529982
0.0220444839797
0.0236939348203
3.02110680418
0.025475947652
0.0165730874869
0.0181001981837
0.256280312528
0.0177963278257
0.0148012596958
0.0183601978545
0.014867994003
0.0158653720088
0.0169378463179
0.0151772891598
5.75231962668
0.0199493878172
0.0235758616666
0.052640145858
0.0154363658124
0.0175101820108
0.0214653718285
0.0151250983472
0.0152348750077
0.0173314856559
0.0208353141788
0.0193932010443
0.0155537381846
0.0171054505045
0.0173849176693
1.33063760518
0.0199981513239
0.0234025261792
1.02879697463
0.0600907121746
0.743855235148
0.015154865648
0.0866353911697
0.015535937661
0.0147337425539
0.0172742531674
0.017736282025
0.0187120360012
0.0150941779915
0.0151194556966
0.0428894383173
0.0594581331825
3.36652159249
0.0182799513374
0.0270437623064
2.91897046766
0.0270922972898
0.0165618251582
0.0181833533376
0.0193046414837
0.0155553828809
0.0213453188383
0.0182093105201
0.0155092943266
0.0182615498585
5.71187112383
0.0249289399944
0.0241179996519
0.0534263500013
0.0153388096563
0.0168938339921
0.0217227710333
0.0176211584864
0.0152534655063
0.01585149051
0.0195853646728
0.0177644301633
0.0174623205094
0.0175123203274
0.0154112898163
1.31749685117
0.0190001818507
0.0272318602074
1.16361643648
0.070943565981
0.73760541348
0.0180696750176
0.110536495476
0.0168443256989
