0.0122908250002
0.0122890189911
0.493008287488
0.0122797306782
0.0122899159906
0.0122726003368
0.0122720983151
0.01220494468
0.0123091511777
0.0124014888425
31.5027387687
0.0613524473156
0.0123767955229
8.96446099096
0.0121576704938
0.0121399089888
0.0121992116522
0.012225052303
138.161925567
0.0128215654986
0.0123490793243
0.0122035708046
0.012731550339
0.0130634623347
0.0151329571575
0.0120579569872
0.0121671404922
0.0122205406854
0.0122730293466
14.7311147963
0.0124297321308
0.012405407809
178.365594163
0.673364695162
2.16130396683
0.0122265630052
0.0121704821358
0.0122915093476
0.0122232836632
0.0124279508212
0.0122098156717
0.0123074383591
0.0122844552776
0.0122497869889
0.0123043971641
1.45889221518
0.0121233756848
0.0155292171791
0.807576382669
0.0121678471914
0.0121399250153
0.0121123791711
17.4828635598
0.0120777004825
0.381170591495
0.0122274953173
3.20735107816
0.0123420881767
0.0121167713466
0.0120417245198
0.012232528689
31.7791761562
0.0621849571859
0.0123123306548
0.013139521839
3.90227320763
0.0121010865163
0.0121072983602
2.13943307686
0.0121550144783
0.0120383720107
11.751991786
0.0120811529923
0.0122235338398
0.011887538014
0.0120809893318
0.0120213154975
0.012100528654
24.1096562465
0.0489234100096
0.0122191458164
0.0123702885079
0.0123913176552
52.210288519
0.260086205031
0.0137457959742
1.75739185566
0.0188991983499
0.0126145348186
0.0120638968462
0.0122534293332
0.0122906510175
0.01228964451
0.0121844800112
0.0124348003301
0.0122800561366
0.0122973766605
4.19691659382
0.0121465518411
0.0120703286569
0.0120795019902
0.0122330113469
0.012089572032
0.012149214861
0.01210547615
25.5354197843
0.0121142038261
0.287800750288
0.0124139936524
23.543396716
0.702713911169
0.0121705675071
0.0122363476548
0.0121979616427
0.0122581707934
24.1766598682
0.0122711271591
0.0123704288271
44.0071901173
9.16782187581
59.2585937709
0.470750400311
0.592650858161
3.70171962302
0.0122242471553
0.0120765114746
0.012063029358
3.8348543083
0.0127468453526
0.0124987229744
0.0125107274895
0.0120742018529
0.0123284844643
0.0122375258361
3.25231207996
0.0122616053559
0.0122939994714
0.0122376525348
31.0224886395
0.0411219058248
0.0122074688164
0.0121221944961
2.78517355584
0.0123441421505
23.5697298174
0.0424929571843
0.0122123443483
0.0122665833333
1.17299343434
0.0120900413022
29.1788724592
0.012387781986
0.0121169315147
0.0161777303438
0.012045652625
0.0120475993414
0.0120828504829
29.8081550674
0.0120173578616
0.0122407578165
0.0121007821484
0.0120005477026
0.0120385233313
11.0268591913
0.0127009166754
14.6432157315
0.012321697354
0.0120970643475
0.0125451045072
0.0120722416904
0.0123573071711
29.7379623064
0.0555863634994
0.0134567988377
0.0121455658421
0.0124410851665
19.8047697643
0.012306433171
0.0122844072951
0.0122431871714
0.0123427839911
0.0122132940063
0.0122289639936
0.0121201185005
0.0122270848369
0.0122430341823
0.0121720031602
25.7281402245
1.95407803035
0.0126097571726
0.0124481286427
0.0122888988117
15.7016086525
0.0121088923382
0.0121869195137
17.2313688559
0.0119812468571
50.2825096898
0.012508328519
0.0128776528484
4.36376040819
0.0122731481679
0.0123458955204
0.0122352501688
15.8975481925
0.0122271298508
2.878280918
18.6632680435
52.0351018431
0.0124038716701
0.0345325271482
0.0122484038196
98.8608527628
0.0146677318068
0.0126058081708
0.0123352343411
23.5640595532
0.0415855663402
0.0121895994913
0.0135295836759
3.01971729936
0.0120581356653
0.0120893070125
0.0120983714975
0.0120701845153
30.0928087368
0.012486871526
11.947595078
0.0123085246499
0.0121988273265
0.0121563884701
0.0121385798557
0.0121031828457
0.0121972423707
0.0120526015138
0.0120208841399
0.012271531159
23.7858613915
0.0485605678405
0.0122953588143
6.99399763466
0.0119940268535
0.0120953896743
6.451140487
0.0120819134948
0.0118984933167
0.0120145994782
42.3297358618
0.0125354693155
0.0125193948236
0.0121586479751
26.6886783044
0.0125590550015
0.0129845553311
0.012089883637
0.0122313010118
0.0121409636728
0.0121378391632
0.0121570253007
0.57258759082
0.524835292502
0.0123618903259
0.0122600883284
0.0122645326774
24.8762959314
0.0434263020094
0.0122145556961
7.21845441347
0.0121548326764
0.012134019363
6.76591031153
0.0121883913331
0.0121455504947
0.0120958570042
43.9917265615
0.0131777620409
0.0122194623109
0.0123918548537
27.922008112
0.0124025042945
0.012302557802
0.0122758708506
24.5162505455
0.0467162448331
0.0122902618411
7.31133176466
0.0120262741693
0.0120364815229
6.60083262168
0.0119480679665
0.0122100051764
0.0121229636716
43.539985299
0.0130297144836
0.0125290121845
0.0121094738521
27.6217376256
0.012858433843
0.0127051626526
0.0121098956831
0.0121409423106
0.0120054513488
0.0120049298275
0.012006285484
11.1039897982
10.6074375452
0.0121081623753
0.0120755245249
0.0120908638346
14.4808090717
0.0121722251449
1.01172793381
0.0119782871528
0.0120204896666
0.0120563436843
1.87163970115
0.0120964887901
21.4990510682
0.012120009497
31.540407011
0.0121836508042
1.70083443068
7.32725632233
0.0131049791428
0.012840918013
0.0121257308444
0.0126351468498
0.012143405329
0.0121729779639
0.0121674903203
0.0121669953223
0.0121447904967
22.8827898492
0.0461848080158
0.0123446186772
0.0119729368016
0.0124714576911
0.0121458013115
7.34402379634
0.0121860351841
0.0123119031972
0.0127452500358
0.0247084351528
0.0121237723118
0.0121787440148
0.0123516706711
0.0121811041608
0.0121449151387
0.265940438354
0.0123006919942
0.0122683628579
0.0124052373382
0.0122693133502
38.5947149127
10.781747524
3.94084977436
17.7294823735
0.0123446815027
6.42508950901
0.0967548501988
0.0121227648342
0.0121265889999
0.0122705037938
0.0121754456971
40.6597809508
0.0563280225033
2.3164798072
0.0129043653336
0.0122986854985
5.84714565116
0.0131803006516
0.0122425251951
0.0123532221381
0.0122496158389
0.216428432827
0.0121604948266
0.012939822472
11.8287982611
0.0119849698579
0.0120648013156
2.23033423452
0.0168711411728
63.386591582
0.0123099983515
20.8798384669
0.0121835699732
0.0121372655073
40.7173718
0.0123487761399
0.0120033945229
0.0123454888429
0.0121926068289
0.0121672430153
0.0120818714883
0.0122123519929
4.06639579385
0.0122963029814
0.0119749074802
1.56185806581
0.0132147628271
0.0123196669544
0.0123884203495
3.97785735733
0.0119958361611
0.0123398461728
0.0120180905215
0.0121443985069
0.0122910361582
32.2534300923
0.0749948461501
0.0124175163413
0.0122925696778
3.99489428518
0.0120839999872
0.0120476683175
2.09743404901
0.012093588186
3.19758942202
0.010093339001
0.0120869604871
0.0121169886552
0.0120361995068
0.0120851793132
0.0121628811661
0.0120723578342
0.011941179672
0.0121076301633
0.0122197669892
0.012093217636
0.0121328128153
23.6932230133
0.0490836516837
0.0120317868422
0.0123546368365
0.0124062788285
2.22851742534
43.738600494
0.0131246288462
0.0120672130142
0.0123430519986
16.046351933
0.0121892974906
6.07460656316
15.3520891178
44.4929376243
0.153326095645
0.0123523448322
0.0121162813157
0.0154621204905
7.58676022768
1.40557163451
0.0120907328674
0.0120882029878
0.023368381313
1.37911937384
0.0120750183511
0.0121028394982
0.0120998941711
15.9490160778
0.0123748181504
0.0120993433326
25.17808025
0.0122220066648
0.0123786536472
0.0122459949926
18.6519580925
0.246483878155
0.0124522659656
25.3977416025
0.0122894931507
0.0122283753396
47.9740552225
9.57797727916
62.803463687
0.38199549603
0.620789796968
4.14087285416
0.012208452002
0.0122332038397
0.0120468076978
3.76978033735
0.0122252686609
0.0125713093051
0.0122849052035
0.0120674758412
0.0120513703441
0.0120898636718
1.3328863187
0.012111996999
0.0120966268393
2.9711726427
0.0120826493367
0.23284529784
0.0122005613133
2.96520173334
0.0145919164643
0.0122523923443
30.8656596783
0.0589614045069
0.0122631473351
0.0133597556657
0.0121610654945
0.0124963418542
33.7628827838
0.0121784389873
0.0123743021589
0.0130765696327
50.7522880645
5.34421396735
0.0123464435067
0.0123658876595
13.710471225
0.163895709983
0.01229607667
0.0123066691837
0.0121167403413
23.6645759295
0.0454920415262
0.012235821477
0.0121880410006
3.2001538135
0.0121256638473
0.0120735758295
0.0121035812966
0.0122170661925
0.0120568868394
0.0121040311836
0.0121425314961
55.1774246615
0.0125219728216
0.105079749327
0.821473155171
0.0121710351474
0.012246764168
0.012165913824
0.0121080866666
0.0121040873928
0.0121402378427
0.0125378273078
0.0121612766525
0.0121367286386
0.0121923148205
0.0122028436551
7.91546428733
0.0125707051872
0.0657391208224
9.41438083386
0.489288782545
6.37056911904
0.012143458686
0.850561827829
0.012373221165
0.0121958044668
0.012675829193
0.0121219283513
0.0121182563016
0.0121266791442
0.0120401494787
0.396997736689
0.527879187973
23.954220862
0.0123105050103
0.0123231050287
27.1282313
0.0558157220172
0.0122356673431
0.0125228261459
0.0124631030097
0.0121985836692
0.0123737523293
0.0122204891328
0.0122151353086
0.0121069281401
64.4206330495
0.0122464686671
0.103720139324
0.761709297037
0.0121671655021
0.0122157941805
0.0121612351504
0.0121429638239
0.0121058083217
0.0121383835018
0.0122010063302
0.0121291768543
0.0121067506649
0.0122805411617
0.0121893653607
9.05331793766
0.0129871408377
0.0883815018264
11.2388607435
0.676822416368
7.31680075781
0.0120825783039
1.07396181704
0.0122336819768
