0.0118775529942
0.0118933448684
0.0119208798278
0.0119463848338
0.0119264693155
0.0119140143312
0.0118635193406
0.0119109116495
0.0307697993509
0.0118743421432
0.0122252569806
0.0118524929858
0.0117812308599
0.01182859715
0.0118914576209
0.0118811214925
0.0119127299792
0.0118115681495
0.0133308086661
0.0123011916876
0.0117780164971
0.0121222233283
0.0118607321638
0.0118161770127
0.0120946643292
0.0119416093415
0.0119579326711
0.0357650151709
0.0119687435217
0.0124958886881
0.011823090356
0.0118655993331
0.0139674064897
0.0122791115039
0.0125791178628
0.011650990656
0.0120804541511
0.011658952164
0.0118939901586
0.0118069118277
0.0122260771653
0.01190036349
0.0408550715074
0.0118576044915
0.0119849473122
0.0118510351361
0.01182153301
0.0118547680322
0.0119456584798
0.0118906188291
0.0119135096514
0.0119547705011
0.0122589771636
0.0118538951695
0.0120406078252
0.0119491264922
0.0119691508396
0.0119103438531
0.0118046685044
0.0409733738052
0.0119688943184
0.0122053098554
0.0118381319723
0.0118006631383
0.0118250881981
0.012416297337
0.0119102448419
0.0118603913191
0.0153502339963
0.0120413986733
0.0119167241695
0.0119612063281
0.0118519006646
0.0117844032745
0.0116745824731
0.0117480743405
0.0119785203715
0.0471874815024
0.0122411980216
0.0118922619537
0.0118015956638
0.0118892086709
0.0143456819933
0.0120813721636
0.0134687043028
0.012015490327
0.0120494035073
0.0122205038206
0.0118077760174
0.0118567547955
0.0120641931426
0.0120216385112
0.011976422645
0.0120501183167
0.0122887660012
0.012001054148
0.0125996979963
0.0120750221734
0.0120734528367
0.0125706773057
0.0118721609858
0.0117809009777
0.0118232876606
0.0118543861511
0.0120192383571
0.0120740760079
0.0122635255102
0.0118619489949
0.0117907611808
0.0128512293644
0.012070807997
0.0120663318279
0.0118039483592
0.0118951049905
0.0411282369945
0.0122214888882
0.0117812801424
0.0116199070277
0.0121247823311
0.0123303183548
0.0127091655159
0.0118430323394
0.0121907456584
0.0129278226523
0.0117936801592
0.0125252918418
0.011865637498
0.0124300436776
0.0126615781725
0.0116640829753
0.0116513760101
0.0121266373705
0.011757633319
0.0119682711859
0.011800127492
0.0119606840114
0.0378755235191
0.0119560638753
0.0122592110031
0.0118822381483
0.0119649098488
0.0121314909969
0.036693342845
0.0119339293063
0.0122147939789
0.0118212043114
0.011747751676
0.0118029236522
0.0118117041808
0.0119147796844
0.0118771673297
0.0117125986532
0.0117051926985
0.0117946970083
0.011811418323
0.0118437803467
0.0118698296719
0.0133659646575
0.0117256809608
0.0122589908618
0.0118735766737
0.0118095690268
0.012572715835
0.0131845931561
0.0124871816564
0.0125124008434
0.0116813691372
0.0127343869923
0.0119211760078
0.0416349095176
0.0119206416809
0.0121622746811
0.011809726983
0.0118895736911
0.0117535394577
0.0119055339989
0.0119813140093
0.0118231623201
0.0117655821766
0.0117741788272
0.0118243865242
0.0118530713371
0.0117154186592
0.0117795854846
0.0117615426619
0.0118330933425
0.0119013033109
0.0140568196657
0.0122005498464
0.0121417816457
0.0130024705043
0.03782524217
0.0122882686555
0.0119112979931
0.0122194305101
0.012172414669
0.0119561699879
0.0136214946979
0.0126478616536
0.0117903923383
0.0129071991929
0.0127061653572
0.0121761736421
0.0389088468316
0.0123806596578
0.0121266548134
0.0120179063718
0.0119693906357
0.0122216711558
0.0121252839648
0.0119284795364
0.0118777828175
0.0131186238141
0.0128450308305
0.0386092505262
0.0117551311657
0.0122920090216
0.0118418835142
0.0118119213536
0.0117688936492
0.0119022850025
0.0118801059628
0.0118662824971
0.0118830189652
0.0119744704959
0.0142692541898
0.0120468389747
0.014261709177
0.0127366603119
0.012281845673
0.0120505208421
0.0127833401396
0.0118156586929
0.0119229753424
0.0120751956905
0.0413979473524
0.0119704526733
0.0123485466659
0.0118581961336
0.01191250652
0.0119557656775
0.0117868751792
0.0118881953337
0.0119052296504
0.0118565357989
0.0117764886624
0.0117288873104
0.0138096363128
0.0127155303295
0.0138058826754
0.011793410813
0.012032317832
0.0117117131594
0.0119504038206
0.0116287673397
0.0119493313056
0.011835479682
0.0120496638507
0.0118749076501
0.0119497281848
0.0121013312989
0.0120894074983
0.040678861648
0.0119196133455
0.012441882495
0.0119535849468
0.0117198513472
0.0119835444687
0.0117589851531
0.0119238199938
0.0119915844989
0.011818563488
0.0117926666474
0.0118152334859
0.01340391483
0.0126646609666
0.0133678183192
0.0118018010204
0.0126023875007
0.0119325169944
0.0374214988357
0.0120026741643
0.0122180386873
0.0119732036643
0.0119181534974
0.0118246583346
0.0117383811739
0.0117640800114
0.0137104545332
0.0118533839899
0.0117367173273
0.0118344061969
0.0129347065037
0.0119429448387
0.0120891513264
0.0117934540225
0.0134423481456
0.0122048561461
0.0122336030084
0.0119070250075
0.0119106583685
0.0118961789995
0.0123669816725
0.0119317878271
0.0128246698102
0.012205444645
0.0117557416864
0.0119979749822
0.0461572133548
0.0124149016726
0.0119035930062
0.0119313918403
0.0118988613443
0.0118171663489
0.0119571948501
0.012080270506
0.0353576544828
0.0123714396614
0.0119124605165
0.0119481779984
0.0117748086535
0.0120544703289
0.0119871778491
0.0118841550041
0.011793169387
0.0118578561427
0.011809454513
0.0117774389801
0.0118363353346
0.0118400868572
0.0119445754875
0.0394924914969
0.0123637626336
0.0119784088262
0.0116311726742
0.0118273865276
0.0118699988428
0.0117923151896
0.0122873456566
0.0119864198496
0.0118159778261
0.0119861421602
0.0120028716629
0.0119126038238
0.0118319979908
0.0117505561987
0.011741117128
0.0118748268578
0.0120333171605
0.0119443599833
0.0119368638261
0.0120068441805
0.0119715554756
0.0142726698541
0.0135439991912
0.0385263271552
0.012653601026
0.0118650948279
0.0117119414693
0.0119450744824
0.0117474840372
0.0119263663461
0.0118797498484
0.011797551803
0.0132211380017
0.0125887998341
0.0123325081658
0.0126543478109
0.0134870741749
0.0131392846621
0.0130597159926
0.0125969368188
0.0117230038158
0.0117870064957
0.0118931566443
0.0120207260091
0.0410728193238
0.0120813690204
0.0117215278248
0.0117240791636
0.0119879840058
0.0116801443316
0.0344346346683
0.0118271348571
0.0125515472998
0.0116761475025
0.0118360563065
0.0119398896738
0.0117179916706
0.0117726433285
0.0118799426709
0.0119205991505
0.0118523466517
0.0118499304905
0.0119090061829
0.0163027851571
0.0118564081495
0.0120223780201
0.0126086808547
0.0117858674881
0.0119483320353
0.0125623996525
0.0129333183092
0.0125200719534
0.0119220363171
0.0127184501616
0.0391646226829
0.0120579016899
0.0126763813314
0.0118704856529
0.0118893582257
0.0119623900197
0.0119697546664
0.011786814682
0.0118559002876
0.0118857951602
0.0118153910153
0.0119172403356
0.0117038096457
0.0117997044969
0.0118956393368
0.011845510356
0.0118066444799
0.0118744171729
0.0117657751543
0.011832994991
0.011816904007
0.011626259676
0.0117713127013
0.0425761881828
0.0123538621895
0.0118546543138
0.011747737842
0.0117741041661
0.0119690131784
0.0118944336621
0.0137909011295
0.0117130633443
0.0363352016818
0.0119682473014
0.0122650361542
0.0119737471492
0.012335387175
0.0119975733493
0.0124896741666
0.0122503913008
0.0118376274865
0.0119714325216
0.0118370711959
0.0124036485019
0.0119634296667
0.0124873791744
0.0118084446876
0.0118843421612
0.00991901551604
0.0130662871718
0.0121794487156
0.0377105673348
0.0125467314501
0.0119353563447
0.0120978363363
0.0121636506713
0.0118461723323
0.0117523348308
0.0117651668067
0.0120197946477
0.0120584763548
0.035986631158
0.011986473517
0.0118319828568
0.011789728965
0.0124837313585
0.0122671000038
0.01230892832
0.0119870431566
0.0126315935049
0.012244528858
0.0119348229491
0.0126977200077
0.0127361738317
0.0121209555073
0.0121237730103
0.0117669745038
0.0118332673058
0.0118320369705
0.0545336493329
0.011862647351
0.0118250188146
0.0118086516547
0.0117837090123
0.0118494013053
0.0117429365442
0.0119071286172
0.0130153696519
0.0124551618355
0.0406452618384
0.0119269286515
0.0148801334823
0.011855243841
0.0118571229783
0.0118323311714
0.0118402161752
0.011741521322
0.0123307143027
0.0135816361872
0.0122930091456
0.0119398375003
0.0132451071598
0.0131217611876
0.0118178773361
0.0118094376715
0.012704891987
0.012120440156
0.0127017649939
0.0372705151676
0.0119796470001
0.0123207831251
0.0118028545015
0.011853519148
0.0118277901784
0.0117514505206
0.0118684253151
0.011781324516
0.011774572505
0.0117641815062
0.0118566141852
0.0118568341519
0.0119418371857
0.012247709344
0.012917121329
0.0123934114818
0.0127241806864
0.0126413357987
0.0121546756903
0.011851734346
0.0119250898521
0.0118703831686
0.0118596054769
0.0117972248118
0.0118524554807
0.0118625950029
0.0118743761753
0.011917486651
0.012260373837
0.0118969533359
0.0120165408395
0.0124554359742
0.0120147684938
0.0125347723175
0.0117825946266
0.0121707221648
0.0119040848222
0.011823372799
0.0124089255114
0.0118902027995
0.013213415669
0.0119425218436
0.0172046626879
0.0119845001415
0.0120525888051
0.0126203186616
0.0392458221565
0.0119386291674
0.0126106893488
0.0119014833278
0.0118484821481
0.0118019990041
0.0119543155306
0.0118193004746
0.0119380333344
0.0118468298266
0.0120024956608
0.0118975686685
0.0120508520243
0.0127210666736
0.0131677738003
0.0125838368161
0.012532248996
0.0129933825228
0.0117939533666
0.0118543675053
0.0117761685009
0.0121923799743
0.0118591798431
0.0125902801713
0.0119072194793
0.0119737435016
0.0119490892199
0.0122129488348
0.0123634953052
0.0118868094675
0.0120743880398
0.0121781074752
0.0121264813545
0.0121064803291
0.0119886259975
0.0375322673353
