0.0178594499788
0.020888923648
0.0547292813038
0.0168689981801
0.0234418578523
0.015768453343
0.017976459853
0.0216694798243
0.0156544230218
0.0211808526656
3.034716949
0.0228875113341
0.0164199323432
0.943422584135
0.0158509621785
0.0149404085047
0.0229805340253
0.0170467785016
11.2250757001
0.0219940346627
0.0153443831562
0.0162304438224
0.0162582803169
0.0156115205027
0.0221989961768
0.0188379660055
0.0159939088044
0.0183605763596
0.0241516201835
1.60833343699
0.0151884258182
0.0228332056625
13.914229876
0.0594785229963
0.220801297362
0.0282985646821
0.0149913411587
0.017718944815
0.0220549455068
0.0186196164965
0.0164471581617
0.016630329832
0.0150498859778
0.0236785146408
0.0244375301797
0.125799780673
0.0159682985395
0.0194794941732
0.0833464215005
0.0156340298321
0.0154444971704
0.0233080538456
1.42176553731
0.0195092548578
0.0416835476644
0.0160910716707
0.276177353148
0.0157804445092
0.0207788464613
0.015242468003
0.0240750365192
2.95588375818
0.0245763638328
0.016939924506
0.0235575855089
0.271706664973
0.0159826074766
0.019039918979
0.204323074198
0.0170361148193
0.0166455056751
0.983126944824
0.0155319491945
0.0181703738441
0.0148606083628
0.015987426353
0.015095967489
0.0217941481387
2.90724808548
0.0229707109975
0.0182649683751
0.01500518783
0.0178417151716
6.412580497
0.0422452140095
0.0181593185407
0.191267927332
0.0295944755004
0.0182667133049
0.0180748546651
0.015491714701
0.0183792715349
0.0200359864975
0.0235725981571
0.0183530301826
0.0158975173254
0.01837610985
0.552988239661
0.0201388817901
0.0179453156695
0.0166885208455
0.0148777503442
0.0173700061666
0.0151422931813
0.0201102070083
2.92505100948
0.0171450056756
0.0438281911581
0.0212027688394
3.76415663467
0.0923070591331
0.0212688559938
0.0158880961632
0.0154500256758
0.0207766699993
2.39078397199
0.0161796396327
0.0176111648325
3.42570440918
0.815798934181
5.37842527899
0.0587609493329
0.0666864582066
0.359831247537
0.0194378003362
0.0174339815082
0.0171172730043
0.326164491669
0.0188590839971
0.0177448383377
0.015072609977
0.0145316589623
0.0186511498178
0.0176488751895
0.278626035841
0.0198170005072
0.0161822299706
0.0180516508408
2.90071393716
0.0260021036568
0.0177562253472
0.0153066658531
0.179921134181
0.0334141755011
2.98099943384
0.0241483870001
0.0161986218494
0.016613946956
0.145309515181
0.0148473413428
3.10956674083
0.0161956253384
0.015266097694
0.0189502294719
0.0148492042014
0.0215953323447
0.0191023068425
3.56841329834
0.023739930999
0.0185780183529
0.0237050593326
0.0154044998344
0.0157696274885
1.57890700035
0.0206372673274
1.73137965032
0.0156888123214
0.0147974527014
0.0156612823678
0.0209061364876
0.031096214642
2.95614766203
0.0217231571247
0.0158490531806
0.0146792816813
0.020002539192
1.75486158702
0.0177556396617
0.0157286824736
0.015100234712
0.0215412864733
0.019390483348
0.0158969188148
0.0156982725214
0.015108976843
0.0240659455303
0.0156529686841
2.3121271187
0.194319214846
0.020901994023
0.0155203033161
0.0162706519671
2.04604305989
0.0181428390012
0.0167248875175
1.55123587267
0.0163890103383
5.93146847868
0.0181991134693
0.0164577528291
0.548321953645
0.0259143814522
0.0156617931595
0.0151587188593
1.59837161179
0.0160016560112
0.258671671036
1.52856495681
4.32574403102
0.0180023499803
0.023150793529
0.0180967559766
12.5298585005
0.0222879818563
0.0182793450464
0.0276149641335
2.84865925731
0.0216751720097
0.016029867169
0.0202802088073
0.248710962517
0.0150122276779
0.0147312825235
0.0172493346423
0.0152674250033
3.59509376018
0.0171352095009
1.44042900802
0.0159253743477
0.0155067343342
0.017883952319
0.0216774575335
0.0173537535205
0.0163481354636
0.0150576503365
0.0168494768441
0.0249588747781
2.80027854866
0.027793950149
0.0165922263404
0.947132127496
0.0155571996777
0.0151700190036
0.635750344178
0.0151651845275
0.0161727790255
0.0196169650104
5.12756244367
0.0216470735225
0.0194086568275
0.015988502341
2.78938215433
0.0201053774799
0.0174012375258
0.0176023475166
0.0188303423153
0.0165932748544
0.0165078098265
0.0177316091916
0.057372362838
0.0601325624933
0.0176791750127
0.0168794626758
0.0241337175442
3.02910155619
0.0249129104777
0.0160583070246
0.92317193502
0.0171807716833
0.0150635930283
0.631189595015
0.0185171110206
0.0147982323348
0.0150141060003
5.06129535604
0.0200976156824
0.015331628519
0.0192918881852
2.84086928435
0.0268234465038
0.0151254073522
0.0270082114924
2.97416727268
0.0239924196309
0.0166506919777
0.935236768176
0.0154224514651
0.0149301229976
0.671039472121
0.0173039595053
0.0149780119925
0.0147939281693
5.09608314831
0.021369294147
0.0151105401649
0.0165770263217
2.89882443428
0.0192766793383
0.0157087883369
0.0149757334924
0.014983449791
0.0200179166083
0.0201789459873
0.0158328065105
1.55515541835
1.38997312501
0.0157056560274
0.0149806523308
0.0150096176852
1.49671228569
0.016449812334
0.0787612159814
0.0152170571576
0.0150086269908
0.0151408606519
0.122377422134
0.0252039296708
2.02315400382
0.0155185023323
2.91150550184
0.0174227628158
0.135504294342
0.41480326084
0.0197713694845
0.0158229859856
0.0167549529773
0.0206575526778
0.0173096830064
0.0174643544985
0.0159433321484
0.0166965509804
0.0261662616782
3.02567954251
0.0285737743252
0.0170600478304
0.0154353873416
0.0164636934836
0.0166328536968
1.07494435581
0.0156633565008
0.015928933979
0.0300084575041
0.0227582108346
0.0159710301668
0.0161947244972
0.0161047406728
0.0263825579702
0.0223676833751
0.0322180256674
0.0168831649935
0.0158647206651
0.0289508008282
0.0186310038553
4.25470647136
1.14570516166
0.279925194161
2.09026685636
0.0202724183134
0.532096924842
0.0284950181958
0.0148383251702
0.0148226303087
0.0148540868152
0.0175109526414
3.42236316252
0.0227533296759
0.234791641822
0.0204450836754
0.0223813883495
0.813460330013
0.0160445778553
0.0159212358412
0.0238859528714
0.0152346756852
0.0392467090278
0.0308370811787
0.0161064903368
1.52888794115
0.0175946461192
0.0147501095004
0.200265577839
0.0203051339486
5.92502262333
0.0237106718317
1.93313570782
0.0154317928633
0.0148725981514
3.38927036266
0.0165727958277
0.0183985673163
0.0149340378314
0.0162533796586
0.015036631686
0.0164030823119
0.0241247388185
0.402792588342
0.0198432670052
0.0164230355295
0.143747555131
0.0189351169781
0.0160032295195
0.0168069751429
0.493993604323
0.0158760648337
0.0153338008483
0.019175061665
0.0226447980191
0.0241904976817
2.92493432582
0.0284950346686
0.0179236265055
0.0247193491475
0.286523445005
0.0178533633201
0.0180530084957
0.17741306551
0.0203399080201
0.29400619133
0.0153520406651
0.0149375500235
0.0194643759945
0.0181226361892
0.0212770177944
0.0173708573372
0.0190412120428
0.016403602669
0.0219502061566
0.0179105539961
0.0152346694959
0.0203125798338
2.85352510654
0.0253567366551
0.0169367920219
0.0172244260126
0.0150249610112
0.261092772804
4.23201313817
0.0210795921933
0.016536202825
0.0332228315335
1.97056722701
0.0158970998212
0.577818819535
1.51803655515
4.72676882332
0.0592169405039
0.0154139476556
0.0153541455317
0.0173692181706
0.856114601639
0.117748414147
0.0152709143391
0.0150644179666
0.0218139301481
0.149479058843
0.0146145009591
0.0154567231463
0.0149567251598
1.53477791565
0.016865113168
0.0151091806862
2.26473237169
0.0191884969827
0.0150233694973
0.0178770996475
1.51368457151
0.043793911871
0.0184121953207
2.37196117632
0.0148662909826
0.0168781803028
3.35376829887
0.85854736832
5.49619454301
0.0569882678489
0.0679139501493
0.356946259194
0.0197368439791
0.0153388103742
0.0184206723352
0.323094366157
0.0164782663342
0.0221244113442
0.0157471715162
0.0161192163554
0.0188058841935
0.0154120526859
0.122935478323
0.0161374133701
0.0146806245321
0.265978351818
0.0195242333769
0.0323940771632
0.0150319505289
0.584286558364
0.0177960294726
0.0183473621534
3.09311742118
0.026292014188
0.0161910910198
0.0151482856988
0.0189349701589
0.0177950809787
2.89712938701
0.0172875868545
0.0188572459932
0.0192296436677
7.75067440952
1.02894595884
0.0185901449877
0.0180843606746
1.60277156965
0.0391295763742
0.0157547303436
0.0166612255077
0.0213579045182
2.99915897534
0.0223920126834
0.0165532538279
0.0170259956503
0.262549776002
0.0161985792996
0.0148716138598
0.0172921721824
0.0197293201733
0.0180582621639
0.0162900310048
0.0151766125152
5.76282318831
0.0205153951538
0.0249931255239
0.0552373676522
0.0202619068247
0.0170938358448
0.0191572476373
0.0154320086585
0.0151865341662
0.0213877970042
0.0163466186883
0.0190290483491
0.0152569885055
0.0174659174712
0.0190550045227
1.34051136199
0.0174570666665
0.0224963171835
1.00793247653
0.0635150933328
0.769176401043
0.0154976442185
0.0918136113711
0.0161060971441
0.0151413516918
0.0165752521716
0.0190756183195
0.0195773915232
0.0160504195179
0.0154274571493
0.0386486809972
0.0588669955226
3.40118200499
0.0167244990007
0.0268874721369
2.9565310135
0.0255331516382
0.0176539276532
0.0164254040186
0.0217442696642
0.0184816886127
0.0163831790172
0.0154023246723
0.0152668478161
0.0271705663569
5.81783135468
0.0252195499876
0.0266517872999
0.0576154478282
0.0183617183357
0.0169005935119
0.0220835688136
0.0160898121734
0.0150941068229
0.0155379496476
0.0199842863561
0.0200838519765
0.0154710955103
0.0174550813002
0.015688283854
1.35377802098
0.0221093033518
0.0259538780277
1.16735369504
0.0739373704612
0.768365165665
0.0302408946639
0.121808896501
0.0174102484792
