0.0120583555157
0.0120182721682
0.500934161828
0.0123402995135
0.0122680506514
0.0122466501586
0.0122798739855
0.0122016836734
0.0122427056582
0.0123272923714
32.2658867974
0.0543137184771
0.012195613177
8.55382175521
0.0120946795214
0.0121728399924
0.0121957328326
0.0122481615399
137.995969144
0.0137115141455
0.0121273276745
0.0125756370253
0.0122347908521
0.0122686111329
0.0146994596774
0.0133558089922
0.012203797504
0.0122383569833
0.012350208126
11.8180523878
0.0123718659743
0.0122563108453
145.970578893
0.736574229823
2.00498592679
0.0120880241544
0.0122512728558
0.0122715566928
0.0122555226747
0.0124517130122
0.0120555424946
0.0124625831959
0.0120155520077
0.0121379340029
0.0123028216767
1.32842801651
0.0121253383113
0.0151909076376
0.899851291519
0.0121747246594
0.0121550270123
0.0122488238267
16.9397113973
0.0122335884953
0.375620094671
0.0122181120096
3.20032825284
0.0121352613205
0.012033240501
0.0120850981912
0.0122640343422
31.2724944733
0.0543238321746
0.0124057755262
0.0125806378201
3.98952212602
0.012177164841
0.0123393433363
2.19963026834
0.0109776316676
0.0120440251582
11.3381585636
0.0119893276521
0.0121642941958
0.0120408395111
0.0119451589999
0.0120654756514
0.012248810827
28.5148683058
0.0484663828393
0.0122305178278
0.0133644741533
0.012381090996
62.441353436
0.296375134688
0.0134428396511
1.99895200683
0.033209762342
0.0120907820335
0.0122197975094
0.0122172584912
0.0122526486327
0.0123235880164
0.0130340813582
0.0121976798206
0.0121482933561
0.0123477718249
4.86999996435
0.0126969895209
0.0121297851826
0.0121803876828
0.0120262019918
0.0120351158548
0.0120564455089
0.0121210263072
31.0397508597
0.0126712673227
0.223022513829
0.0120972281632
27.8556093825
0.664345475185
0.012592171183
0.0123139923089
0.0121726653306
0.0122645666706
20.0948073328
0.0120671133433
0.0119701759929
37.8324498545
7.88824466531
48.6995521103
0.377151127982
0.60375531629
3.41861321399
0.01202417751
0.0121379343133
0.0125619558385
3.40220681299
0.0121261416546
0.012321516367
0.0120095411936
0.011941894171
0.0122610433221
0.0122858083147
3.02560108564
0.0122504243433
0.0121164811814
0.0121580549749
30.2287956603
0.0611210860079
0.0123029583095
0.0121513744816
2.75595085197
0.0122602065288
23.985343681
0.0416089592036
0.0122201409928
0.0121863213523
1.02120217667
0.0121082196323
29.8825430502
0.0123764323265
0.0120793666574
0.0174860568174
0.0119359999857
0.0123613748195
0.0122916639666
30.0767016452
0.0120549316828
0.0126974883023
0.012436975822
0.0120820413382
0.0122111679908
11.5179334642
0.0122603139996
14.5504135202
0.0119377256875
0.0121134404714
0.0121452498134
0.0121419051623
0.012331551814
24.5392888813
0.0419084945267
0.0120900281472
0.0120660369867
0.0122362431721
16.0030101906
0.0122456540121
0.0121801409987
0.0120531541567
0.0122160439884
0.012056108991
0.0122718185109
0.0121444469939
0.012049433329
0.0120570338137
0.0121484723059
21.1474019707
1.73266529249
0.0127024001752
0.0128987790086
0.0130156993401
20.520236921
0.0122428774872
0.0123089811532
22.4261687705
0.0122269996597
67.0730470218
0.0124932975159
0.0121701376823
5.38481709784
0.0124714283544
0.0122486765031
0.0121749494962
15.5115197472
0.0121682359992
2.87691992529
18.1394765492
50.8411809185
0.0135024378736
0.0332357034592
0.0126158510296
95.4019597983
0.0146105036644
0.0124133811138
0.0119728910116
23.935574089
0.0418819993113
0.0122125286531
0.012227791672
3.04238114349
0.0121129046699
0.0120316381799
0.0121373247239
0.0121858171575
30.8862601905
0.0120706186669
12.175611296
0.0122490490127
0.0120269301503
0.0120623486776
0.0123624891469
0.0121565983281
0.0122917515109
0.012167474643
0.0122421384828
0.0122847895255
23.7519454145
0.0464628031865
0.0122285030084
6.89818696449
0.0122038731351
0.0121433723252
6.38411853866
0.0120822504978
0.012070365677
0.0121768940007
42.4338458793
0.0128129066822
0.0123209221444
0.0121743340084
26.9264216508
0.0122817153655
0.0122320589726
0.0119427171691
0.0118958463427
0.0121580161504
0.0120822693182
0.0121930659904
0.532045343813
0.527614249693
0.0122528431821
0.0122872566572
0.0122448276573
23.9714437497
0.0466855308623
0.0121672636596
6.94213392549
0.0120736943403
0.0120292158099
6.57086449282
0.0120163293516
0.0121105490058
0.0121132625112
42.5974551191
0.013023354831
0.0127884736673
0.0122061351625
27.2780205436
0.0126243089908
0.0121117628102
0.0123973276544
26.3715870057
0.0532283508413
0.0125983445323
7.66162425099
0.0119985480172
0.0119757703505
7.12872391949
0.0120615139992
0.0120246163375
0.0120162568249
47.0409216649
0.0122884818508
0.0121046578473
0.0122899546598
29.5769172672
0.0131058180123
0.0130070540084
0.0120050716796
0.0120438196851
0.0124816791892
0.0122718856825
0.0122039904818
12.2002413592
10.7718818727
0.0121349862893
0.0121583891644
0.0120514956652
15.8640736076
0.0120986626522
0.996199586681
0.012290683478
0.0122272925024
0.0145354370276
1.97267435349
0.0122341326787
19.430736132
0.0120575404726
28.836115534
0.0121681401894
1.70208607499
6.82719507967
0.0121252156678
0.01214055197
0.0121642010054
0.012267233668
0.0124496790231
0.0121536064738
0.0124587243578
0.0121526666723
0.0122893246783
24.013003531
0.0414475220411
0.0113011246431
0.0120951126446
0.0121851288325
0.0124183356335
7.59538051401
0.0121213510089
0.0121250621548
0.0131143761876
0.0231889301601
0.0121625851801
0.0122224316777
0.0119637798052
0.0120399380297
0.0123643594755
0.282991203344
0.0123003655074
0.0122248903499
0.0122627166372
0.012363402658
39.9897055025
11.1316202175
4.02251331217
16.5823488185
0.0121319123233
6.11530631668
0.0862842983139
0.0119816648269
0.0120130381741
0.0120494544972
0.0120857875445
38.98931279
0.0477333671491
2.13863110618
0.0120593453369
0.0127724716634
5.74360523747
0.0123673831695
0.0119139493133
0.0121785401716
0.0121411194753
0.215104660834
0.0124883466439
0.0123319238386
11.8595295272
0.0120282340213
0.0119776063366
2.29832695435
0.0219911778501
64.1591590097
0.0122504833271
17.2815300632
0.0121150903481
0.0120951060283
33.5138700862
0.0121787908332
0.0121003290212
0.0121410751599
0.0121087800168
0.0120459313427
0.012155926864
0.0123017491618
3.323704773
0.0123733216509
0.0121884264906
1.52915716235
0.0121179563381
0.0121420498084
0.0122543043496
3.50896582269
0.0123726485375
0.012168519684
0.0121955361683
0.0129768664677
0.0122642466449
30.492361926
0.0675488268608
0.0123021972831
0.012588247327
3.73774113198
0.0121142820183
0.0120387685214
2.05919887315
0.0120543198233
3.45053968549
0.0120761991712
0.0121382326664
0.0120133236632
0.0122763049828
0.0122194815194
0.0122740871739
0.0120668102948
0.0121128021856
0.0120574763471
0.0118941924884
0.0119693599602
0.0122089008219
23.1262591615
0.0395898558393
0.0121768889755
0.0122112928269
0.0120374038427
2.54130830234
43.008013328
0.0128953468132
0.0122840421585
0.0123994343449
17.603431554
0.0122106010094
6.41233219381
16.8778612455
48.4391879427
0.196375076349
0.0121617855233
0.0121967569576
0.0153830508158
8.07227130834
1.3786945137
0.0122635126657
0.0121589616756
0.0256219256747
1.54154595733
0.0121281191823
0.0122881459926
0.0120303294971
15.483945704
0.0121084043446
0.0120762254616
24.4469799097
0.0123597956651
0.012086870013
0.0120658481998
18.5728102783
0.247998051306
0.0122506793511
24.47303758
0.0120656436581
0.0120985740408
46.0345490613
9.41132549599
58.3943436729
0.418237294167
0.63730939466
3.95335975631
0.0124877742104
0.0126564811411
0.0120888546614
3.66869771752
0.0120183141359
0.0121263856417
0.0123105658373
0.012157118336
0.0121761041616
0.0120879236492
1.40663966901
0.0120315791379
0.0121024308028
3.47116164067
0.0120765341174
0.202327034844
0.012217647008
3.15601393431
0.0122472768611
0.0122423936846
30.3871314268
0.0548830603366
0.0122743691512
0.0122119394946
0.0123767066592
0.0121171191956
33.0538501311
0.0125201257955
0.0123972826793
0.0123887503481
48.1141769995
5.03265637066
0.0121994649914
0.0121184776848
13.6671610782
0.177126709469
0.0122653735064
0.0126266016548
0.0123641674872
24.6798312484
0.0411619250081
0.012122943687
0.0122367538473
3.28220404564
0.012116184691
0.0119179616256
0.0120842336522
0.0120848128184
0.0121078536419
0.0121633543555
0.012094516637
57.6015841992
0.0124367310006
0.120469140161
0.820806269845
0.0128969438374
0.0127677004978
0.0122173236838
0.0121896823209
0.0121155844924
0.0121896410128
0.0121133231636
0.0121821593299
0.0121236360283
0.0122665106707
0.0128308116691
8.38274863482
0.0120923669892
0.0607434436291
9.78502606818
0.467957388338
6.46610636029
0.0120456679918
1.09312561232
0.0122425816759
0.0120402835116
0.0120622650138
0.012256939197
0.0121229653208
0.0121083741542
0.0121816546501
0.337311647173
0.528017135686
24.9839427917
0.0121467771824
0.0123807676913
30.9672142974
0.0597189063556
0.0122555320074
0.0121104705031
0.0127265158226
0.0121951440233
0.0120869505141
0.0121242945121
0.0121782218145
0.012246666806
74.6794990402
0.0139885213187
0.139611231532
0.826623996526
0.0122999606926
0.0121484611494
0.0121770523062
0.0123436879949
0.0120252955045
0.0122972888445
0.0121469173464
0.0121469083242
0.0121822290239
0.0121884461842
0.0122044302989
10.2068646112
0.0125385016436
0.0945211894965
12.472810911
0.636957752538
8.08236649751
0.0123141718408
1.22466977798
0.0125442975356
