layer number :  19


172.413026402


0.0148066469934
0.00533607942052
0.00460904566571
0.0106455111876
0.00277671585791
0.00263611217961
0.00333965723403
0.00276490175165
0.0573899699841
0.00564442160539
0.00563871557824
0.00836594379507
0.00726358038373
0.00806174604222
0.00743884574622
0.0107385327574
0.00621717004105
0.00808544741012
0.0125075812452


0.0
30.7481825985
0.108747859346
0.0295603848062
8.44081037492
0.021789778769
0.0
0.0118567794561
0.0136869212147
132.68775419
0.0336016178597
0.0
0.0
0.0273453732021
0.0
0.0
0.0
0.0
0.0466185015626
