layer number :  17


22.4823063427


0.00387593046762
0.00382651998662
0.00385960522108
0.00391356758773
0.00441975016147
0.00349889490754
0.0028807470575
0.00394876454957
0.0137356218416
0.00494640944526
0.00591708035208
0.0043436945416
0.0111028417945
0.0057495971676
0.0057266627904
0.00565207726322
0.0126107405405


0.0
0.0
1.49930951097
0.0232532327995
0.0309053306468
0.521764367633
0.0
0.0
0.0
15.7493039532
0.0
0.44901742246
0.0
3.91734003029
0.0313448735978
0.0638558547944
0.0420764866285
