layer number :  18


41.6765277002


0.0153806332499
0.00333857596852
0.00332671320066
0.00281584798359
0.00422611441463
0.00270252618939
0.00397981922142
0.0054571218323
0.00527957454324
0.00806449241936
0.0148191259708
0.00566841405816
0.00585823897272
0.00574454287998
0.0106115086004
0.00647007655352
0.00808988376521
0.0126053280663


0.0
25.0831279389
0.0806545074564
0.0210660305806
0.0164789048489
3.48895606436
0.0
0.0
2.14119556262
0.0
0.0
10.5401192022
0.0268015508074
0.0530706181657
0.0
0.0
0.0
0.0375057159457
