layer number :  37


163.015493149


0.00266729844734
0.00262225903571
0.00260590137914
0.00405718581751
0.0288488441613
0.00385782788508
0.00376935810782
0.00608083279803
0.00460521006025
0.00457766540349
0.00811620634048
0.00485340119339
0.00658183577471
0.00458031962626
0.0037206735462
0.0070167406462
0.00423764972948
0.00568988365121
0.00680157816969
0.00360772814602
0.00298981885426
0.00471506160684
0.00306323701516
0.00480922255665
0.00293297949247
0.00418145144358
0.0132768821437
0.0033685718663
0.00448476476595
0.00278846318834
0.0311393653974
0.0111457145307
0.00550861814991
0.0109035359695
0.0064355510287
0.00784378345124
0.0125306529924


28.9623996944
0.0609640581533
0.0182611499913
0.0
0.0
62.2000420312
0.357104830025
0.0
1.94870375358
0.0582765874453
0.0
0.0
0.0
0.0
0.0201478446368
0.0
0.0
0.0
0.0
4.51240427182
0.0
0.0
0.0
0.0
0.0
0.0
0.0
30.9629907861
0.0
0.254172884067
0.0200403975788
32.120193652
1.11779731787
0.0
0.0
0.0
0.029195750365
