layer number :  27


146.172442801


0.0366896244232
0.0136297123972
0.0131820894312
0.013418724807
0.0134754315484
0.0133958119899
0.041922693653
0.0135624280199
0.0131645883899
0.0137968346477
0.0154585781507
0.0140948202461
0.0157322049607
0.060250242753
0.0135949345771
0.0175844472367
0.0140008170158
0.0159911869094
0.0145903948229
0.0573586786631
0.0135268776677
0.0553886409849
0.0169872687664
0.0135677877814
0.0141013663728
0.013307229802
0.0188880878501


0.0
29.1480285258
0.087731618015
0.0389405189548
0.0375404508319
1.22108024261
0.0
37.884832498
0.0415964733809
0.0376002963632
0.0675506676082
0.0
0.0
0.0
40.2229129465
0.0
0.0
0.0
0.0
0.0409821035806
13.1696650623
0.0419787340332
23.296347975
0.0414008868393
0.0
0.039143037796
0.0430853043683
