layer number :  22


72.1603590014


0.0151205869857
0.00276503320784
0.00263749253936
0.00261053792201
0.00396540006623
0.0137035669759
0.00315583604388
0.00342460921966
0.00255108037964
0.00253709079698
0.00287951738574
0.00258835903369
0.00261046760715
0.00345188262873
0.0028854529839
0.00420156819746
0.014295080211
0.00342589602806
0.00576890818775
0.0055285054259
0.00800203364342
0.0127172947861


0.0
27.2173387264
0.0660329716746
0.023224109225
0.0
0.0
18.4157479146
0.0277772503439
0.0131905048154
0.0311786680017
0.0150850032456
0.0118482491467
0.0202129684389
0.0194438545499
0.0
0.0
0.0
23.982032204
2.03316940218
0.0553354395554
0.0
0.0377825819887
