layer number :  21


97.8795907706


0.0142100775614
0.00442970562726
0.00381830758415
0.00384733481332
0.00595033820718
0.00261473958381
0.00470762453042
0.00289204986766
0.00410039541312
0.0278874751646
0.00268590999767
0.0197053200565
0.00567359500565
0.0069001100026
0.0058636634145
0.00566165321507
0.00579002867453
0.00569304618984
0.00584184704348
0.00795995998196
0.0126946875826


0.0
30.7600122593
0.108932380145
0.0257243803702
0.0198703041766
3.65692473189
0.0
0.0
0.0
0.0
43.45133505
0.0
19.4195544167
0.0
0.0295431184117
0.0289172651712
0.034480502177
0.0247269415297
0.0349763352424
0.0
0.0564846896101
