layer number :  18


119.261737709


0.0145395292435
0.00557482359
0.00496148751117
0.0113964179996
0.00322198341601
0.00316214640625
0.00713669774123
0.00423878380097
0.00475838882849
0.00398728940636
0.051499849977
0.00280402544886
0.00261725159362
0.0040013063699
0.0157367805019
0.00595605103299
0.011139658792
0.0127681866288


0.0
26.2550750558
0.104584515654
0.0219666626304
7.7274941986
0.0202236189973
0.0
6.75872223666
0.0
0.0
0.0
48.3239382746
0.0242242095526
0.0
0.0
29.7085185827
0.031625668006
0.0488620269578
