layer number :  28


146.97294192


0.0160856138449
0.00563490311615
0.00558940107003
0.0129871315323
0.00398478200659
0.00387662015855
0.00849183923564
0.00357236196287
0.00314245796762
0.00409695343114
0.0464292424265
0.00333450725302
0.00260538863949
0.00399472843856
0.0160158933606
0.00269676754251
0.00261174794287
0.00470826807432
0.00305617456324
0.00474701197818
0.00307936803438
0.00417595235631
0.0243765462656
0.0238504735753
0.00594794359058
0.00564117361791
0.00796635160223
0.0127448821906


0.0
26.8591696372
0.108629064821
0.0245433677454
7.53045066791
0.0445972397457
0.0
7.01871958365
0.0
0.0
0.0
49.7733526371
0.177213409543
0.0
0.0
30.466346206
0.026843480859
0.0
0.0
0.0
0.0
0.0
0.0
11.9881312336
12.527696953
0.0275070542004
0.0
0.06035870919
