layer number :  24


102.976971405


0.0139857167844
0.0178996028379
0.0154177425895
0.0143252192065
0.0159584783483
0.0268550084438
0.0137747236527
0.0136537925806
0.0136079110671
0.017119656736
0.0134538163897
0.0137095587328
0.0203457610682
0.0134935673792
0.0139543045778
0.0139392027631
0.0134078127798
0.0134179362096
0.0153002439532
0.0146347540431
0.06201874041
0.0255877879914
0.013195509417
0.0233266237658


26.4939567408
0.123199160909
0.0399732242338
0.0
0.0
0.0
8.29173824754
0.0405757246539
0.0443759834394
0.0413589233067
0.0518027656711
0.0408657240216
0.0380624445621
0.0380070121959
0.0416067920625
0.0410518113989
0.339676321391
0.0417413424235
0.0
0.0
0.0449386981782
49.4771668776
12.4088934397
4.74585299962
