layer number :  21


92.6228159798


0.0168177118059
0.0203920402098
0.0139466822147
0.0132565833628
0.0169760852586
0.0140251945704
0.0155008064117
0.0544293861836
0.013659206219
0.0146943692118
0.0135129343718
0.0156219940167
0.025091815833
0.0136498418171
0.0140909086447
0.0137091967743
0.0190120597836
0.0152851413935
0.0137355587911
0.0148549036123
0.0189204842318


22.226373631
0.0
8.14305816199
0.241374292783
0.0
0.0
0.0
0.0
50.6200179638
0.137011263333
2.49266131381
0.0
0.0
7.80355785536
0.0
0.0475484806113
0.0
0.0
0.359871505806
0.0
0.0399068831466
