layer number :  24


62.3819063224


0.0122424654197
0.00268600019626
0.00406293380074
0.0238165676128
0.0038474265486
0.00302972439677
0.005551412981
0.00347704500891
0.00561121902429
0.00352659337223
0.00460328063928
0.00611589555628
0.00395927163772
0.00386777473614
0.00716719403862
0.00375010040589
0.00611026585102
0.00748381693847
0.0064081361983
0.00579837490805
0.010625504842
0.00626093680039
0.00785678764805
0.0125171406194


0.0
17.9583622006
0.0
0.0
34.9092046606
0.0208831260446
0.0
0.0
0.0
0.0
0.0
0.0
3.91747094817
0.0224174826406
0.0
1.42373999776
0.0
0.0
0.0173834874294
3.81209925283
0.0
0.0
0.0
0.0558536883909
