layer number :  23


36.9009738683


0.0386442926247
0.013918397855
0.0136278981343
0.013218153594
0.01467140764
0.0133023441304
0.015780781256
0.0144761661068
0.0135966584552
0.0200158807915
0.0137108060066
0.0112066472415
0.0135609840974
0.0132777193561
0.0137915337924
0.0136436845642
0.0135702108033
0.0177379870322
0.0147443331778
0.017815830838
0.0142113665585
0.0148456173483
0.0189290544018


0.0
26.5070264661
0.106160834618
0.0461646929849
0.0408330880105
3.73462242545
0.0
0.0
2.38446347662
0.0
3.2956045235
0.035397797823
0.0479854473379
0.0415638777893
0.037412692979
0.0409076703247
0.0428717493545
0.0
0.0
0.0
0.0
0.0
0.0464955142234
