layer number :  19


122.01174327


0.01303834063
0.00430795745924
0.0105431655422
0.00957473260351
0.0278330330271
0.0067280787509
0.00501758754253
0.00596632082015
0.00600676098838
0.0098893776536
0.00371714620851
0.00350457099266
0.0029829360079
0.00402147816494
0.00378213441
0.00811601001769
0.00625681956299
0.00806903466582
0.0125947094057


0.0
21.7346482473
0.0
7.92916663759
20.2055442716
58.9516493446
0.282507671462
0.0
0.0
0.0272713623475
9.25859484882
1.72138396157
0.0
0.0
0.032209001435
1.61371631939
0.0
0.0
0.0406755843666
