layer number :  18


133.447056968


0.0136015712284
0.0145904893987
0.0428788450547
0.0211675894912
0.051051899977
0.0141796831973
0.0142727809958
0.0146546015516
0.0135668419301
0.0131963386201
0.0134505980182
0.0164135576691
0.0135442575905
0.015755784465
0.0137829490471
0.0136380800046
0.0151937163901
0.0188380976673


21.7876607986
0.0
0.0418228365481
39.9162266692
8.9875892383
52.4455524122
0.625542771211
0.642706438433
4.22285485202
0.0435557250399
0.044148805365
0.0
4.09273181595
0.0
0.0425123097375
0.0485204247292
0.0
0.043427486578
