layer number :  19


106.968103072


0.0136202550028
0.00271103056148
0.00265030460432
0.0035490817856
0.00302444673143
0.00413932986558
0.017653210368
0.0026644595433
0.00269338185899
0.00318067898042
0.022250441229
0.00594789762981
0.00434477543458
0.00432686535641
0.0103377858177
0.00600697458722
0.00556560140103
0.00796447102912
0.0125990857836


0.0
26.7032822406
0.0645377711859
0.0316379714757
0.0
0.0
0.0
28.6344314983
0.0158815603238
0.0
0.0340880486183
36.5975989196
4.05000789733
0.0370943314396
0.0304569807835
10.2735172794
0.230750326207
0.0
0.0436659615953
