layer number :  35


126.945988985


0.0139328170102
0.00346044786274
0.00266841561534
0.00352008980699
0.0027686137706
0.00465010227636
0.00289226574823
0.00470512718894
0.00288997003809
0.00414762198925
0.0338519971818
0.00415899599902
0.00472704740241
0.00457960851491
0.00549089838751
0.00422153859399
0.00704205101357
0.00419080699794
0.00702309962362
0.00397355756722
0.00599126680753
0.00357751282863
0.00483740516938
0.00398358698003
0.00332522187382
0.00761557132937
0.00457524484955
0.00549807916395
0.0108352144249
0.00527383424341
0.00723983538339
0.00312399994582
0.00390660357662
0.00557970902883
0.0124885391444


0.0
29.0294356465
0.0731473105495
0.0177155184094
0.0
0.0
0.0
0.0
0.0
0.0
0.0
67.427380812
0.0230134946294
0.200039812829
0.969118815242
0.0
0.0
0.0
0.0
0.0
0.0
0.0
0.0
0.0
0.0224095936399
0.0
8.41822388354
0.0
0.133938178607
10.8680646694
0.701432591584
7.16500450587
0.0
1.52761427742
0.0462095824536
