layer number :  15
187.063113617
0.0546696878038


0.0160481448208
1.67428174289
0.00569809084603
0.00611136306543
14.0711839436
0.0979642831953
0.259996176116
0.00887415550339
0.00901671984077
0.00492233802409
0.00755054911132
0.00624381386053
0.00425514450762
0.0043294338199
0.00893885917805


0.00601232847354
13.0737143492
0.00248630833812
0.00257842165107
154.391405753
0.581595349514
1.88070733938
0.00220670298828
0.00543006296114
0.00211463422359
0.00261176656931
0.00212721445132
0.00201007133971
0.00209238345269
0.00270648964215


0.00391818183319
0.00258553167805
0.00232319479498
0.00231411148949
0.017466000126
0.00611931869451
0.00223509164061
0.00187430332881
0.00203389084588
0.00174080960763
0.00192111633563
0.00180667064463
0.00169321153468
0.00186384120025
0.0099168244827
