layer number :  19
197.739277561
0.0570141486358


0.0117099440734
3.0398955514
0.172040122678
0.0131906896907
1.01810365616
0.0203535601807
0.00634900441704
0.006232813932
0.00829059397802
11.2961960407
0.0143956099637
0.00825935815617
0.0100845684065
0.00788230448961
0.0109273159954
0.00875411310699
0.00688698654994
0.0145501445125
0.0101236412302


0.00509506359231
32.6285033011
0.0320928965229
0.00614056080425
8.94090245784
0.0051271741977
0.00307343989456
0.0029862964293
0.0031025147376
140.355299532
0.00580352703885
0.00448013372564
0.00570329643476
0.00349538105851
0.0054747738565
0.00438860000577
0.00347559600292
0.00770166504663
0.00393549325721


0.00379102506364
0.0149207773696
0.00306636060123
0.0029053252268
0.00335478844742
0.00283394249467
0.00279707480998
0.0027112136595
0.00257454626262
0.0172718339988
0.00320061362193
0.00325237462918
0.00626438114947
0.00305075629149
0.0049097010245
0.00314617184146
0.00313087028917
0.0065511484087
0.0153565263996
