layer number :  17
21.9434695274
0.0578602850437


0.0120674985228
0.015381409127
0.170694583949
0.0070288553834
0.0111903771758
0.123934783818
0.0146430775058
0.00821282419686
0.00825829070527
1.57657583073
0.00628253864124
0.0733093301533
0.00588061547993
0.300851407616
0.00535695751508
0.00655407768985
0.0059678373703


0.00498900244323
0.00592076204096
1.37895767468
0.00252164163006
0.00294561016684
0.910740905636
0.00764151464683
0.00443870054248
0.0042554915417
14.2722383285
0.00247091318791
0.255673692833
0.00295142064957
2.49771215122
0.00222613534424
0.00245534314308
0.00240432917296


0.0038735838995
0.00408581997423
0.00229543451375
0.001977753127
0.0018099770338
0.00419015887504
0.00403009762522
0.00378490344156
0.00373005944614
0.00219513052919
0.00192582801295
0.00378994919205
0.00264869517802
0.0120959889609
0.00198231567629
0.00187476712745
0.00952113699168
