layer number :  18
44.1471895534
0.0561369511765


0.0120192114264
2.98575505304
0.0498986998185
0.00770345345761
0.00527138802378
0.289119265741
0.0133073395118
0.00599470668627
0.218134631015
0.00490619948444
0.0116322877972
0.89690912251
0.00713769055436
0.00485134497285
0.0103383408471
0.00598444599503
0.00571446066413
0.00422014982905


0.00495311548002
24.9447710962
0.0142120854774
0.00259832870991
0.00211063679308
3.16467865134
0.00277933885809
0.00240263199279
1.94200760196
0.00208949619749
0.00355643061145
9.46518529117
0.00224194147935
0.00214569747914
0.00302498337502
0.00243381783366
0.00222062133253
0.00245746566604


0.00385674636345
0.0020783781462
0.00196605769452
0.00185644902134
0.00186660610295
0.00222055245346
0.00206054766507
0.00190604478121
0.00220391123245
0.00187779384821
0.00200356919474
0.00220533161579
0.0018340543611
0.00187434302643
0.00191924030272
0.00186811352614
0.00185685344817
0.0101907418575
