layer number :  37
192.783155403
0.107687817048


3.03312289676
0.0577217315246
0.00734256599874
0.00579381699208
0.00905235053506
6.89652332167
0.0881918580272
0.0129097288785
0.24111300734
0.0371180987374
0.0121587326673
0.010545517318
0.0107232141697
0.00764838835069
0.00936527550221
0.0104959983922
0.0153744821825
0.0106432688578
0.010506498705
0.559456872521
0.00733266215927
0.0100919644659
0.0069798011488
0.0107052770909
0.0111156226291
0.0130252596767
0.00687077606562
3.05279164548
0.0636391588487
0.0979963394736
0.0233645906749
3.87389518305
0.13685319953
0.177510735462
0.00774377518489
0.00754289573524
0.0136129738142


31.4348442372
0.016710338532
0.00282916900081
0.00280037002327
0.00379546460074
69.8269578636
0.366361418157
0.00560869513235
1.89396678397
0.0220296110104
0.00531553496451
0.00453504714339
0.00449556601234
0.00394372618757
0.00399049220141
0.00420814279156
0.00496359879617
0.0043070326404
0.0042337833438
5.02432934016
0.00357939865595
0.00423067330848
0.00354066448441
0.00372185864641
0.00415889685973
0.00446935781899
0.00356290664058
33.6158144853
0.00495084216042
0.331442867173
0.00511435050673
30.6228421958
0.784322956305
0.00444444369835
0.0039355501843
0.00385078927502
0.00516913101698


0.00477340883421
0.0027712159402
0.00245682953391
0.00252493695977
0.00240983550126
0.0179483847848
0.00674879698393
0.00502337686096
0.00543776806444
0.00572136785679
0.00352432303286
0.00372938885509
0.00352035063164
0.00663612748031
0.00339937730072
0.0034353750137
0.00352889035518
0.00338585965801
0.00345523376018
0.00433852054023
0.00320401783877
0.00319670621927
0.00304057247316
0.00309703048939
0.00324920933539
0.00315526729295
0.00310191737178
0.00286490602108
0.00302820668245
0.00364936581658
0.00332812646715
0.00535167264752
0.00447606819216
0.00366441750278
0.00347978144418
0.00342248717789
0.0160306541948
