layer number :  27
126.830282703
0.0972927362191


0.0125318588689
3.07393882431
0.0556513161476
0.00866650502817
0.00872391066514
0.200052458056
0.00601271349781
2.9277601088
0.112679076342
0.0047824108818
0.0168322017416
0.00466449395754
0.00590779884563
0.00720376331204
3.91040738016
0.172887856452
0.00656911307791
0.0108814028402
0.00520554250882
0.00812123696475
1.8857301753
0.0081365283113
1.69220678268
0.00821389552825
0.0260821410144
0.00492194263885
0.00429968268145


0.00561890293224
24.6090091972
0.0159621658192
0.00299356928251
0.0034195575087
0.880622118596
0.00247499203154
30.2563550775
0.00276166200638
0.00206908994975
0.0169363591509
0.00208530365489
0.0025438303904
0.00288609803344
30.7523395814
0.00257800597077
0.0027588554658
0.00363051452829
0.0024028501939
0.00310773806025
11.3358095913
0.00283112035444
14.9615174502
0.00298558963308
0.00243853257658
0.00208126152089
0.00200189987663


0.00371073524002
0.00245883630123
0.00230472437882
0.00214902866477
0.002109789794
0.0024280223685
0.00198599432285
0.00214626962164
0.00193199049682
0.00184164064316
0.00202973167567
0.00197509901288
0.0019568921222
0.00191113546801
0.00219373439905
0.00222601248728
0.00229832165254
0.00210541766137
0.00224962295033
0.00220407499001
0.00225772471943
0.00198211132859
0.0021830991221
0.00198949085704
0.00189535226673
0.00178905308712
0.00843307969626
