layer number :  22
69.3793311534
0.0670088456012


0.0318434501532
2.95640309244
0.0598932192661
0.00530595728196
0.00420716536852
0.00448207083779
1.63379296013
0.00578238330005
0.00578330185575
0.00470049698682
0.00902551501836
0.00927625402499
0.00492170022335
0.00484895737221
0.00417375386072
0.00410777986205
0.00849258713424
2.0358792609
0.251985276351
0.0169570551564
0.00454038125463
0.00440468604211


0.00756105850451
24.247914027
0.00312565593049
0.00201762638365
0.00201270539159
0.00192827351081
15.784284796
0.00214019879543
0.00205066179235
0.00207550998312
0.00299621683856
0.00315031133747
0.00206725512786
0.00204150720189
0.00197937261934
0.00199951526399
0.00266801267086
20.6074669233
1.51854863417
0.00434619999335
0.00204149098136
0.00210927966206


0.00413923481634
0.00217355597609
0.00198015252439
0.0017718654514
0.00177796309193
0.00170243752655
0.00544072672103
0.00176902635334
0.00173841086992
0.00180619532087
0.0018981792964
0.00182733296727
0.00183880763749
0.00168339694695
0.00175963404278
0.00177844908709
0.0017964662596
0.00219177415905
0.00214075180702
0.00206150172744
0.00187259652497
0.00911285014202
