layer number :  12
125.047293115
0.0463085615542


2.19899436835
0.00789066699023
0.00888378894889
1.64083544821
0.0106300777212
5.72445141955
0.210690964362
0.00799644245611
0.577600622627
0.00746650896811
0.00962207446961
0.0089745859926


20.6900794336
0.00372918501186
0.00368808004229
22.2532463569
0.00368235520242
66.3205412098
0.00342673866544
0.00367346134347
5.34662888739
0.00287328419896
0.00339193195881
0.00296424317639


0.00619503219301
0.00332882934405
0.00332526381438
0.00238759416
0.00239499592378
0.00919488045233
0.00284326650823
0.00284283980727
0.00218839601924
0.00230638450012
0.00238296940612
0.0111547698422
