layer number :  11
212.289891952
0.0398089540191


1.55291892487
0.00787592815079
0.267608421234
1.65217512229
4.58668048071
0.0063238691849
0.0258970193099
0.00861809503597
12.8923411616
0.0297419728401
0.0139669333973


15.923790921
0.00335071717079
2.96440280675
18.5976928183
52.4442291645
0.00289537633459
0.0203568704892
0.00377933564596
99.7862704449
0.0173521459801
0.00611273583491


0.00303794808375
0.00262054447861
0.00380076072179
0.00340862188023
0.00656442999995
0.00264148251153
0.0024936721505
0.00251824315637
0.0287025930205
0.00350070127752
0.0184298978032
