layer number :  21
85.2056054161
0.0775381090586


0.0158827693667
3.08518401646
0.0535342696433
0.00813474114209
0.00529875128996
0.296809246182
0.0070496406018
0.00720042979811
0.00447551999241
0.00592119692981
3.67593730218
0.136961698843
1.74506152251
0.0078245838328
0.00655662536156
0.00496321978668
0.00481561932247
0.00958357700921
0.00555244755621
0.00753307594762
0.00591493149599


0.00562498997897
26.1829404847
0.0156353299195
0.0027631513464
0.00215339086329
3.37881074749
0.00259100354742
0.00298685433033
0.0020986381763
0.00230837939307
33.123517577
0.0034624315255
13.150338376
0.00292734665952
0.00249087814397
0.00212667416781
0.00215420980627
0.0029959793513
0.0021042379861
0.00257083482574
0.00245919486042


0.00394969286087
0.00222792612234
0.00207290728577
0.00185602949932
0.00188956200145
0.00222469738219
0.00190667551942
0.00196274214735
0.0019454700329
0.00189066232027
0.00304901281682
0.00249690383983
0.00223570895226
0.0020203058375
0.00188209155264
0.00187936902512
0.00178666599095
0.00188364061372
0.00179486267734
0.00197662754605
0.00903622064895
