layer number :  18
119.98403118
0.0566201264039


0.0121925819743
2.89052067798
0.0580596326618
0.00595374327774
0.926326711468
0.00754907234418
0.00459757839174
0.63829506468
0.0064025085109
0.00449944384551
0.00426932432068
4.96331388247
0.0136969418575
0.00463712001996
0.00418808419878
2.76571094338
0.0100479150036
0.00723045881993


0.00501439219807
24.1657649766
0.00872903763473
0.00206949934363
6.75694276373
0.00252418386905
0.00207621918525
6.45059154264
0.00257674437793
0.002140017692
0.00196116378841
42.7819968915
0.00537594466005
0.00196568815348
0.00197338211971
27.2664546861
0.00236043966531
0.00278180166303


0.00391933950596
0.00422441152235
0.00309408657874
0.00180874567013
0.00254782580305
0.0020071407392
0.00179300565893
0.00421275229504
0.00190510461107
0.00186889385804
0.00167609056613
0.0022038014528
0.00194049063915
0.00174543816441
0.00185560485503
0.00251085190878
0.00178390481354
0.00936562517502
