layer number :  28
144.978340686
0.0790281982161


0.00861672133518
3.06727820231
0.0539579823769
0.00659059434353
0.977247816471
0.00669780621926
0.00933207781054
0.673053864157
0.00477723086563
0.00884819263591
0.0059566720156
5.12568942302
0.00874081281169
0.00766830181238
0.00450242400014
2.69535719716
0.00965797808021
0.00752744571461
0.00596167783564
0.0042737245094
0.00721699519393
0.00595749460626
0.00428202919041
1.47252255861
1.43331320972
0.00812448638802
0.00595102944256
0.00430957480178


0.00436640961561
24.3067562187
0.0152859506973
0.00240087501394
6.86044043966
0.0025855472777
0.00288394935584
6.34272797464
0.00221386412159
0.00321833715619
0.00241463984518
42.8953008833
0.00244305131491
0.00280978895413
0.00207672349643
27.4099108386
0.00233146299918
0.00284114080326
0.00238438784921
0.00193157912387
0.00263598033537
0.00233865719444
0.00193155847955
10.7332889237
10.6334465775
0.00283659346557
0.00241371892237
0.00201706316633


0.00396146182902
0.00593842763919
0.00220767513383
0.00209407504493
0.00221317610703
0.00202206204025
0.00193858732625
0.0024037110464
0.00198313186411
0.002060601837
0.00185298946841
0.00208398567823
0.00190691971996
0.00195965838308
0.001867164198
0.002159378957
0.00192420510575
0.00198298417187
0.00172355018246
0.00166542447793
0.00175107988374
0.00169931115428
0.00179375502436
0.00216715650943
0.00219999746575
0.00201264349744
0.00186432133584
0.00902786470639
