layer number :  15
54.5161962927
0.0520744550508


2.09638871171
0.00518033634095
2.90791615898
0.00606474703333
0.179514965275
0.44956062998
0.0267677639301
0.00550207216293
0.00481837250603
0.005007986639
0.00687624032919
0.00447728562479
0.0115007978166
0.00437444801598
0.00424883336139


16.6044118897
0.00224841684879
24.5567683484
0.00227048818488
1.62962198517
5.92471852503
0.00397456119147
0.0022615606819
0.00199751435624
0.00202723235513
0.00223562082586
0.00199611869175
0.00299073883798
0.00214744145827
0.0019590172839


0.00226264551748
0.00205035484396
0.00222019160477
0.00185913751678
0.00209123602447
0.00350784052473
0.00204248400405
0.00196151000758
0.00178954532991
0.00173606281169
0.00171545799822
0.00169274234213
0.00190762651619
0.00184227790062
0.00916913574717
