layer number :  24
122.812211157
0.076374178566


2.98626363013
0.061635520348
0.00769377821901
0.00794872618281
0.0152507308327
0.00698632521865
1.17560885792
0.00681357085704
0.0112821973162
0.00726232635013
0.0229942951895
0.00941241187199
0.0101219283339
0.0114223476655
0.00808858312667
0.00637682333278
0.066014642478
0.00823685398791
0.0128904176721
0.0131615103067
0.00694134563673
4.20835629649
1.20019042562
0.351821991693


30.8722263457
0.0306571831461
0.00318908198581
0.00377026611629
0.00645695001973
0.00347426215497
9.41949207056
0.00292443984654
0.00405642568754
0.00266693264712
0.0167242390259
0.00362059163551
0.00365500493596
0.00365350550661
0.00317920965608
0.00283882999793
0.178679091507
0.00372629053891
0.00434183197406
0.00439911421078
0.00358165622068
52.8595562225
14.6531767449
4.77184816112


0.00529769451047
0.00292612464788
0.00277167667324
0.00282319751568
0.00317166361492
0.00331870326772
0.00830851390492
0.00259024630456
0.00268514694957
0.00255700235721
0.00259313227919
0.00255360985951
0.00268538455324
0.00251919601578
0.00266750835969
0.00248699235575
0.00565386097879
0.00325375966107
0.00326242786832
0.00320466328412
0.00309635015825
0.00224230166835
0.00501067160318
0.0157940409069
