layer number :  21
77.5827772436
0.0690676343627


2.08531064816
0.00831225766645
0.580605395526
0.0561359549562
0.00759983982425
0.0093656926571
0.00442012023026
0.00441134150606
3.29554343158
0.0576606057197
0.266158328508
0.0156483915246
0.00715897383635
0.761682258337
0.0089398106793
0.00493928685319
0.00439237205622
0.00725323272247
0.0787678009365
0.00491843667502
0.00637532382583


16.996054746
0.00332189083565
6.02908126331
0.0624834167538
0.00258923085251
0.00275080480302
0.00205522496253
0.00197637085027
39.2272547004
0.00952226280546
2.03801022947
0.00275994154314
0.00237515786042
5.64716235432
0.00327170019348
0.00213828601409
0.00208875680498
0.00261733634397
0.133906745158
0.00217087128355
0.00254719882893


0.00501412797409
0.0022228853389
0.0021267766521
0.00221500797973
0.00195255937676
0.00206099015971
0.00186211511027
0.00184941264646
0.00215516068662
0.00193245716704
0.00219483281641
0.00233110692352
0.00219325484553
0.00460105680394
0.00204441529543
0.0018874842984
0.00184770394117
0.00182166253217
0.00224750019455
0.00195978186093
0.0126450425402
