layer number :  24
63.5185954715
0.075311913062


0.0245158163598
1.96389820551
0.00542964665996
0.00590948329773
3.3320262318
0.0807514670305
0.00455380755011
0.00445703436465
0.00412437052
0.00429863315852
0.00579025080272
0.0115912808882
0.359578484436
0.00679401839928
0.0116579028157
0.179191844033
0.00626431781953
0.0117026376926
0.00558289082255
0.408474090858
0.00624054297805
0.0114057766817
0.00451762485318
0.00436511926819


0.00717024617673
16.650429626
0.00212927205333
0.00254033866804
31.8720425974
0.00481729550908
0.0020954781988
0.001972056188
0.001923796682
0.00180187084091
0.00237020656156
0.00308833414844
3.28346217637
0.00260610463253
0.00375537597574
1.46797868578
0.00241537186473
0.00319955129332
0.00208331485434
3.4544811688
0.00246793567203
0.00373690936249
0.00219234335236
0.00190173163234


0.00372474248676
0.00220730147945
0.00189378011661
0.00188823801
0.00223621012022
0.00202133145649
0.00182244224318
0.00171119665417
0.00177936779801
0.00169280249005
0.00175831560045
0.00190543705442
0.00220741661421
0.00183959053053
0.00202533117651
0.00210471951868
0.0020244528229
0.00204823930593
0.00175682001282
0.00223322686118
0.00203602896848
0.00212750731346
0.0019806700293
0.00912782456725
