layer number :  23
37.1437391944
0.065979408985


0.0158482770203
3.02850354238
0.0563623013052
0.00626326084602
0.00513891250982
0.304418173502
0.0130930036928
0.00450806048078
0.219192728323
0.0301865083165
0.334003005448
0.00520138000138
0.00472300352218
0.00474524373809
0.00480097633165
0.113013377762
0.00661055052963
0.00488633072625
0.00492272363044
0.00477764301468
0.00492473784834
0.0158109731662
0.00657763297204


0.00550109415781
25.2132451726
0.0103524246951
0.00223257575029
0.00209611599955
2.92332158455
0.0041603440186
0.00213878888947
1.79022182047
0.00247875267329
2.75044365553
0.00227156797579
0.00207410384124
0.00200948984517
0.00197143344364
0.00362719735131
0.00260967734115
0.00239960220643
0.0023860783549
0.00232536209902
0.00239296179886
0.00370604835916
0.00246020317233


0.00381722953171
0.005480737503
0.0020283239428
0.00186343696745
0.00175341730937
0.00213640959313
0.0019959033234
0.00185559445526
0.00209418338879
0.00212545518298
0.00220858286291
0.00179783782611
0.00184846743165
0.00173022481613
0.00172786791033
0.00236214813776
0.0022206697225
0.00212377903517
0.00220142766678
0.0021376250467
0.00212290114723
0.00246694268814
0.0107954041644
