layer number :  19
138.132572745
0.0569677146151


0.0130745524851
2.01138518099
0.0175497810123
0.599092117511
1.89546834933
5.01969911946
0.109807485016
0.00674009936241
0.00677986679754
0.0122190698748
0.923360810849
0.184654928472
0.0163115608351
0.00591865601018
0.0353013611554
0.181154598055
0.00503829998585
0.00441883516032
0.0101202330164


0.00676722296823
22.5305801395
0.00644507173759
7.9033614231
21.352981347
61.7929362657
0.231752091863
0.00343409440635
0.00329875938284
0.0094187304688
10.0473130957
1.44694648097
0.00474665802903
0.00299820234068
0.0162139408446
1.58021887547
0.00223692820873
0.00208264620354
0.00322114563702


0.00380833889358
0.0032048484621
0.00307809060905
0.0031923953987
0.00288573621462
0.007979099988
0.0043596966813
0.0030242271799
0.00291032514845
0.002794749996
0.00355040984384
0.00284143886529
0.00377765445349
0.00260213778044
0.002977302686
0.00238652015105
0.0018959363224
0.0017192926025
0.00943124069211
