layer number :  10
51.5042056664
0.0404155060649


1.62874250801
0.0102155311809
0.00588562514167
2.04104711856
0.00808065535967
0.00495095997272
0.0612915559517
1.53687453414
0.0751704613213
0.00593348844753


12.4124698562
0.00315563982198
0.00246260070708
19.342483319
0.00335898219298
0.00246322830208
0.00278387866759
14.1558061722
0.129819358078
0.00238415102164


0.00226351382056
0.00196067119638
0.00190872384701
0.00242604365728
0.00234618317336
0.00229670953316
0.0024559230078
0.00216049514711
0.00197622315803
0.00933139786745
