layer number :  18
135.702390291
0.0555887011811


2.41087804145
0.00518867082428
0.00678359686086
3.34488084043
0.874137100725
5.19705010349
0.0926712894968
0.108647570596
0.378228544141
0.00503506499808
0.00620454487701
0.00430785953843
0.361500297867
0.00622212867408
0.00902849365957
0.0107169618132
0.00465765901996
0.00418811012059


20.7615846256
0.00228205753956
0.00267901745004
37.6976918642
7.6947413955
48.9675469124
0.377577581327
0.414088484831
3.17829133419
0.00220686302055
0.00232441630215
0.00206462914745
3.46915132529
0.00236338481773
0.00224437638341
0.00305803186105
0.00208413849274
0.00199069816154


0.00259239870744
0.00202678163381
0.00194550220234
0.00224049726967
0.00315286021214
0.0146183400259
0.00579816444467
0.00638830665655
0.00386868285326
0.00195568431324
0.00194770563394
0.00188920332584
0.0021557873503
0.00207793918283
0.00183297379408
0.00192414794583
0.00184403507349
0.00897806681072
