layer number :  10
9.13461624761
0.0432883624453


0.0154608578111
0.157043476046
0.00611348551077
0.00463147034558
0.32650434284
0.00828473921865
0.0827790541419
0.00659961365939
0.67916505062
0.00915770069696


0.00565986063642
1.3457111518
0.00243301165756
0.002026810466
3.21686257899
0.00310388071618
0.232623556202
0.00336802234718
3.00058623687
0.00391300627962


0.00397197618925
0.00249756748478
0.00203080917709
0.00183709252936
0.0023370491496
0.00203705159947
0.00313281380416
0.00288644518393
0.0065838393445
0.0121947613467
