layer number :  19
147.698164981
0.059399917908


0.0190786576908
2.95305336146
0.0579973985053
0.00735100180221
0.00605192303192
0.00731724461851
0.0195592441208
2.97179294024
0.00988901402647
0.00711992220022
0.00638379734785
7.99187127536
0.835536145683
0.0131934874225
0.00785990152508
1.69564695649
0.0900123460452
0.00666582297223
0.00799477534989


0.00645032389245
29.7118589864
0.0286580679628
0.0030307766671
0.00284810267234
0.00349019603649
0.00292593038951
32.3468500015
0.00403777234411
0.00331811168386
0.00281509834652
47.6162354279
4.79958226745
0.00521152008635
0.00367267930415
12.8090423015
0.117459401333
0.00326790819721
0.00343624560628


0.0040231202729
0.00828108598943
0.00277486105915
0.00256689098508
0.00258203584235
0.00272108598923
0.00259911385365
0.00844119729784
0.0026788932737
0.00256293014779
0.00236807581192
0.00926829901679
0.00999165085764
0.00324690031509
0.00325951570024
0.00296688483407
0.00332865666132
0.0028892228147
0.0151316102129
