layer number :  35
151.548763832
0.0997579498216


0.0154712652244
2.86870943188
0.0573773273112
0.00766649233023
0.00533594505396
0.00493723138546
0.00806180449824
0.0110752703622
0.00500523364948
0.006351722676
0.00492556067183
5.84951267236
0.00520971805478
0.0632832308377
0.0912662141879
0.00864511161733
0.00523433349251
0.00649844847308
0.00516903509075
0.00801625320068
0.00809709731645
0.00830045194986
0.00505124707706
0.00663179112599
0.0067378191355
0.00810041604563
1.11688454213
0.013743136505
0.0654350124921
1.21995807676
0.0865694453241
0.737906862477
0.00629058631603
0.146090182204
0.00905342392312


0.00554303976241
31.704506621
0.0165451488768
0.00305410063205
0.00243624501551
0.00235815346241
0.00336047265834
0.00436271203217
0.0023941694914
0.00262125903585
0.00234319095034
75.2413030178
0.00219480072458
0.0610572649554
0.541910906245
0.00383380998392
0.00260045286268
0.00295589786644
0.00249079715771
0.00310447117469
0.00282214186154
0.00289143586997
0.00252922764048
0.00260103385275
0.0024728521627
0.0028636426044
10.138236299
0.00551168981474
0.0731287418554
12.4657344229
0.389840792787
8.13406226485
0.00245428519944
0.958275956954
0.00354002590757


0.00425269734114
0.00547090102918
0.00239858943193
0.00223332767685
0.00214882315292
0.00211478098451
0.00218405966492
0.00230347415588
0.00216569763143
0.00220873299986
0.00209776218981
0.00376432846921
0.00193463622903
0.00923284170372
0.0046714481044
0.00234871000672
0.00223519850988
0.0022613251737
0.00219305352463
0.00222554449768
0.00232052667222
0.00224216546242
0.00219502567779
0.00208488867308
0.0021787431712
0.00220846702966
0.00386132800486
0.00347059868121
0.00325276066238
0.00219237369795
0.00283992938542
0.00248683802783
0.00193969331061
0.00284751632717
0.0123194996656
