0.00815355083905
0.00694396980107
0.00567547683604
0.00791504522786
0.0061184276361
0.00814195852727
0.00671852817759
0.00569310002029
0.0126002733596
0.0148066469934
0.00533607942052
0.00460904566571
0.0106455111876
0.00277671585791
0.00263611217961
0.00333965723403
0.00276490175165
0.0573899699841
0.00564442160539
0.00563871557824
0.00836594379507
0.00726358038373
0.00806174604222
0.00743884574622
0.0107385327574
0.00621717004105
0.00808544741012
0.0125075812452
0.0130968851969
0.00264459876344
0.0032841802109
0.070137593383
0.00478297634982
0.0055058517959
0.0129132667556
0.0055966227781
0.00685355919413
0.00787572897971
0.00710400128737
0.0108112611342
0.00617710677907
0.00797190763988
0.0125567351934
0.00387593046762
0.00382651998662
0.00385960522108
0.00391356758773
0.00441975016147
0.00349889490754
0.0028807470575
0.00394876454957
0.0137356218416
0.00494640944526
0.00591708035208
0.0043436945416
0.0111028417945
0.0057495971676
0.0057266627904
0.00565207726322
0.0126107405405
0.0153806332499
0.00333857596852
0.00332671320066
0.00281584798359
0.00422611441463
0.00270252618939
0.00397981922142
0.0054571218323
0.00527957454324
0.00806449241936
0.0148191259708
0.00566841405816
0.00585823897272
0.00574454287998
0.0106115086004
0.00647007655352
0.00808988376521
0.0126053280663
0.00266729844734
0.00262225903571
0.00260590137914
0.00405718581751
0.0288488441613
0.00385782788508
0.00376935810782
0.00608083279803
0.00460521006025
0.00457766540349
0.00811620634048
0.00485340119339
0.00658183577471
0.00458031962626
0.0037206735462
0.0070167406462
0.00423764972948
0.00568988365121
0.00680157816969
0.00360772814602
0.00298981885426
0.00471506160684
0.00306323701516
0.00480922255665
0.00293297949247
0.00418145144358
0.0132768821437
0.0033685718663
0.00448476476595
0.00278846318834
0.0311393653974
0.0111457145307
0.00550861814991
0.0109035359695
0.0064355510287
0.00784378345124
0.0125306529924
0.00260593178682
0.00321924039163
0.0165856240783
0.00976058905945
0.0267567586154
0.00557050765492
0.00440393378958
0.0044770931825
0.00264744800516
0.00273183481768
0.00257267979905
0.00450719557702
0.00414338288829
0.0049217378255
0.00369042903185
0.0139485575724
0.00444220541976
0.00408461382612
0.00480644963682
0.00563567220233
0.00566324763931
0.0124198131729
0.014964989759
0.00268226717599
0.00265862313099
0.00267251301557
0.00280734337866
0.00769850481301
0.0141936894506
0.00512819960713
0.00500129438005
0.00503964321688
0.00584087059833
0.00276754642837
0.017020013649
0.00264345817268
0.00454972693697
0.00270144077949
0.00354378344491
0.00286846519448
0.00409968621097
0.0270916933194
0.00251014945097
0.00469733495265
0.0029205264058
0.00378844938241
0.00323311421089
0.0253219574224
0.00265831314027
0.0250468813814
0.00576841216534
0.00561498799361
0.00638852864504
0.00633143032901
0.0171163571999
0.0151205869857
0.00276503320784
0.00263749253936
0.00261053792201
0.00396540006623
0.0137035669759
0.00315583604388
0.00342460921966
0.00255108037964
0.00253709079698
0.00287951738574
0.00258835903369
0.00261046760715
0.00345188262873
0.0028854529839
0.00420156819746
0.014295080211
0.00342589602806
0.00576890818775
0.0055285054259
0.00800203364342
0.0127172947861
0.00381143046543
0.00471924957819
0.0144679922145
0.00268698981963
0.0524512117729
0.00433188043535
0.00443127760664
0.0151918454095
0.00765988454223
0.00632098158821
0.00791585082188
0.0126486740075
0.0030685944017
0.00538925095461
0.0143623007461
0.0223021052312
0.00319426753558
0.00517995124683
0.00325228716247
0.0350554297678
0.00565676242113
0.00584273175336
0.0124943984207
0.0142100775614
0.00442970562726
0.00381830758415
0.00384733481332
0.00595033820718
0.00261473958381
0.00470762453042
0.00289204986766
0.00410039541312
0.0278874751646
0.00268590999767
0.0197053200565
0.00567359500565
0.0069001100026
0.0058636634145
0.00566165321507
0.00579002867453
0.00569304618984
0.00584184704348
0.00795995998196
0.0126946875826
0.0140736688394
0.00839392622001
0.00381272165105
0.00898350840434
0.00412701861933
0.00383149706758
0.00853144717403
0.00348776876926
0.00283873500302
0.00408021523617
0.0517046405934
0.0028691877611
0.00265482598916
0.00401586624794
0.0158987033647
0.00603334419429
0.00557361477986
0.0104370181914
0.00649096127599
0.0105180383194
0.00631816303358
0.00840771901421
0.00790290134028
0.00696674557403
0.00579130500555
0.00583774684928
0.0125835320447
0.0145395292435
0.00557482359
0.00496148751117
0.0113964179996
0.00322198341601
0.00316214640625
0.00713669774123
0.00423878380097
0.00475838882849
0.00398728940636
0.051499849977
0.00280402544886
0.00261725159362
0.0040013063699
0.0157367805019
0.00595605103299
0.011139658792
0.0127681866288
0.0160856138449
0.00563490311615
0.00558940107003
0.0129871315323
0.00398478200659
0.00387662015855
0.00849183923564
0.00357236196287
0.00314245796762
0.00409695343114
0.0464292424265
0.00333450725302
0.00260538863949
0.00399472843856
0.0160158933606
0.00269676754251
0.00261174794287
0.00470826807432
0.00305617456324
0.00474701197818
0.00307936803438
0.00417595235631
0.0243765462656
0.0238504735753
0.00594794359058
0.00564117361791
0.00796635160223
0.0127448821906
0.00313450400718
0.00431298715994
0.00349240638316
0.00285297897644
0.00388147085905
0.00395710221492
0.00579019924626
0.012649117969
0.002659410052
0.0180979832076
0.00469684838317
0.00621750052087
0.00716013768687
0.00576237058267
0.00667602918112
0.00574514917098
0.00589598333463
0.00574621106498
0.00547122084536
0.0105473505333
0.00621610619128
0.00782283740118
0.0125050541945
0.00421945075504
0.0117460198235
0.00605555577204
0.00484509598464
0.0162950948346
0.0162954169791
0.00485095861368
0.00413028281182
0.00422666277737
0.00417794603854
0.0030180209782
0.00309376982041
0.00317289121449
0.00317299957387
0.00312503236346
0.00356059167534
0.00272335764021
0.00257831397466
0.00388464299031
0.00356244882569
0.0269047793467
0.0158347484656
0.00406066416763
0.0124341147952
0.0033900750801
0.00810440923087
0.00289840037003
0.00259190201759
0.00469777155668
0.00303140962496
0.00403677457943
0.0230910544284
0.00545295695774
0.00602973955683
0.00510792760178
0.007526158588
0.0152760134079
0.00560129922815
0.00684683532454
0.00572597822174
0.00855623283424
0.00738594112918
0.00581297334284
0.00784273543395
0.012717690412
0.00399871058762
0.00505171394907
0.00594929638319
0.00264550372958
0.00351482802071
0.0354023075663
0.0122424654197
0.00268600019626
0.00406293380074
0.0238165676128
0.0038474265486
0.00302972439677
0.005551412981
0.00347704500891
0.00561121902429
0.00352659337223
0.00460328063928
0.00611589555628
0.00395927163772
0.00386777473614
0.00716719403862
0.00375010040589
0.00611026585102
0.00748381693847
0.0064081361983
0.00579837490805
0.010625504842
0.00626093680039
0.00785678764805
0.0125171406194
0.0153974719346
0.00272816638462
0.00266135698185
0.00271299877204
0.00429760259576
0.00259909662418
0.00397950117476
0.00427702027373
0.00398772791959
0.010602417076
0.00577936684713
0.00580646144226
0.00702879577875
0.00592756699771
0.0059172494337
0.00567084914073
0.00614143721759
0.010503380606
0.00737915476784
0.0105909856036
0.00621897280216
0.00779957859777
0.0125771470368
0.0057435403578
0.00602009017021
0.00582242477685
0.00847699400037
0.0143729477655
0.0298812779598
0.00563999940641
0.00560381561518
0.0126659782603
0.01303834063
0.00430795745924
0.0105431655422
0.00957473260351
0.0278330330271
0.0067280787509
0.00501758754253
0.00596632082015
0.00600676098838
0.0098893776536
0.00371714620851
0.00350457099266
0.0029829360079
0.00402147816494
0.00378213441
0.00811601001769
0.00625681956299
0.00806903466582
0.0125947094057
0.00264291078784
0.00396116939373
0.0135209491942
0.00511368494481
0.00737358420156
0.0059627964627
0.0155642304104
0.00598895717412
0.00561205539852
0.0125629764516
0.00259487158619
0.0032075912226
0.0167432123795
0.0112051812001
0.0330120177474
0.00569794904441
0.00481509305537
0.0054448410403
0.00360046536662
0.00384089476429
0.00369695974514
0.00651224940084
0.00550329126418
0.00778715494089
0.00574549734593
0.00603906284087
0.00798868401908
0.0125647285953
0.00445681302808
0.00261641498655
0.00385712501593
0.00448280679993
0.00493997600861
0.00608146977611
0.00377382324077
0.00848142975011
0.00571008478291
0.0125177771784
0.0136202550028
0.00271103056148
0.00265030460432
0.0035490817856
0.00302444673143
0.00413932986558
0.017653210368
0.0026644595433
0.00269338185899
0.00318067898042
0.022250441229
0.00594789762981
0.00434477543458
0.00432686535641
0.0103377858177
0.00600697458722
0.00556560140103
0.00796447102912
0.0125990857836
0.0139924656134
0.00461764745414
0.00379564436153
0.00406164340675
0.00595517065376
0.00377282998525
0.00301302764565
0.00488499635831
0.00304772239178
0.00493877721019
0.00319066396915
0.00430794986896
0.0326777190901
0.00755481743253
0.0047261337284
0.00469805421308
0.00532385655679
0.00416435841471
0.00696855103598
0.0042395892553
0.00676031638869
0.00405061962083
0.00672973832116
0.00406656321138
0.00529056419619
0.00436039776542
0.00392511356622
0.00857047922908
0.0050497029908
0.0057383755222
0.00942568411119
0.00536041744053
0.00658338298089
0.003393200133
0.00436556483619
0.0071509249974
0.00563896642998
0.00925626358948
0.00572833581827
0.0092988706194
0.00558276176453
0.00756224761717
0.00677788257599
0.00458107297309
0.0136719352566
0.00568343140185
0.012639352167
0.0139328170102
0.00346044786274
0.00266841561534
0.00352008980699
0.0027686137706
0.00465010227636
0.00289226574823
0.00470512718894
0.00288997003809
0.00414762198925
0.0338519971818
0.00415899599902
0.00472704740241
0.00457960851491
0.00549089838751
0.00422153859399
0.00704205101357
0.00419080699794
0.00702309962362
0.00397355756722
0.00599126680753
0.00357751282863
0.00483740516938
0.00398358698003
0.00332522187382
0.00761557132937
0.00457524484955
0.00549807916395
0.0108352144249
0.00527383424341
0.00723983538339
0.00312399994582
0.00390660357662
0.00557970902883
0.0124885391444
