0.0
0.0
0.554800200602
0.0301506491378
0.0
0.0
0.0
0.0578894506674
0.0474098361563
0.0
30.7481825985
0.108747859346
0.0295603848062
8.44081037492
0.021789778769
0.0
0.0118567794561
0.0136869212147
132.68775419
0.0336016178597
0.0
0.0
0.0273453732021
0.0
0.0
0.0
0.0
0.0466185015626
0.0
14.3380906034
0.0
0.0127890508156
174.871498997
0.81417323784
2.13337122123
0.0307470240165
0.0
0.0454034431837
0.0
0.0
0.0
0.0
0.0464177996386
0.0
0.0
1.49930951097
0.0232532327995
0.0309053306468
0.521764367633
0.0
0.0
0.0
15.7493039532
0.0
0.44901742246
0.0
3.91734003029
0.0313448735978
0.0638558547944
0.0420764866285
0.0
25.0831279389
0.0806545074564
0.0210660305806
0.0164789048489
3.48895606436
0.0
0.0
2.14119556262
0.0
0.0
10.5401192022
0.0268015508074
0.0530706181657
0.0
0.0
0.0
0.0375057159457
28.9623996944
0.0609640581533
0.0182611499913
0.0
0.0
62.2000420312
0.357104830025
0.0
1.94870375358
0.0582765874453
0.0
0.0
0.0
0.0
0.0201478446368
0.0
0.0
0.0
0.0
4.51240427182
0.0
0.0
0.0
0.0
0.0
0.0
0.0
30.9629907861
0.0
0.254172884067
0.0200403975788
32.120193652
1.11779731787
0.0
0.0
0.0
0.029195750365
20.9776834951
0.0
0.0215079057962
38.4641419901
8.38314493378
50.0214214582
0.579444973962
0.40963137541
3.64832263584
0.0117420498282
0.0291101225186
0.0
3.3732549984
0.0
0.0225483903196
0.022979044402
0.0
0.0
0.0191448115278
3.18049877239
0.0299259971827
0.0641229496338
0.0
24.4420129302
0.0654835840687
0.0124386398122
0.0133327898569
2.69561960879
0.0
26.8221533982
0.106633342151
0.0396455222741
0.0218843167648
0.739292812394
0.0
33.3790461968
0.0127802716103
0.0116778866388
0.0348231483716
0.0
0.0
0.0
37.0767077689
0.0
0.0
0.0
0.0
0.0124386636074
14.4000301068
0.0150657598395
21.3779652154
0.0257057444193
0.0
0.0354163378011
0.0452938118484
0.0
27.2173387264
0.0660329716746
0.023224109225
0.0
0.0
18.4157479146
0.0277772503439
0.0131905048154
0.0311786680017
0.0150850032456
0.0118482491467
0.0202129684389
0.0194438545499
0.0
0.0
0.0
23.982032204
2.03316940218
0.0553354395554
0.0
0.0377825819887
19.2624696221
0.0
0.0206771096215
21.2872352936
0.0148873385973
65.9477431102
0.0303649858106
0.0
6.64827943141
0.0
0.0
0.0626787297894
15.2750748707
0.0
2.62604699326
17.5083671578
46.0998491322
0.0
0.054617616674
0.0351907906122
81.723905542
0.0629967996385
0.0501940960064
0.0
30.7600122593
0.108932380145
0.0257243803702
0.0198703041766
3.65692473189
0.0
0.0
0.0
0.0
43.45133505
0.0
19.4195544167
0.0
0.0295431184117
0.0289172651712
0.034480502177
0.0247269415297
0.0349763352424
0.0
0.0564846896101
0.0
26.0725633344
0.0775400287937
0.0205406743568
8.3082933872
0.0216123793274
0.0
6.43872626303
0.0
0.0
0.0
50.5391925134
0.0212134968024
0.0
0.0
31.148620653
0.0276574396063
0.0
0.0
0.0
0.0
0.0
0.0
0.659814978251
0.673448762204
0.0302866985556
0.0334686275106
0.0
26.2550750558
0.104584515654
0.0219666626304
7.7274941986
0.0202236189973
0.0
6.75872223666
0.0
0.0
0.0
48.3239382746
0.0242242095526
0.0
0.0
29.7085185827
0.031625668006
0.0488620269578
0.0
26.8591696372
0.108629064821
0.0245433677454
7.53045066791
0.0445972397457
0.0
7.01871958365
0.0
0.0
0.0
49.7733526371
0.177213409543
0.0
0.0
30.466346206
0.026843480859
0.0
0.0
0.0
0.0
0.0
0.0
11.9881312336
12.527696953
0.0275070542004
0.0
0.06035870919
12.6322730083
0.0
1.14915525801
0.0
0.0
0.0
2.12782866196
0.0653238391969
17.7080001417
0.0
26.051460602
0.0165102701169
2.0787943922
6.83171590767
0.030008192407
0.0348299480509
0.0324387240224
0.0292518713977
0.0411128533538
0.0
0.0
0.0
0.0503297696821
30.473013177
0.0920056718402
0.021019033622
0.0
0.0
0.0
9.72525868
0.0254448917695
0.034449419193
0.0223404343706
0.0310291166417
0.0133827539626
0.0226365523879
0.0136603179854
0.0222830822691
0.0205228439532
0.196005145926
0.0147774138022
0.0
0.0
0.0220047533978
54.2096551996
13.2515094474
4.98334128964
19.2087097976
0.0
7.12640525517
0.106008238997
0.0
0.0
0.0
0.0
45.7225856756
0.140057851234
2.47403514665
0.0
0.0
8.0085909124
0.0
0.026271202229
0.0
0.0
0.348137224652
0.0
0.0453977795318
15.0896451232
0.0
0.0521289118565
2.56535556265
0.0318157830275
79.0338992402
0.0
17.9583622006
0.0
0.0
34.9092046606
0.0208831260446
0.0
0.0
0.0
0.0
0.0
0.0
3.91747094817
0.0224174826406
0.0
1.42373999776
0.0
0.0
0.0173834874294
3.81209925283
0.0
0.0
0.0
0.0558536883909
0.0
25.8045958508
0.0797320690472
0.0215630318038
0.0199387364089
3.62746859239
0.0
0.0
2.11687738109
0.0
2.99722101404
0.0311349317897
0.034557615174
0.0341337108053
0.0334370979108
0.0388817438856
0.0329484770075
0.0
0.0
0.0
0.0
0.0
0.0418845145497
28.4257125768
0.12194341924
0.0417760518379
0.0
0.0
2.74416329488
53.1323871046
0.044619299937
0.0477941415738
0.0
21.7346482473
0.0
7.92916663759
20.2055442716
58.9516493446
0.282507671462
0.0
0.0
0.0272713623475
9.25859484882
1.72138396157
0.0
0.0
0.032209001435
1.61371631939
0.0
0.0
0.0406755843666
12.9583416808
0.0
0.0
20.4962046749
0.0
0.0
0.0257630977779
15.4147714322
0.367230342608
0.0516508637462
22.0801679762
0.0
0.0152268317994
38.259080217
7.89811657648
48.923585076
0.53970457213
0.508615345554
3.92504205285
0.0332717384212
0.0165213558357
0.0
3.42408714136
0.0
0.0378552362788
0.0322375528049
0.0
0.0389484691434
0.0
1.19637046657
0.0
0.0
2.95950058317
0.0
0.362962009059
0.0
2.76713975323
0.040168973757
0.0
26.7032822406
0.0645377711859
0.0316379714757
0.0
0.0
0.0
28.6344314983
0.0158815603238
0.0
0.0340880486183
36.5975989196
4.05000789733
0.0370943314396
0.0304569807835
10.2735172794
0.230750326207
0.0
0.0436659615953
0.0
28.6671833328
0.116545422794
0.0169411328156
0.0175144387875
3.74516401016
0.0
0.0
0.0
0.0
0.0
0.0
0.0
66.563050442
0.0407985280268
0.18728538584
0.904461101582
0.0
0.0
0.0
0.0
0.0
0.0
0.0
0.0
0.0
0.0183394516818
0.0
9.65676253875
0.0
0.100842077565
11.8284345412
0.73080179696
6.83829508428
0.0
1.18718475373
0.0
0.0
0.0
0.0
0.0
0.0
0.0
0.370609046053
0.305915743392
29.5380528482
0.0293278257363
0.0
29.0294356465
0.0731473105495
0.0177155184094
0.0
0.0
0.0
0.0
0.0
0.0
0.0
67.427380812
0.0230134946294
0.200039812829
0.969118815242
0.0
0.0
0.0
0.0
0.0
0.0
0.0
0.0
0.0
0.0224095936399
0.0
8.41822388354
0.0
0.133938178607
10.8680646694
0.701432591584
7.16500450587
0.0
1.52761427742
0.0462095824536
