0.00385384063702
0.00732051030111
0.00404650132017
0.0038297783661
0.00408273997406
0.00402172654867
0.00369632061726
0.00392285943963
0.0175387738661
0.00394883398743
0.00226099261393
0.0020886111306
0.00220121315215
0.00214238251404
0.00201546847044
0.0019278061809
0.00181105379791
0.00174351249977
0.0182071321954
0.00205472270803
0.00193386346412
0.00186286012952
0.0019009426857
0.00514292383256
0.00203637018179
0.00189950014465
0.00179797329474
0.00982861430383
0.00713117451718
0.00289822284443
0.0026471496094
0.00256176347223
0.0163371134937
0.00328361980307
0.00661187056298
0.00197009784945
0.00296179146971
0.00173399907847
0.00194669871901
0.00191081544229
0.00176618318073
0.00173861331617
0.00880348403007
0.00392084553217
0.00407354871277
0.00249934010208
0.00185397597185
0.00181038596202
0.00317948625889
0.00297370448243
0.0028702825075
0.00297360331751
0.00333763115729
0.0018587851276
0.00401118129958
0.00239826831966
0.0107184467294
0.00227660646973
0.00223804304066
0.0106009630254
0.0081875671943
0.0112960483724
0.00707326363772
0.00338693060136
0.00368770134325
0.00284543668386
0.00261304682742
0.00268881197553
0.00216899226264
0.00202740887956
0.00238433709213
0.00330575113185
0.00421408839368
0.00294006297675
0.0028575413938
0.00291928470445
0.00271274382249
0.0141481506871
0.00220094450439
0.00192647415679
0.00187510166628
0.00197684931724
0.00191624284101
0.0183346890068
0.00938420052019
0.00469248575003
0.00550179396911
0.004430901298
0.00253651617095
0.00243657152168
0.00248957929822
0.00240175751969
0.00249056401663
0.00383475550916
0.00236545604033
0.00371222019506
0.00379665700408
0.0022240182152
0.00192885713962
0.00203188799787
0.00180482227976
0.00179414482166
0.00183645453459
0.00171461418116
0.00172567635309
0.00213324701569
0.00202582772666
0.00253374471018
0.0023256498777
0.00567107247964
0.00392352351143
0.0025721169853
0.00246495831137
0.00248292849089
0.0117706133363
0.00370265981959
0.00259071670007
0.0026363429691
0.00332724446586
0.00290292889501
0.0177558747043
0.00576469895895
0.0104837403245
0.00286507311587
0.00208695566592
0.00187534986374
0.0019123981474
0.00344090625489
0.00332918638984
0.00319289191005
0.00315909235117
0.00308251202417
0.00319102577244
0.00326095932784
0.00330881867558
0.00273633527104
0.013165756866
0.00390097983958
0.00721837428866
0.00208949650793
0.00179255039741
0.00197536393534
0.0137154623323
0.00824045917641
0.00218337428911
0.00216519304862
0.00184292400566
0.00185018684715
0.00216403770416
0.00196570301584
0.00218117733797
0.00196913808274
0.00179660879075
0.00211874663364
0.00182962499093
0.00188221999754
0.0019045668887
0.00219406474692
0.00198669289239
0.00200236449018
0.00185109810748
0.00173349468969
0.00181890519646
0.00221258184562
0.00189657497686
0.00221763784066
0.00188119868593
0.00179209463143
0.00187534598323
0.00923621999877
0.00392616167665
0.00998761485487
0.00233502740351
0.00263040353699
0.00255493249278
0.00246262383492
0.00634645740501
0.00298183038831
0.00288438936696
0.00288393880085
0.00302151512976
0.00294222911665
0.00280724454206
0.00284390159262
0.00274841464125
0.00300247552029
0.00285158981569
0.00286414582903
0.00214059425828
0.00192577706184
0.00190373510122
0.00888264668174
0.00266922133354
0.00195815600455
0.00185109539113
0.00473239967445
0.00198361238775
0.00249221016808
0.00226400202761
0.00222939598219
0.00216422881931
0.00220476987306
0.00194984915045
0.00923806196079
0.0025085232143
0.00226503913291
0.00390594596198
0.00285044700528
0.00813361796705
0.00505367200822
0.00337996318315
0.00329272767218
0.0195068021227
0.00337859553596
0.0163860227137
0.00378259733164
0.00215681203796
0.00197981402744
0.00189017015509
0.00243027845863
0.00219417266392
0.00193673581816
0.00179827772081
0.00173444863564
0.00180721783545
0.0021337348735
0.00232782816359
0.00239500380121
0.00224138936028
0.00204888277221
0.00206420019579
0.00197841851817
0.00191712282443
0.0018837871418
0.00206076920343
0.00998605970138
0.0072975216511
0.00221224323226
0.00379513506778
0.00187449087389
0.0022661286251
0.00193574496855
0.00172848335933
0.00260168713673
0.00184987202131
0.00178133665274
0.00188047982132
0.00224286007385
0.00193899315006
0.00190499836269
0.00182250685369
0.00215797192262
0.00192602099075
0.00181684441243
0.00192450832886
0.00183564125715
0.00193167520532
0.0017429041133
0.00182008712242
0.00545402480445
0.00601495872251
0.00326827847554
0.0144627180028
0.00372164320045
0.00862742999257
0.00268376048189
0.00254466283756
0.00231282882547
0.0020269814413
0.00181740134333
0.00264699167261
0.00236177184464
0.00212554734511
0.00224178947974
0.0021566033441
0.00193250058995
0.0018155053646
0.00200381145502
0.00322281871922
0.0028936676293
0.014962779164
0.00398248515557
0.00239705220641
0.00229660437132
0.00222440832294
0.00214751514917
0.00188883766532
0.00197616099225
0.00269324200538
0.00205104623455
0.00183170347009
0.00180303115242
0.00223065722579
0.00205485150218
0.00190886269168
0.00198248168453
0.00210833219656
0.00191243978528
0.00208943511825
0.00194758386351
0.00176033711371
0.00171556005565
0.0016469337279
0.00203499752873
0.00249399163295
0.00211562681943
0.00189902835215
0.00194361212198
0.00946789619047
0.00269597489387
0.00223101031346
0.00345214467962
0.0026141970496
0.00242057927729
0.00261258271833
0.00224000716116
0.00934239880491
0.0041482214195
0.0034562832443
0.0140906553328
0.00341760029551
0.0051014404744
0.00250594973719
0.0022635034984
0.00215300106599
0.00211141440862
0.00217524019536
0.00201600801665
0.00206742885833
0.00221589882858
0.00213018137341
0.0103297020153
0.0022626768332
0.00207959600569
0.00193285864467
0.00192601842961
0.00187459029257
0.00189066247549
0.00245413269537
0.00196014624089
0.00188916176557
0.00180098340692
0.001834887856
0.00184737184706
0.00183454869936
0.00189704781709
0.0017346861617
0.0017738523117
0.0050925972173
0.00263120730718
0.00270776213923
0.00243966005898
0.00274765274177
0.00223843986168
0.00668232259341
0.0149691481686
0.00544686716361
0.00270301328662
0.00340482212293
0.00303009955678
0.00310477536793
0.00299445341807
0.00287848505347
0.00298670877237
0.00219493890957
0.00324678836235
0.0032874592968
0.00318140381326
0.00284546547725
0.00398525781929
0.00299127753048
0.00286369483607
0.00277677403453
0.00282702521266
0.00415046187118
0.00393127863451
0.0177245854866
0.00482487119735
0.0020006991302
0.00188315632598
0.00258592399769
0.00227412527117
0.016093369845
0.00379981810693
0.0050160769218
0.00227456951203
0.00223751284648
0.00691906273519
0.00259036190497
0.00257863519558
0.00256052252371
0.00253986947549
0.00674032745883
0.00248758036954
0.00258421397302
0.00215002413218
0.00200540234801
0.00182372847727
0.00320500896002
0.00290624820627
0.0031192205303
0.00318543768177
0.00238363844498
0.00190414868606
0.00180208636448
0.0018392779942
0.00903846245879
0.00388780531163
0.0025145803035
0.00203269735599
0.00190401476963
0.0018613539869
0.00350722449366
0.00317529480283
0.00327111249013
0.00221321603749
0.00197722103136
0.00276064434244
0.00241577353639
0.00223828817252
0.00214416805344
0.00209896557499
0.00230788967262
0.00220395550908
0.00228474417236
0.00210956092148
0.00218732767583
0.00218689379593
0.00214261581035
0.0101271008995
0.00224414716164
0.00224328603751
0.00195362791419
0.00178484168525
0.00185522266353
0.00268264204109
0.00595234117159
0.00290859579885
0.0140222805009
0.00388004654087
0.00796920697516
0.00219286760936
0.00218603185688
0.00222469051369
0.00416968246766
0.00446924567223
0.00335157030107
0.00329918647185
0.00317052352087
0.00268555005702
0.00210168783087
0.00208404466199
0.0018165409953
0.0019605505125
0.00219202363708
0.00188222958241
0.00205801823176
0.00921790239712
0.00634345897318
0.00325800028319
0.00299875729252
0.00944947940298
0.00300461698013
0.00534051955523
0.00288746878505
0.00615386812326
0.0033103034754
0.0152670710037
0.00355380517431
0.00336291784576
0.0032551229621
0.00357802041496
0.00400346086826
0.0184083164592
0.0088795920213
0.00366203886612
0.00521387912643
0.00284754430565
0.00273810237801
0.00276744967171
0.00281682230222
0.00257441052236
0.00342717130358
0.00257054782317
0.00251910478498
0.0124406330675
0.00378498194429
0.00232056885337
0.00188288519469
0.00177529919893
0.00216557217452
0.00189262570348
0.00222224920678
0.00194493886859
0.00460755227445
0.00928001121307
0.00363061953491
0.00875307914489
0.00311092163126
0.00301989583143
0.00295703179048
0.00278837885708
0.00296724316043
0.00840263681796
0.0022435983022
0.00213988129205
0.00216773377421
0.0147673791119
0.00533060997258
0.00280822343969
0.00253643576677
0.00311419080632
0.00283975619823
0.00249757803977
0.0134389875069
0.00382863633179
0.00221599300857
0.00209267418056
0.0019134914813
0.00194638160368
0.00225801587415
0.00202979166837
0.00186888268217
0.00192308014569
0.00190426219099
0.00175359899489
0.00174251047429
0.00195145696246
0.0021389403458
0.00201915565413
0.0072834744739
0.00663190490255
0.00320192880463
0.00306442709795
0.00284437901185
0.00288439984433
0.00303981767502
0.00301776112368
0.00310648884624
0.00296075028988
0.00286769800975
0.00295530597214
0.00303591438569
0.00223985419143
0.00222677271813
0.0063400210347
0.00213834208747
0.00406717621566
0.00208562620294
0.00194216244078
0.00278065667953
0.00243294301132
0.00238970061764
0.00241641195801
0.00228245936645
0.00229814683553
0.00239084133257
0.00238461031889
0.00259266797608
0.00362246514609
0.00222530033595
0.00941182017171
0.00388927916841
0.00211873534135
0.00196382349047
0.00201043273167
0.00190302085442
0.0023136670546
0.00218705499234
0.00212623404029
0.00765110269034
0.00218838422249
0.00243528066979
0.00577538949437
0.00200427998788
0.00705301051494
0.00363700196613
0.0035725691899
0.00450199543654
0.00355648552068
0.00334585015662
0.00338292932914
0.0033659558588
0.00332495880623
0.00345234095584
0.00347553853256
0.00347034807783
0.00335506718451
0.00234384877452
0.00194799857369
0.00198034953792
0.00264460834054
0.00353994321388
0.00224481348414
0.00226372406663
0.00213539969021
0.00906845911716
