0.00830010615755
0.0183861348778
0.0996564741945
0.0100973762649
0.0221341162687
0.00861404486932
0.00828934732514
0.0124827355612
0.008490164609
0.0119651151278
2.96426064952
0.050519163992
0.0143658140053
0.926265697344
0.013219959025
0.00456215736146
0.00454450348237
0.00567015687314
10.5572798465
0.00945504281359
0.00447676346327
0.00458394968882
0.00480150132595
0.0134763648967
0.00498248252552
0.00462747532098
0.00453570818839
0.00445971083051
0.0135202068292
1.65658850553
0.00786963532057
0.0070502339319
14.8865383675
0.0964164250376
0.231754021021
0.00998920753287
0.00579959631431
0.00471845102341
0.00960336831242
0.00572210759856
0.00442823953926
0.00413964234758
0.00682926271111
0.0153282756607
0.0183920946438
0.161938829076
0.00548906864909
0.00875545553087
0.121301715495
0.00662888175187
0.00624148147956
0.0115600771969
1.38438359438
0.00467020366341
0.0682938851727
0.00995247904212
0.307102219628
0.00618174443177
0.00698506184078
0.00536073550272
0.00788838932446
2.98508453063
0.221862215859
0.0143780778938
0.00884924456477
0.341517596156
0.0101646881861
0.00979017656453
0.238057986678
0.00848539084353
0.00855066266376
0.947749277384
0.0157599403368
0.00688518389749
0.0062602777034
0.00890619362083
0.007684035964
0.0146633320643
2.98516998052
0.0485344181458
0.00535341519086
0.00886733084916
0.00593078276142
5.80343860931
0.0707066216661
0.00946767511778
0.237746023767
0.0305541544222
0.00707504452051
0.00926717297019
0.00685519961795
0.00684239051771
0.00897934497334
0.011361427838
0.00552285125013
0.00532685309493
0.00534697117594
0.49699291843
0.00622695758162
0.00834029350274
0.0044812799897
0.00561616003203
0.00569231629682
0.00445021681177
0.00551797403023
2.65159751719
0.00614225728592
0.0834054050114
0.0133057119868
3.40302300348
0.123297327547
0.00865364947823
0.00570259433395
0.00727615431727
0.00554481362148
2.42018462489
0.00756770799246
0.0106075184497
3.56999781553
0.933406820521
6.00104858253
0.0981490575941
0.161664055195
0.390153150967
0.0093122566662
0.0048145261438
0.00558755434273
0.336570624456
0.00991971717061
0.0127427651314
0.0108510347782
0.00722518885353
0.0158207008693
0.00835327187088
0.316561704967
0.00774846117323
0.00950190688793
0.011799103464
2.90895549414
0.0514646918746
0.00529394717887
0.00711187262398
0.184731681055
0.0148725369169
2.90202453189
0.0526049129354
0.00623127111855
0.00524384264524
0.20797560787
0.00729985733049
2.92906919549
0.00572320931436
0.00480151657636
0.0194159376746
0.00449538681035
0.00585329978882
0.00571857738153
3.7871493682
0.00504534718736
0.00979206412253
0.00456889905035
0.0055858020593
0.00616298045497
1.90631448295
0.00776070340846
1.73929566599
0.00787618996886
0.00478638584415
0.00678207387682
0.00580006015177
0.0221079796708
3.09506580846
0.0916012896535
0.00989342306275
0.00690794348097
0.00551878882106
2.01105428615
0.0163543309318
0.00823139496302
0.00668655114714
0.0175622217745
0.00705264089629
0.00879840871009
0.00719912811959
0.0061246897094
0.0145325815538
0.0092477251698
2.33242989782
0.254887857668
0.00794117381641
0.00449996492049
0.00413459884779
2.08814206561
0.00636376382318
0.00687703734729
1.49557286109
0.00763672900696
5.56626671083
0.0104616606841
0.00871534560187
0.513089571148
0.0101302751185
0.00460306795624
0.00705711570724
1.62894729292
0.00566601749354
0.269072424931
1.63537374302
4.54964944367
0.00969666196033
0.0342154114818
0.0115846306629
13.1780410288
0.0177466755267
0.0126781800063
0.0127571920166
3.02422106569
0.0514542666497
0.00907147148004
0.00800337316468
0.304938692328
0.00634758120092
0.00434964965098
0.00423378602136
0.00688343902584
3.47890916793
0.19136477611
1.90159863331
0.0213788041146
0.0053307726436
0.00968878324298
0.00505889715472
0.00696830664917
0.00592765801897
0.00960685731842
0.00758960416231
0.0149612309566
3.04994863497
0.052778569477
0.00569607856839
0.924838170021
0.00796225686402
0.00436081500569
0.737347621005
0.00491391281442
0.00445806448503
0.00576998999654
5.08359422224
0.0117056814876
0.00448250405801
0.00449180731084
2.72500127096
0.0103749520301
0.00427608836132
0.00708124483935
0.00769944236769
0.00565591958972
0.00429099580894
0.0056095655309
0.104576613211
0.106350483761
0.00833338910403
0.00985088948315
0.00810911347313
2.99584724164
0.115383880989
0.00728810050836
1.06037519581
0.00648603316708
0.00456650927663
0.669612556308
0.00687436146351
0.00508026247068
0.0115081654706
5.11510497367
0.00999839712556
0.00467728171498
0.00860995962285
2.7785128447
0.0155641903402
0.0117118939136
0.0229005020034
3.09164190692
0.0446438494837
0.0128503696372
1.06249377116
0.00928928074426
0.00597846562353
0.754962602514
0.00747387933856
0.00481034415619
0.00574851979036
5.05288221008
0.00896031277565
0.004567100162
0.0130718251457
2.77511700297
0.00868667014098
0.0113856608514
0.00458809640258
0.00562545482536
0.00425357367688
0.00426308508031
0.123600139981
1.46241221845
1.45698003603
0.00537111548086
0.0112770587051
0.00463420936527
1.57217659677
0.0114936187941
0.116524486725
0.00892758710931
0.00585648382548
0.00952378501339
0.160638620262
0.00625040032901
2.02382837546
0.0125360498981
3.19410871346
0.0151596032083
0.194849850222
0.465837276036
0.0102088891436
0.00741923433572
0.00538244812439
0.0099659722764
0.00630311912392
0.0061213716399
0.00896168410934
0.00501608899018
0.00904486153741
2.85025277466
0.0435098546635
0.00813742921067
0.00716796688115
0.00455479153122
0.00460678195425
0.974638848644
0.00655780255329
0.00783910427708
0.00505678538078
0.0165712644424
0.00777796795592
0.00799382400389
0.00801392516586
0.00475776319702
0.00466140949478
0.0681373408297
0.00938347761986
0.00992787951448
0.00584972160868
0.00571174213352
4.44315933781
1.17580879255
0.32099271197
2.03710452882
0.00926082922767
0.603304076707
0.0879268575616
0.0153563501081
0.00664265329639
0.00613686050444
0.0105403093233
3.83373881252
0.0662428508125
0.277898748172
0.00668041784472
0.00627716595773
0.867519319911
0.00690244448682
0.00694995295877
0.00624382965422
0.0148419949692
0.0888919886202
0.016456953017
0.0112530033803
1.62905728293
0.00673048578513
0.00600555667189
0.254010596972
0.0201046531632
6.19706513892
0.0115541163444
2.04969711392
0.00556267266317
0.00784479741317
3.51471222665
0.00841794116423
0.00698527003018
0.00841757752157
0.00568347657099
0.00711447233334
0.0068382541261
0.00828967650885
0.422117925365
0.00797669554595
0.0055108339681
0.17076102683
0.0137103167362
0.0064924286368
0.0126446281792
0.533226660298
0.00620350602549
0.00439156064143
0.00678486419686
0.0041959718413
0.0153507486296
3.09382858302
0.0435730563089
0.00937179099612
0.0051906464699
0.290840471435
0.172022944471
0.0135208503343
0.263164656858
0.0048138947847
0.368633547138
0.0121874351753
0.00575453446557
0.00591524674868
0.00543675358252
0.00988790396756
0.0124127751915
0.00511919078417
0.00515364684786
0.00776091617687
0.00668618218819
0.00514219297717
0.0103386181484
2.8673524909
0.052550365023
0.00546736631077
0.00473491036488
0.00587491803647
0.285807588371
4.65656319066
0.0145228188485
0.0145791889712
0.0152249043264
2.01781698099
0.0141684705159
0.570727378751
1.53994822168
4.75128208562
0.0993396355382
0.00740078568924
0.0126765353295
0.0134480388369
0.926212648124
0.159675863106
0.00874008533234
0.00455126403055
0.0233190418221
0.165133593604
0.00639719131868
0.00851954465421
0.00697700791838
1.61989339484
0.0139922913707
0.00728240566483
2.32685842734
0.00954031866665
0.0144597480151
0.00693651983359
1.51643788132
0.0768388676613
0.0168036359828
2.42893418666
0.00794173132939
0.0115648893019
3.72120097567
0.938543906009
6.32563590864
0.110394933028
0.191960507849
0.386766287848
0.0604093465566
0.00931781996042
0.00607568964673
0.369183465024
0.00873718818185
0.00942186533939
0.00947952914672
0.00576655489082
0.00545513133208
0.0116422390177
0.167721582693
0.00481475652972
0.00454339171605
0.302796047181
0.004910320354
0.0771530173563
0.00478355928014
0.526553658497
0.00591522474618
0.0115211420537
2.8379971813
0.103053815818
0.0109077302817
0.00962384832868
0.00653997940632
0.00925412083356
3.04372355039
0.00742190183761
0.0051986988013
0.00834003533237
7.78997518301
1.03875908345
0.0130086926899
0.0091975183847
1.63389491084
0.0858910331735
0.00594298883031
0.00997533982931
0.00803112533564
3.0061878387
0.048362475005
0.00889190589077
0.00520920439158
0.294325118884
0.00869458940966
0.00454241697056
0.00578347667276
0.00699853617698
0.00440255447757
0.00421371330352
0.00845605103918
5.59517979001
0.00525396534552
0.0647620285551
0.0885097200516
0.00979802439299
0.00658652248482
0.00639874984821
0.00874255496698
0.00888067914639
0.011889721655
0.00960842415225
0.00674796345023
0.00639699570214
0.011253109163
0.0111440885036
1.30626146464
0.100065362484
0.0680575198106
1.16791910096
0.0974349814157
0.763478916177
0.00808898712664
0.129670886206
0.00575049283604
0.0119750010393
0.00550752358201
0.00666979622717
0.00820014404598
0.00917655935822
0.00546533265151
0.0768883892257
0.0895253072958
3.41305993455
0.00512401227994
0.00825309357606
3.05891524278
0.0505791195513
0.00947173669315
0.00612416296886
0.00744770145198
0.00535351282451
0.00528408536532
0.00511123461183
0.00514265879368
0.00664043465319
5.6902565589
0.0088532808392
0.0668525581714
0.0936993199091
0.00793224817608
0.015731122694
0.0119447901767
0.0102405496873
0.00740348388596
0.00749271801518
0.00720494640215
0.0149508001826
0.0115169379084
0.0127840995944
0.00744513546427
1.32640858615
0.0061886133238
0.0649344689445
1.14130000762
0.0953472586891
0.775076947641
0.00509274432746
0.152057700829
0.00482190951395
