0.00431059669548
0.00656710848367
0.476568042184
0.00454226237101
0.00610908186839
0.00456375911987
0.00438344587262
0.00468295195606
0.00439618442518
0.00471912848297
25.1169062814
0.0177034418642
0.00535612766786
7.32573512503
0.0040450184606
0.00209240363135
0.00194591190666
0.00208558095619
111.99830007
0.00251913932152
0.00220045536601
0.00215839470426
0.00211722869426
0.0079536405392
0.00227662164252
0.00217509972087
0.0020815411505
0.00213531971288
0.00747843532979
16.2109711323
0.00284938983775
0.00286132628874
198.065784802
0.802240923668
2.10657108913
0.00218653011446
0.00314818019979
0.00201075493048
0.00341983015338
0.00230192769474
0.00202129466925
0.00192040678424
0.00239984931735
0.00557753199246
0.00643053418026
1.35167572391
0.0022539057148
0.00286915199831
0.659329648906
0.00335812265985
0.00321902633489
0.00405836493398
13.8286010002
0.00213359870637
0.255127846846
0.00315260580586
2.68065741022
0.00260296138003
0.00284099710795
0.00243377014218
0.00439698501335
33.1590007511
0.0546939681517
0.00786979515882
0.0041798837871
4.01029521452
0.00381838879548
0.0037519192944
2.10957983653
0.00282692249554
0.00362614084346
12.1060166655
0.00538454503597
0.00332041049842
0.00318321795203
0.00391407733938
0.00345365152073
0.00417978762804
23.6032962886
0.0157177131623
0.00216992967762
0.00349851243664
0.0026568066484
50.7158348866
0.281031763996
0.00522256056624
1.77290063914
0.0152097589647
0.00304927797212
0.0047071945155
0.00295582592177
0.00279596894203
0.00301313571011
0.0031454085838
0.00276180026898
0.00267184805125
0.00266422831919
3.83789587886
0.00269070923483
0.00294984551147
0.00212303021302
0.00235378198947
0.00230603587503
0.0020034131206
0.00217668230956
24.7756027806
0.00255606032442
0.212322791146
0.00303482846357
22.7733574398
0.546110226656
0.00374140054919
0.00299157567012
0.00308074903054
0.00275002617855
26.464394576
0.00341579166707
0.00417733235129
48.5848793995
10.0569857009
63.8563199957
0.573267219239
0.590304498328
4.08667100457
0.00315651053097
0.00214575363013
0.00224450572083
4.05878254538
0.00408480533709
0.00576797046234
0.00390663199747
0.00346954613148
0.00465689847867
0.00390364551761
3.41710249785
0.0032709040291
0.00455092995738
0.00501695519779
24.9409940207
0.0179296295004
0.00208068708889
0.00293921306729
2.54672022599
0.00898729827411
24.0341125917
0.0142718112717
0.00215725166102
0.00206467916723
1.02466351613
0.00281174232563
29.6964867592
0.00222617185985
0.00214923700939
0.0182280035224
0.00211490089229
0.00255162664689
0.00253281164138
30.6816028415
0.00217943382449
0.00323772135501
0.00212301465217
0.00231274279455
0.00226295168977
11.0888480099
0.00274871091824
15.0067808119
0.00288321399906
0.00209774864683
0.00222014969525
0.00206882320345
0.00634449049054
33.048132147
0.0263515730621
0.003851284467
0.0032623509954
0.00281945096018
21.5677416459
0.00342893848816
0.00334302700746
0.00334121003592
0.00576380554897
0.00318745616823
0.00345677513784
0.0031208677295
0.00305920563794
0.0040974971295
0.00353377867335
28.068570094
2.06051774125
0.00234462801988
0.00208471125613
0.00204111686132
15.8176470655
0.00262464648889
0.00232869716516
16.8525554917
0.00288850546349
49.6463902135
0.00444612784001
0.00362294636822
4.23873074054
0.00342341551247
0.00215888904252
0.00245603329192
15.7077122126
0.00252817117143
2.84084319595
19.0086339772
52.9528610362
0.00491427800928
0.0191469634883
0.00516564802576
100.954268198
0.0151556436128
0.00564724792882
0.00698179379105
24.123832352
0.0126007476356
0.00306346519695
0.00324842221259
3.19664897281
0.00242176500615
0.00204370799475
0.00192525641372
0.0024952593958
30.5050093397
0.00347002987595
12.0000953449
0.00359809720733
0.00233211702046
0.00289628045478
0.00228899833746
0.0022504501588
0.00226928119082
0.00282890132318
0.00271014178482
0.00581949902698
25.3716050035
0.0178342838383
0.00222691117475
7.1821227478
0.00269746400105
0.00201785001748
6.63211124483
0.00210161619664
0.00201147519207
0.00232984214866
44.5864988028
0.00293809769209
0.0021291692974
0.00201393000316
28.2204103365
0.00322398504553
0.00199342740234
0.0026996304902
0.00282720879962
0.00234103846984
0.00199912585473
0.00204541600154
0.351135172648
0.556931628419
0.00373638021605
0.00404168238553
0.00437701997968
30.6437861506
0.0332386011724
0.00295136744777
8.4336175964
0.00259976360636
0.00222406866184
7.90329923485
0.00294671223188
0.00228790267526
0.0039603075323
54.7419398517
0.0026831649011
0.00212880297719
0.00301464654816
34.4099326835
0.00673202398078
0.00499435130041
0.006563893985
28.3613393018
0.0235097824673
0.00479507019433
8.059527831
0.00411905763515
0.00241609984854
7.57281698818
0.0029748356125
0.00207967738
0.00236018300833
49.5316303423
0.00246882551194
0.00215074051327
0.00400017062202
31.3435174436
0.00242102817477
0.00377643151053
0.00207857461646
0.00230474001728
0.00197492601971
0.00193522851138
0.00239628898756
12.6145746694
12.0370501043
0.00211723082854
0.00346930484132
0.00211100198794
12.6051775841
0.003709125837
0.979046821631
0.00361316938264
0.00266892385359
0.00324066297617
1.64978641873
0.00233237949821
22.7370427819
0.00401074862263
33.7162129029
0.00562120783919
1.81591503582
7.63540946677
0.00346294266637
0.00280525162816
0.00250721295985
0.0029440758517
0.00240156101063
0.00247920467518
0.00402796652634
0.00242304367324
0.00286213797517
23.4597376913
0.022045251991
0.00324682126908
0.00318779303537
0.00211148437423
0.0020569365782
7.5522342838
0.00247589879048
0.00275372818578
0.0021989819749
0.0144216590173
0.00261274833853
0.00249275829022
0.00236761531172
0.0020426500123
0.00204898467443
0.134052524498
0.00323117869751
0.00331223049822
0.00269704222834
0.00307409263527
39.2767196108
10.9362363808
3.82616714396
22.874350534
0.00388448231388
8.13626485628
0.108378269826
0.00496809316489
0.00325641621991
0.00313766669327
0.00397987454198
53.7151081406
0.0214428468219
2.75820743265
0.00327511853538
0.00314673649458
7.39355279963
0.00339686121636
0.00320129399188
0.00313159284027
0.00570339131324
0.269643316472
0.00526734266896
0.00479496813689
13.0460635753
0.00263433802562
0.00250633099737
2.42573743422
0.0148614608527
66.6319350376
0.00478082472303
22.2826600696
0.00259555069109
0.00320809105566
43.8413759875
0.00297614218046
0.00341830212468
0.00371798795337
0.00282417978936
0.00322207121644
0.00274836733782
0.00346152717248
4.12261266335
0.00282786014335
0.00250537600368
1.29321798085
0.00422938750125
0.00333104841411
0.00428777797303
4.19295598927
0.00238563430806
0.00207087498469
0.00253718028155
0.00207879584438
0.00538295771306
27.8681478064
0.0210726036457
0.00318591296673
0.00216111684373
3.63391683138
0.00368643140731
0.00510360781724
2.16558314561
0.00217763885545
2.86952795038
0.00358395379347
0.00254629280729
0.00251265925666
0.0023986105031
0.00294888632683
0.00312094266216
0.00254860966622
0.00246342139629
0.00272023980506
0.00263160269242
0.00245365558658
0.00298918628444
25.987703423
0.0215545632721
0.00228456854044
0.00204619687671
0.00255040929187
2.4035071211
47.8872245255
0.00727424933574
0.00591636220149
0.00554365932476
16.3512401508
0.00271610411195
5.96048469461
15.7555706764
44.7213618998
0.160912909312
0.00376826400558
0.00475024466868
0.00981574501686
7.58031822338
1.28829893866
0.00289193548572
0.00215333502274
0.0203924611754
1.24060653154
0.00237039348576
0.00298967231841
0.00266218166022
16.5656891223
0.00551653952183
0.00354877471303
26.1838707191
0.00428370883068
0.00587199496416
0.00327639149812
19.1786923189
0.222719590568
0.00550341602259
26.1191509944
0.00379337564421
0.00457735487726
48.8601331624
10.0250747863
64.5548444049
0.55919854797
0.600768301325
4.13822536865
0.00331489365393
0.0038207390268
0.00305377397065
4.01866755883
0.00331697263755
0.00728171054895
0.00309641864927
0.00278236150431
0.00281149715495
0.00489782371248
1.27368631361
0.00215804743736
0.0020412132532
2.98137516532
0.00215295096859
0.177282038106
0.0020510556642
2.64315674916
0.00257245963439
0.00479470216669
29.6932465287
0.044567757713
0.00451387853051
0.0042390616533
0.00323102630985
0.0042718333037
31.6893810671
0.00300693306296
0.0024291567194
0.00342706986703
50.0983029781
5.1461882365
0.00426516053267
0.00372991485832
13.0386293419
0.112023424823
0.00284460695305
0.0034826688158
0.00431585633972
24.0558215347
0.0166922319525
0.00309990276583
0.00212308318199
2.9172373917
0.00313482553853
0.00212641180648
0.00222699786537
0.00253160565626
0.00200765467404
0.0019378013676
0.0025427788496
55.8188250502
0.00224258715753
0.0621762919472
0.620269673838
0.00471085084913
0.00338316673879
0.00319186217773
0.00359080402025
0.00353106332477
0.00389521324542
0.00381267000921
0.00334914622363
0.00326996882601
0.00337264620854
0.00356790477721
7.88679380715
0.00283245265018
0.0356034656288
9.50765107723
0.53400644629
6.36181279159
0.00301425504343
0.795538716174
0.00288389848235
0.00387514495135
0.0027821213395
0.002915623559
0.00304460564318
0.00307232665364
0.0027593546935
0.204514985477
0.402506214838
24.3830761385
0.00215545339355
0.00424365637203
24.4501600355
0.0124925389731
0.00367117296749
0.00260589881024
0.00339491067765
0.00246100779623
0.00244810447718
0.00243001283767
0.00254132466701
0.00261977648673
57.1775241643
0.00284951180219
0.0748633563828
0.791297420898
0.00401895664011
0.00712970248424
0.00472434171631
0.00479112631486
0.00380311576494
0.00383167977755
0.00370036496315
0.00461981185557
0.00423909211531
0.00418481451925
0.0038807746411
8.26292320236
0.00251828700615
0.0241111944973
9.88017771948
0.493226583
6.4803369105
0.00262692578447
1.15913906864
0.00216418469791
